2.2 0.001084 18.1625713705 0.0645150877078
2.2 0.001626 16.8852019228 0.0601247949289
2.2 0.002168 16.1788405306 0.0572556194343
2.2 0.00271 15.7878725458 0.055393564087
2.2 0.003252 15.1667294306 0.0527417285148
2.2 0.003794 14.2882167571 0.049224498937
2.2 0.004336 13.8391415245 0.0476783831769
2.2 0.004878 13.3264078839 0.0455166694456
2.2 0.00542 12.7837270149 0.0429920566304
2.2 0.005962 12.3517527164 0.0417329012877
2.2 0.006504 11.8770758131 0.0400266939576
2.2 0.007046 11.3908575402 0.0382653905707
2.2 0.007588 10.9446280994 0.036732949268
2.2 0.00813 10.5414481342 0.0353900075295
2.2 0.008672 10.1880583836 0.0341831282393
2.2 0.009214 9.93928522491 0.0330292745713
2.2 0.009756 9.54364075398 0.0317970908755
2.2 0.010298 9.30782957191 0.0308055892412
2.2 0.01084 8.97349596832 0.0296333581662
2.2 0.011382 8.66559460281 0.0284731773529
2.2 0.011924 8.40328378506 0.0274816532459
2.2 0.012466 8.18064263873 0.0267710889177
2.2 0.013008 7.93018027747 0.0260593483865
2.2 0.01355 7.62939178586 0.025036266635
2.2 0.014092 7.47278350584 0.0242416744552
2.2 0.014634 7.20856907719 0.0234460151616
2.2 0.015176 7.00789506482 0.0228882801667
2.2 0.015718 6.78778302658 0.0220241208704
2.2 0.01626 6.56306669535 0.021192886432
2.2 0.016802 6.41445423226 0.0207560615839
2.2 0.017344 6.25172944876 0.0202126055369
2.2 0.017886 6.04468618709 0.0193831046571
2.2 0.018428 5.89694831672 0.0188242666758
2.2 0.01897 5.72733496488 0.0183414590024
2.2 0.019512 5.57774880808 0.0176973389724
2.4 0.001084 23.7966404546 0.0828813400265
2.4 0.001626 22.0425190392 0.0775893046026
2.4 0.002168 21.2016624137 0.07413067406
2.4 0.00271 20.6166986663 0.0712455506589
2.4 0.003252 19.5885052272 0.0669629563498
2.4 0.003794 18.5431396124 0.0628621218281
2.4 0.004336 17.9385422559 0.0606812136079
2.4 0.004878 17.1669087854 0.0578091898649
2.4 0.00542 16.4863651982 0.0548730768368
2.4 0.005962 15.9845256738 0.0533293877829
2.4 0.006504 15.2881374096 0.0507666015458
2.4 0.007046 14.6170106129 0.0485495600383
2.4 0.007588 14.1692557234 0.04700967107
2.4 0.00813 13.6187435895 0.0450187687201
2.4 0.008672 13.2353153821 0.0434855616984
2.4 0.009214 12.8003378752 0.0419075283345
2.4 0.009756 12.3132106763 0.0400964563965
2.4 0.010298 11.9490778409 0.0386937780924
2.4 0.01084 11.5248400203 0.0374816748863
2.4 0.011382 11.1881898379 0.0359564909516
2.4 0.011924 10.8496106398 0.0349516891526
2.4 0.012466 10.5577302818 0.0340470103036
2.4 0.013008 10.1647436334 0.0327432064661
2.4 0.01355 9.87890506613 0.0316145209277
2.4 0.014092 9.56263454813 0.0304037328116
2.4 0.014634 9.26645488032 0.0295357011546
2.4 0.015176 9.00765630849 0.0286780276571
2.4 0.015718 8.74912840822 0.0277038956945
2.4 0.01626 8.50314661699 0.0268674824285
2.4 0.016802 8.2896848001 0.0261048979661
2.4 0.017344 8.01515099919 0.0252502086776
2.4 0.017886 7.80135841938 0.0244388228497
2.4 0.018428 7.61517598138 0.0236951114769
2.4 0.01897 7.39305850225 0.0228684690397
2.4 0.019512 7.21344699531 0.0223270086745
2.6 0.001084 30.3692964272 0.104451782544
2.6 0.001626 28.0542066668 0.0974488234986
2.6 0.002168 26.9954506442 0.0933636252854
2.6 0.00271 26.1178146065 0.0891505118527
2.6 0.003252 24.6280027464 0.0830293719523
2.6 0.003794 23.5387063477 0.0788813238585
2.6 0.004336 22.6677481146 0.07576030541
2.6 0.004878 21.5815117538 0.0716403331518
2.6 0.00542 20.750384864 0.0683126157197
2.6 0.005962 20.0009926938 0.0656607619943
2.6 0.006504 19.0446556156 0.0623124678195
2.6 0.007046 18.2531335631 0.059794704234
2.6 0.007588 17.8647105171 0.0585391973665
2.6 0.00813 17.0007355062 0.0553268668051
2.6 0.008672 16.6774522683 0.0537927296892
2.6 0.009214 15.9799814026 0.0514359954641
2.6 0.009756 15.5477744064 0.0493404294717
2.6 0.010298 14.9594187706 0.0477426073354
2.6 0.01084 14.5437947824 0.0460240028133
2.6 0.011382 14.1101480375 0.0444755606725
2.6 0.011924 13.6642645874 0.0431798293726
2.6 0.012466 13.2051487223 0.0416962393332
2.6 0.013008 12.726915792 0.0400474146722
2.6 0.01355 12.3225651405 0.0385681423681
2.6 0.014092 11.9540232139 0.0373278652603
2.6 0.014634 11.614707073 0.0364958508446
2.6 0.015176 11.3136104902 0.0350844650569
2.6 0.015718 11.0582403004 0.0342136514909
2.6 0.01626 10.7009477236 0.0330988407157
2.6 0.016802 10.3319444194 0.0318722192549
2.6 0.017344 10.0960554447 0.0309297339256
2.6 0.017886 9.82078006094 0.0298150527834
2.6 0.018428 9.54751964621 0.0290027900161
2.6 0.01897 9.30077636963 0.0281742516435
2.6 0.019512 9.00803945444 0.0271795724266
2.8 0.001084 37.8280858419 0.129646647777
2.8 0.001626 34.9581697174 0.120713420909
2.8 0.002168 33.587461332 0.115329651144
2.8 0.00271 32.3092765699 0.1093704377
2.8 0.003252 30.2219367818 0.101209330175
2.8 0.003794 29.167253108 0.0972530296409
2.8 0.004336 27.8476773866 0.092427156583
2.8 0.004878 26.4648875113 0.0871301034186
2.8 0.00542 25.5062973248 0.0835150725636
2.8 0.005962 24.4113699151 0.079616573379
2.8 0.006504 23.2063888072 0.0754734508868
2.8 0.007046 22.5020021595 0.0732468837147
2.8 0.007588 21.8772595214 0.0710504219293
2.8 0.00813 20.9718441463 0.0674405184852
2.8 0.008672 20.4100341873 0.0651682179951
2.8 0.009214 19.5984570638 0.0623942950321
2.8 0.009756 19.0387747765 0.0597413768132
2.8 0.010298 18.214146137 0.0577271304243
2.8 0.01084 17.8656738085 0.055485652109
2.8 0.011382 17.2046049472 0.053796779897
2.8 0.011924 16.699689723 0.0517881585991
2.8 0.012466 16.0870534912 0.0498594525856
2.8 0.013008 15.5957198887 0.0481671739402
2.8 0.01355 15.1596292805 0.0463679988002
2.8 0.014092 14.7175483905 0.0452007374264
2.8 0.014634 14.2890821118 0.0435225015897
2.8 0.015176 13.9224525831 0.0424166796515
2.8 0.015718 13.4920066226 0.040852329583
2.8 0.01626 13.0573165636 0.0393715881623
2.8 0.016802 12.7374416819 0.0383654044245
2.8 0.017344 12.4259073953 0.0372686486031
2.8 0.017886 12.0756062949 0.03597325186
2.8 0.018428 11.7675315564 0.0348932175148
2.8 0.01897 11.4231912687 0.0338336178624
2.8 0.019512 11.0713274272 0.032762517712
3.0 0.001084 46.0927810466 0.158569386812
3.0 0.001626 42.620821417 0.147382009475
3.0 0.002168 40.8634745375 0.141130214702
3.0 0.00271 39.136210596 0.132707023701
3.0 0.003252 36.3376125649 0.121655584477
3.0 0.003794 35.4167418756 0.118162960793
3.0 0.004336 33.4423545798 0.111247858108
3.0 0.004878 31.874525156 0.104998579154
3.0 0.00542 30.7663969564 0.10098188952
3.0 0.005962 29.2329926746 0.0951725700435
3.0 0.006504 27.8429999604 0.0899479938661
3.0 0.007046 27.3197163401 0.0885487930686
3.0 0.007588 26.1658203333 0.0843370209734
3.0 0.00813 25.2877985591 0.080738288164
3.0 0.008672 24.3890843785 0.0777088646551
3.0 0.009214 23.6215170622 0.0743211798801
3.0 0.009756 22.6884037408 0.0713932386062
3.0 0.010298 21.9946052012 0.0689324242164
3.0 0.01084 21.3657789648 0.0664315368301
3.0 0.011382 20.5990854042 0.0637349370116
3.0 0.011924 19.9486331166 0.0612917160246
3.0 0.012466 19.3507686765 0.0594029981042
3.0 0.013008 18.797662331 0.0573307996822
3.0 0.01355 18.2558833983 0.0552118794504
3.0 0.014092 17.6829259544 0.0534045107943
3.0 0.014634 17.1784734886 0.0517411673371
3.0 0.015176 16.7202513986 0.050372119389
3.0 0.015718 16.1665892564 0.0482995066502
3.0 0.01626 15.705971856 0.0468776535535
3.0 0.016802 15.3404553697 0.0456254723266
3.0 0.017344 14.9262211424 0.0441941281082
3.0 0.017886 14.6119247271 0.0429059769345
3.0 0.018428 14.2287158529 0.0415564284455
3.0 0.01897 13.7782094979 0.0402418723763
3.0 0.019512 13.5169534516 0.0391040017014
3.2 0.001084 55.5279279252 0.193793275775
3.2 0.001626 51.3386325647 0.179209464642
3.2 0.002168 49.0043165859 0.171966384504
3.2 0.00271 46.7108281497 0.159289500701
3.2 0.003252 43.1107440783 0.145321226651
3.2 0.003794 42.4719808472 0.142573058544
3.2 0.004336 39.6541046571 0.133212386954
3.2 0.004878 38.0178176152 0.126380201736
3.2 0.00542 36.6280506859 0.121036746867
3.2 0.005962 34.6044171062 0.113236729615
3.2 0.006504 32.9645332868 0.106576806884
3.2 0.007046 32.7078108546 0.106495401819
3.2 0.007588 30.8072876845 0.099428181089
3.2 0.00813 30.1100773075 0.0963351593628
3.2 0.008672 28.7318133379 0.0915901543153
3.2 0.009214 28.1323502311 0.0884150733729
3.2 0.009756 26.6950484464 0.0843807479147
3.2 0.010298 26.2360431694 0.081697580919
3.2 0.01084 25.2340794641 0.0783789526258
3.2 0.011382 24.3326598947 0.0747887588322
3.2 0.011924 23.7421169707 0.0727251959303
3.2 0.012466 22.9896296067 0.0706475545743
3.2 0.013008 22.4193169515 0.0675474174905
3.2 0.01355 21.6876628733 0.0655353795633
3.2 0.014092 20.9272729612 0.0627928228572
3.2 0.014634 20.4741171675 0.0615866351338
3.2 0.015176 19.8332231196 0.0591133176143
3.2 0.015718 19.2170847023 0.0575087337479
3.2 0.01626 18.730950792 0.0554452755002
3.2 0.016802 18.2466772605 0.0537435752441
3.2 0.017344 17.9437516708 0.0524648342044
3.2 0.017886 17.4570948089 0.0507099155396
3.2 0.018428 16.8899127479 0.0490230723759
3.2 0.01897 16.5557906522 0.0475247754067
3.2 0.019512 16.1463519018 0.0464584776423
3.4 0.001084 66.8852007742 0.23613733803
3.4 0.001626 61.8020416859 0.218903933266
3.4 0.002168 58.5847842624 0.20816191356
3.4 0.00271 55.5544734669 0.191419321326
3.4 0.003252 51.667057886 0.176068619514
3.4 0.003794 50.4894154332 0.171218718121
3.4 0.004336 47.2285308464 0.160124497133
3.4 0.004878 45.3153163738 0.152172274023
3.4 0.00542 43.3254293457 0.144157735468
3.4 0.005962 40.9689552282 0.135198706603
3.4 0.006504 39.3252638359 0.128412353028
3.4 0.007046 38.4720017345 0.125805255477
3.4 0.007588 36.6257745081 0.11876128934
3.4 0.00813 35.5383740569 0.114162241724
3.4 0.008672 34.1580484778 0.108896601263
3.4 0.009214 33.1461368379 0.104882887558
3.4 0.009756 31.8081739305 0.0999667509346
3.4 0.010298 30.9371069933 0.0965847565348
3.4 0.01084 29.7455528642 0.0923541233177
3.4 0.011382 28.8034186294 0.0887328179234
3.4 0.011924 28.0794628422 0.0864199837599
3.4 0.012466 27.2693349922 0.0831365675399
3.4 0.013008 26.5071998843 0.0801150788188
3.4 0.01355 25.5988060716 0.0772263965379
3.4 0.014092 24.8514430963 0.0746850261463
3.4 0.014634 24.1637268944 0.0723475518039
3.4 0.015176 23.4442172907 0.069996248779
3.4 0.015718 22.8530891814 0.0678997114472
3.4 0.01626 22.2783915972 0.0655754945605
3.4 0.016802 21.8453815235 0.063650380557
3.4 0.017344 21.3129543319 0.0616373487661
3.4 0.017886 20.6147161945 0.0594588655322
3.4 0.018428 20.1249405169 0.0578225101173
3.4 0.01897 19.5942481895 0.0560817020484
3.4 0.019512 19.1043484714 0.0545473046114
3.6 0.001084 80.5736277234 0.288167317934
3.6 0.001626 74.3762604555 0.267437586034
3.6 0.002168 70.0649302386 0.25154566262
3.6 0.00271 66.0764084905 0.230246397342
3.6 0.003252 61.960188893 0.213688370659
3.6 0.003794 59.8937071517 0.206040898531
3.6 0.004336 56.2602564472 0.192977867841
3.6 0.004878 53.9135866437 0.182839474227
3.6 0.00542 51.1750834767 0.172017765937
3.6 0.005962 48.3932518474 0.161476334589
3.6 0.006504 46.8639772017 0.155364449221
3.6 0.007046 45.1903316879 0.149096156627
3.6 0.007588 43.4279052648 0.141675953685
3.6 0.00813 41.8367788611 0.135468669155
3.6 0.008672 40.6278995079 0.130761122433
3.6 0.009214 39.0410498665 0.124242283625
3.6 0.009756 37.7215833645 0.119249676079
3.6 0.010298 36.47863837 0.114851059934
3.6 0.01084 34.9037777172 0.108833086387
3.6 0.011382 34.2019646437 0.105943531697
3.6 0.011924 33.0991377109 0.102371529464
3.6 0.012466 32.3610745648 0.0981633300682
3.6 0.013008 31.3446564481 0.0957170392064
3.6 0.01355 30.2304037917 0.0906984583782
3.6 0.014092 29.4257250787 0.0886625922973
3.6 0.014634 28.5281527375 0.085286471655
3.6 0.015176 27.8562522076 0.0828956268779
3.6 0.015718 27.1901673684 0.0803160326086
3.6 0.01626 26.4867011101 0.0773842452351
3.6 0.016802 25.9227345048 0.0750078854582
3.6 0.017344 25.1134308391 0.0724565310963
3.6 0.017886 24.4349358164 0.0702947931388
3.6 0.018428 23.8302422742 0.0683296240978
3.6 0.01897 23.1857138133 0.0660165113145
3.6 0.019512 22.6396154859 0.0642602380347
3.8 0.001084 96.5194322963 0.352473507847
3.8 0.001626 88.9235744782 0.326925715867
3.8 0.002168 83.3175312574 0.304286604474
3.8 0.00271 78.425464362 0.278168585673
3.8 0.003252 74.1921053982 0.26001259283
3.8 0.003794 71.1160206528 0.248502262763
3.8 0.004336 67.2252565773 0.233458211251
3.8 0.004878 64.197037531 0.220350545485
3.8 0.00542 60.6562203276 0.206727882482
3.8 0.005962 57.3971261574 0.194109394126
3.8 0.006504 55.9270603525 0.188443509362
3.8 0.007046 53.2190222535 0.177196811501
3.8 0.007588 51.6853737097 0.169770984961
3.8 0.00813 49.5079540599 0.162133451793
3.8 0.008672 48.4664179255 0.157760040707
3.8 0.009214 46.2793091738 0.148010387612
3.8 0.009756 44.7436963974 0.142868085623
3.8 0.010298 43.1621647491 0.13697708792
3.8 0.01084 41.4273808328 0.129902702769
3.8 0.011382 40.5921851329 0.126329093966
3.8 0.011924 39.3562769642 0.121783450865
3.8 0.012466 38.3846421836 0.11772305892
3.8 0.013008 37.1653176721 0.11304672561
3.8 0.01355 35.9673674934 0.108604110037
3.8 0.014092 34.8699084554 0.10479289651
3.8 0.014634 34.0031036542 0.101565151389
3.8 0.015176 33.2109688125 0.0985508286322
3.8 0.015718 32.2737045179 0.0948693992772
3.8 0.01626 31.4308863235 0.0913949532122
3.8 0.016802 30.644816311 0.0891680755982
3.8 0.017344 29.7181406966 0.085580903137
3.8 0.017886 29.1546372155 0.0841678376704
3.8 0.018428 28.0772817524 0.0800885195101
3.8 0.01897 27.6141573241 0.078596801019
3.8 0.019512 26.8432958816 0.0756630871456
4.0 0.001084 116.811195888 0.432038459111
4.0 0.001626 107.481390607 0.400618967459
4.0 0.002168 100.263358756 0.369715734809
4.0 0.00271 94.1830465693 0.338357678591
4.0 0.003252 89.4707320295 0.317793340222
4.0 0.003794 85.0533727814 0.301147305999
4.0 0.004336 80.791252268 0.284023644146
4.0 0.004878 76.7623190533 0.266792339063
4.0 0.00542 72.3654653061 0.250216148802
4.0 0.005962 68.5538979414 0.234516921232
4.0 0.006504 67.0587435902 0.229115160353
4.0 0.007046 63.2580156944 0.212456081364
4.0 0.007588 61.653955098 0.20475920604
4.0 0.00813 59.2990649307 0.1966071924
4.0 0.008672 57.6597861356 0.189170883135
4.0 0.009214 55.2883110173 0.178976198778
4.0 0.009756 53.3715335596 0.171960523409
4.0 0.010298 51.1975933387 0.163638743999
4.0 0.01084 49.7408788614 0.156511075263
4.0 0.011382 48.2246297385 0.151137453053
4.0 0.011924 47.0178235254 0.146410557743
4.0 0.012466 45.7629114241 0.141270821225
4.0 0.013008 44.3108562906 0.134930006258
4.0 0.01355 42.7937384756 0.130152184117
4.0 0.014092 41.6202062094 0.125431863707
4.0 0.014634 40.6030104431 0.121707489502
4.0 0.015176 39.5415448025 0.117245366825
4.0 0.015718 38.4337898611 0.112740032464
4.0 0.01626 37.4671870216 0.109589843877
4.0 0.016802 36.5001409827 0.10629170334
4.0 0.017344 35.6306265773 0.103119798053
4.0 0.017886 34.3992897577 0.0989462495551
4.0 0.018428 33.626564812 0.0965967884935
4.0 0.01897 32.8577227859 0.0930427538452
4.0 0.019512 31.8158503513 0.0893539906347
4.2 0.001084 140.228322849 0.531147587789
4.2 0.001626 128.867267537 0.491798096879
4.2 0.002168 119.964062561 0.451274362277
4.2 0.00271 112.603884865 0.413049819351
4.2 0.003252 107.478903268 0.389683381324
4.2 0.003794 101.655928076 0.366398070435
4.2 0.004336 97.0423103087 0.346803420806
4.2 0.004878 91.7344150256 0.323813609547
4.2 0.00542 86.4030254007 0.303802517234
4.2 0.005962 82.3760521616 0.286197603498
4.2 0.006504 79.7243730103 0.275742699224
4.2 0.007046 75.850400633 0.257771985284
4.2 0.007588 73.5257323112 0.248153259359
4.2 0.00813 71.2091258394 0.239272548658
4.2 0.008672 68.8971115299 0.228033017038
4.2 0.009214 65.96698654 0.21603605095
4.2 0.009756 63.9958510716 0.208191438439
4.2 0.010298 60.7935560099 0.196672415343
4.2 0.01084 59.7257754938 0.188873907953
4.2 0.011382 57.5599018904 0.182536720588
4.2 0.011924 56.259112637 0.176965756607
4.2 0.012466 54.7088952199 0.169436406466
4.2 0.013008 52.8910066206 0.162777779383
4.2 0.01355 51.2182063748 0.156701216108
4.2 0.014092 49.8843007085 0.151534187382
4.2 0.014634 48.5261886191 0.146095491099
4.2 0.015176 47.2241204145 0.140224861229
4.2 0.015718 45.8493309583 0.13485059104
4.2 0.01626 44.8228541101 0.132339190885
4.2 0.016802 43.6646048642 0.127454936738
4.2 0.017344 42.4722950664 0.123333495422
4.2 0.017886 41.1400036531 0.119003323175
4.2 0.018428 40.2926030375 0.115289059735
4.2 0.01897 39.1512334 0.11060018029
4.2 0.019512 38.3925506459 0.107150066491
4.4 0.001084 168.942067462 0.654435359353
4.4 0.001626 155.089044026 0.604251712456
4.4 0.002168 144.289994678 0.552404030175
4.4 0.00271 135.321334133 0.505754749919
4.4 0.003252 129.552773812 0.478718444096
4.4 0.003794 121.834296308 0.44676107458
4.4 0.004336 116.985222625 0.425430290056
4.4 0.004878 109.91672285 0.394848423521
4.4 0.00542 103.565790531 0.369805579148
4.4 0.005962 99.3494358936 0.351252431039
4.4 0.006504 95.1861308843 0.333278999837
4.4 0.007046 91.3426009006 0.314593162251
4.4 0.007588 88.2353327022 0.302180030204
4.4 0.00813 85.9154691655 0.291277953998
4.4 0.008672 82.8321475615 0.276833471692
4.4 0.009214 79.2005939653 0.261885021602
4.4 0.009756 76.773173902 0.252834142766
4.4 0.010298 73.4094205307 0.238680519164
4.4 0.01084 71.5039868466 0.229618073876
4.4 0.011382 69.30858146 0.222537986692
4.4 0.011924 67.6129433008 0.213900329497
4.4 0.012466 65.8061275115 0.205252389635
4.4 0.013008 63.2932058771 0.197455548894
4.4 0.01355 61.6378702831 0.189380193117
4.4 0.014092 59.9935542331 0.183346113037
4.4 0.014634 58.3127200257 0.176039563096
4.4 0.015176 56.6870114256 0.168971575979
4.4 0.015718 55.2036892889 0.164411023781
4.4 0.01626 53.8245416341 0.1590740106
4.4 0.016802 52.4911748168 0.153897853951
4.4 0.017344 50.7650787957 0.14781747239
4.4 0.017886 49.5855638355 0.143621231284
4.4 0.018428 48.4170719451 0.137788560034
4.4 0.01897 47.1272146953 0.133108736909
4.4 0.019512 46.1751069877 0.129131748084
4.6 0.001084 202.374000622 0.805537534994
4.6 0.001626 185.657318602 0.741038461206
4.6 0.002168 172.832264919 0.676678648017
4.6 0.00271 162.223093438 0.619157586002
4.6 0.003252 155.832255415 0.588097408596
4.6 0.003794 145.802298312 0.545144171575
4.6 0.004336 140.537744776 0.520064013805
4.6 0.004878 131.570594505 0.481791926733
4.6 0.00542 124.302663418 0.451076120761
4.6 0.005962 119.665219984 0.430969132731
4.6 0.006504 113.822863596 0.403964916298
4.6 0.007046 110.155684459 0.38446849509
4.6 0.007588 106.139828275 0.368313213811
4.6 0.00813 103.565317984 0.354342109453
4.6 0.008672 99.4583724524 0.336242557754
4.6 0.009214 95.6301335767 0.320515336546
4.6 0.009756 91.8201250213 0.306009818947
4.6 0.010298 88.6959634365 0.290311764625
4.6 0.01084 85.8744655445 0.280904826873
4.6 0.011382 83.2986216139 0.270798986517
4.6 0.011924 81.3230082145 0.259481958648
4.6 0.012466 78.9567151189 0.249653780981
4.6 0.013008 76.1970582035 0.239346487023
4.6 0.01355 74.2537762338 0.230157685548
4.6 0.014092 72.205415825 0.221927261791
4.6 0.014634 70.300988565 0.212144881227
4.6 0.015176 68.2507421917 0.205530482355
4.6 0.015718 66.5897875274 0.199669763308
4.6 0.01626 64.8673587227 0.19203849688
4.6 0.016802 63.0891852882 0.185639041566
4.6 0.017344 61.2622083929 0.178857612
4.6 0.017886 59.7624912076 0.172208510952
4.6 0.018428 58.1782786699 0.166537193567
4.6 0.01897 56.8670577987 0.160073311528
4.6 0.019512 55.5114153956 0.155997607724
