2.2 0.184924702397 15545.2889617 1.34538208315
2.4 0.231425921518 15861.7447145 1.33850208829
2.6 0.285929695332 15632.260207 1.33461692534
2.8 0.349252333224 15044.8332521 1.33177417208
3.0 0.422242531447 13917.8409595 1.3237467653
3.2 0.505780851386 12792.8559497 1.31559144399
3.4 0.600779232412 11717.6859448 1.30623178491
3.6 0.708180535481 10688.2901403 1.29694989144
3.8 0.828958114192 9781.2202844 1.28513979052
4.0 0.9641154105 9131.34467218 1.2731494872
4.2 1.1146855727 8701.63981959 1.26441416444
4.4 1.28173109358 8373.25617932 1.25438253016
4.6 1.46634346696 7910.44733908 1.2492071588
