2.2 0.001084 17.8157379658 0.0622909363967
2.2 0.001626 16.5619452463 0.0577351655363
2.2 0.002168 15.8529618295 0.0548259223622
2.2 0.00271 15.4598790117 0.0531765699326
2.2 0.003252 14.8365600643 0.0507305487788
2.2 0.003794 13.963029642 0.0473167837317
2.2 0.004336 13.467181401 0.0457996915738
2.2 0.004878 12.9699468338 0.0441819274637
2.2 0.00542 12.3857038196 0.0413338492651
2.2 0.005962 11.9038368346 0.0398808758714
2.2 0.006504 11.4628004846 0.038391510013
2.2 0.007046 10.9575657874 0.0365352542832
2.2 0.007588 10.4597469118 0.0347231360105
2.2 0.00813 10.0354726394 0.0334123624812
2.2 0.008672 9.66510097243 0.0324832077918
2.2 0.009214 9.36282089822 0.0311795692177
2.2 0.009756 8.93742252144 0.0294872751807
2.2 0.010298 8.76018861216 0.0289613865076
2.2 0.01084 8.38907812234 0.0277836774533
2.2 0.011382 8.09330875992 0.0267587950016
2.2 0.011924 7.80737591729 0.0256967579179
2.2 0.012466 7.56736442998 0.0248800979174
2.2 0.013008 7.33882000102 0.0242224942645
2.2 0.01355 7.03197444346 0.0232244824094
2.2 0.014092 6.85321905211 0.02243847632
2.2 0.014634 6.57595198715 0.0215239690738
2.2 0.015176 6.38372589112 0.0209809135317
2.2 0.015718 6.18684726161 0.020217503556
2.2 0.01626 5.98271648076 0.0194132285955
2.2 0.016802 5.83291927363 0.0189394545573
2.2 0.017344 5.6537837653 0.0183594120704
2.2 0.017886 5.43376793327 0.0175666825014
2.2 0.018428 5.28035057579 0.017098720014
2.2 0.01897 5.09360433392 0.0165501711752
2.2 0.019512 4.92342354252 0.0159251790438
2.4 0.001084 23.5353550213 0.0811308710259
2.4 0.001626 21.822158792 0.0754638505755
2.4 0.002168 20.9357589636 0.0718516274634
2.4 0.00271 20.3522093058 0.0693284985349
2.4 0.003252 19.35892377 0.0654153707358
2.4 0.003794 18.2970030992 0.0614230283282
2.4 0.004336 17.6539194436 0.0591723049137
2.4 0.004878 16.9268321353 0.0562638693736
2.4 0.00542 16.1841108804 0.0532242694964
2.4 0.005962 15.5893516751 0.0517407446413
2.4 0.006504 14.9090086094 0.0491955093804
2.4 0.007046 14.2243560908 0.0468388777651
2.4 0.007588 13.644687435 0.0448956457476
2.4 0.00813 13.098475504 0.0432140219729
2.4 0.008672 12.6958327243 0.0416864340747
2.4 0.009214 12.2602433766 0.0400827401477
2.4 0.009756 11.8171611025 0.0385678738409
2.4 0.010298 11.4431716248 0.0371762767073
2.4 0.01084 10.9612670726 0.0355502728025
2.4 0.011382 10.5904413325 0.0342415093697
2.4 0.011924 10.2442417375 0.032989557811
2.4 0.012466 9.96414932761 0.0322161620763
2.4 0.013008 9.51412630537 0.0308046578214
2.4 0.01355 9.26522115841 0.0297524566533
2.4 0.014092 8.94299985841 0.0286616275547
2.4 0.014634 8.6395422903 0.0277754945112
2.4 0.015176 8.36251878733 0.0268212040308
2.4 0.015718 8.07339000184 0.0257229302665
2.4 0.01626 7.83211283516 0.0249368840298
2.4 0.016802 7.64943917616 0.0244257197592
2.4 0.017344 7.33914284374 0.0232378022162
2.4 0.017886 7.13160563207 0.0224776026394
2.4 0.018428 6.90772744519 0.0218316722924
2.4 0.01897 6.6950777917 0.0210296343432
2.4 0.019512 6.4986697934 0.0203199416223
2.6 0.001084 30.3081565146 0.102207218829
2.6 0.001626 28.0371949787 0.0955624393545
2.6 0.002168 27.0066841574 0.0912407349327
2.6 0.00271 26.141861057 0.0875123372886
2.6 0.003252 24.6195770624 0.0816863779577
2.6 0.003794 23.399548694 0.0772180246882
2.6 0.004336 22.4978319906 0.0741967046707
2.6 0.004878 21.4664985783 0.0704418057102
2.6 0.00542 20.5856853457 0.0670972250333
2.6 0.005962 19.8118174697 0.0647342731313
2.6 0.006504 18.8693652935 0.061465896212
2.6 0.007046 17.9985478341 0.058524540373
2.6 0.007588 17.4436396451 0.0567719359399
2.6 0.00813 16.6436058242 0.0539036468222
2.6 0.008672 16.3088567371 0.05248565124
2.6 0.009214 15.5496801454 0.050014475357
2.6 0.009756 15.0586416503 0.047926949397
2.6 0.010298 14.4659082492 0.0462899492815
2.6 0.01084 13.981197354 0.0445160137871
2.6 0.011382 13.5239475898 0.0428628119896
2.6 0.011924 13.0860144558 0.0415199316337
2.6 0.012466 12.6279763207 0.0400651437692
2.6 0.013008 12.1821006986 0.0384833455506
2.6 0.01355 11.800195738 0.037031779109
2.6 0.014092 11.3763319577 0.0356354682899
2.6 0.014634 11.0155503682 0.034658132147
2.6 0.015176 10.6875346869 0.0333382738428
2.6 0.015718 10.3387847453 0.032204647351
2.6 0.01626 10.0849652008 0.0313105572995
2.6 0.016802 9.70523697972 0.0302024334847
2.6 0.017344 9.39901804283 0.0291194790907
2.6 0.017886 9.14386622702 0.0281388371971
2.6 0.018428 8.85972853373 0.0271462467384
2.6 0.01897 8.60784191714 0.026317451712
2.6 0.019512 8.31962916849 0.0254202684288
2.8 0.001084 37.9006234449 0.12660024496
2.8 0.001626 35.0210646997 0.118390203953
2.8 0.002168 33.7679043909 0.113482954229
2.8 0.00271 32.5082891988 0.107868266922
2.8 0.003252 30.424700047 0.099856889053
2.8 0.003794 29.2319437399 0.0955915187535
2.8 0.004336 27.9240462349 0.0911885323274
2.8 0.004878 26.5519170603 0.0860769729179
2.8 0.00542 25.5072254897 0.0823463072784
2.8 0.005962 24.4061652755 0.0786782938393
2.8 0.006504 23.1791865122 0.074525597585
2.8 0.007046 22.3039076047 0.0717455000677
2.8 0.007588 21.5721391156 0.0693468370324
2.8 0.00813 20.7062707375 0.0661064070916
2.8 0.008672 20.1299795766 0.0638928095231
2.8 0.009214 19.2703572328 0.0608466340801
2.8 0.009756 18.7072027558 0.0584483538998
2.8 0.010298 17.8890452049 0.0563371590125
2.8 0.01084 17.4590724333 0.054188358158
2.8 0.011382 16.7994893923 0.0523810821775
2.8 0.011924 16.2837391597 0.0507914288389
2.8 0.012466 15.625020626 0.0485714619714
2.8 0.013008 15.0980955092 0.0467506018934
2.8 0.01355 14.5920890927 0.0449277098917
2.8 0.014092 14.1135172131 0.0437107349973
2.8 0.014634 13.7105360612 0.0420710452315
2.8 0.015176 13.3576848349 0.040771627516
2.8 0.015718 12.9404344449 0.0395700735256
2.8 0.01626 12.4792136469 0.0380686773993
2.8 0.016802 12.1027802616 0.036726923947
2.8 0.017344 11.7641452209 0.0354191291217
2.8 0.017886 11.4130901118 0.0342914953476
2.8 0.018428 11.08468656 0.0332748804781
2.8 0.01897 10.721888596 0.0320542599368
2.8 0.019512 10.3654925982 0.031004117865
3.0 0.001084 46.3813369763 0.155139563164
3.0 0.001626 42.8750735385 0.144669109612
3.0 0.002168 41.2751986615 0.138305087819
3.0 0.00271 39.5172024399 0.130521629273
3.0 0.003252 36.7673043555 0.120276008335
3.0 0.003794 35.7226328664 0.11649858276
3.0 0.004336 33.7909939338 0.109773728757
3.0 0.004878 32.1165895204 0.103469355277
3.0 0.00542 30.9491259624 0.0994544348359
3.0 0.005962 29.3620558019 0.0941024539703
3.0 0.006504 27.8914232996 0.0891747943922
3.0 0.007046 27.1930682277 0.0871864222603
3.0 0.007588 26.0347148737 0.0830352427768
3.0 0.00813 25.2099026742 0.0796214136052
3.0 0.008672 24.2526620426 0.0763858156696
3.0 0.009214 23.4326530554 0.0729661528816
3.0 0.009756 22.4822905773 0.070109695176
3.0 0.010298 21.7463809656 0.0673944242167
3.0 0.01084 21.0777774229 0.0649635142542
3.0 0.011382 20.3395818161 0.0626831724763
3.0 0.011924 19.6423227751 0.0601909742443
3.0 0.012466 18.954097793 0.0578978153465
3.0 0.013008 18.369792822 0.0557626525157
3.0 0.01355 17.7964390428 0.0538268797259
3.0 0.014092 17.2347326803 0.0520522022917
3.0 0.014634 16.7353168522 0.0502698655483
3.0 0.015176 16.2553153988 0.0488320157811
3.0 0.015718 15.6955207333 0.046909501646
3.0 0.01626 15.2042890079 0.045287756566
3.0 0.016802 14.8244052698 0.0440518756982
3.0 0.017344 14.3822036192 0.042528679953
3.0 0.017886 13.9616740886 0.041095895251
3.0 0.018428 13.5699216426 0.0398187179151
3.0 0.01897 13.0518263075 0.0383400819881
3.0 0.019512 12.7896164167 0.0374685205653
3.2 0.001084 55.7939677054 0.188208649841
3.2 0.001626 51.6093312868 0.175021818368
3.2 0.002168 49.56385723 0.167611813451
3.2 0.00271 47.2826092036 0.156920615079
3.2 0.003252 43.6943121211 0.14343319783
3.2 0.003794 42.8742385032 0.140614613345
3.2 0.004336 40.0830438536 0.131055483376
3.2 0.004878 38.2715028251 0.123605498727
3.2 0.00542 36.8988811187 0.119342706734
3.2 0.005962 34.7844312568 0.111463562685
3.2 0.006504 33.1073543173 0.105262498833
3.2 0.007046 32.7334063464 0.105009200174
3.2 0.007588 30.843570343 0.097874241658
3.2 0.00813 30.1400172932 0.0947345467281
3.2 0.008672 28.7538463231 0.0904936438083
3.2 0.009214 28.0430735067 0.086425267989
3.2 0.009756 26.5766822661 0.083108623421
3.2 0.010298 26.1002976287 0.0801359018229
3.2 0.01084 25.0246143681 0.0769180218506
3.2 0.011382 24.1927617754 0.0736173509232
3.2 0.011924 23.4085223127 0.0709204044811
3.2 0.012466 22.6814885968 0.0689885104624
3.2 0.013008 22.0261044066 0.0657259888356
3.2 0.01355 21.2795494653 0.0637152704001
3.2 0.014092 20.5645425285 0.0610821483121
3.2 0.014634 20.0495751885 0.0600614860162
3.2 0.015176 19.3795129293 0.0573627045564
3.2 0.015718 18.6969490182 0.0552387885421
3.2 0.01626 18.2747712181 0.0539005755648
3.2 0.016802 17.7097966738 0.0521107437491
3.2 0.017344 17.292962062 0.0504617642813
3.2 0.017886 16.8588955004 0.0488024959515
3.2 0.018428 16.2030920888 0.0471167299025
3.2 0.01897 15.8796947224 0.0456074665911
3.2 0.019512 15.5568076376 0.0449132190873
3.4 0.001084 66.9333374125 0.228325129068
3.4 0.001626 61.9587089913 0.211492805678
3.4 0.002168 59.1166977618 0.202199490411
3.4 0.00271 56.0345577438 0.186804417849
3.4 0.003252 52.0768785769 0.171954327107
3.4 0.003794 50.8652919565 0.167572462975
3.4 0.004336 47.5088580983 0.15626633829
3.4 0.004878 45.4911248584 0.148311806171
3.4 0.00542 43.5143489564 0.1414150466
3.4 0.005962 41.0790268252 0.132035832186
3.4 0.006504 39.3870291112 0.125727896538
3.4 0.007046 38.5034386614 0.123432934394
3.4 0.007588 36.5858164783 0.116035178975
3.4 0.00813 35.5118511171 0.111842528124
3.4 0.008672 34.1045046281 0.106643648762
3.4 0.009214 33.0034444279 0.102498124224
3.4 0.009756 31.6179018658 0.0982056403489
3.4 0.010298 30.7497218388 0.0945030719281
3.4 0.01084 29.5502062948 0.0902586312606
3.4 0.011382 28.602283049 0.0865992053808
3.4 0.011924 27.7836718225 0.0841194978329
3.4 0.012466 26.9807641206 0.0811128295943
3.4 0.013008 26.1432695918 0.0778391962322
3.4 0.01355 25.1931220384 0.0748732551926
3.4 0.014092 24.4492220993 0.0726264675095
3.4 0.014634 23.752608208 0.07035750215
3.4 0.015176 22.9410993843 0.0677636636756
3.4 0.015718 22.2694216608 0.0654916312154
3.4 0.01626 21.6802093098 0.0634191852352
3.4 0.016802 21.2089408109 0.0616810004548
3.4 0.017344 20.6816956257 0.0596423434013
3.4 0.017886 19.9897719882 0.0575435298571
3.4 0.018428 19.4712798642 0.0555840642769
3.4 0.01897 19.0438423883 0.0543767536031
3.4 0.019512 18.4937765588 0.0525179221403
3.6 0.001084 80.1510949946 0.276104044946
3.6 0.001626 74.1500471748 0.256254137413
3.6 0.002168 70.3201179479 0.242931812829
3.6 0.00271 66.3084777456 0.22300055628
3.6 0.003252 62.0739728285 0.20690810093
3.6 0.003794 60.0806165215 0.199847184429
3.6 0.004336 56.3099588649 0.187051851344
3.6 0.004878 53.8942049845 0.177555229239
3.6 0.00542 51.197194273 0.167524070844
3.6 0.005962 48.3543984921 0.156463004365
3.6 0.006504 46.7711072356 0.150580453827
3.6 0.007046 45.1119561995 0.145014104397
3.6 0.007588 43.3857270395 0.138109891781
3.6 0.00813 41.6975758369 0.131671860735
3.6 0.008672 40.4517460068 0.126673071963
3.6 0.009214 38.7222013667 0.120566075194
3.6 0.009756 37.4759612927 0.115827481783
3.6 0.010298 36.1255535349 0.11123162272
3.6 0.01084 34.7011117395 0.105794875954
3.6 0.011382 33.8341306203 0.10274732887
3.6 0.011924 32.7623724253 0.0997099657729
3.6 0.012466 31.9519070444 0.0950430736043
3.6 0.013008 30.7849394514 0.0920549393766
3.6 0.01355 29.6934847332 0.088052318677
3.6 0.014092 28.9506258605 0.0859345040016
3.6 0.014634 28.0087469443 0.0824436593357
3.6 0.015176 27.1387991117 0.0800298353164
3.6 0.015718 26.4484050783 0.0772403440897
3.6 0.01626 25.8149214278 0.0749114042227
3.6 0.016802 25.2939952151 0.072648752478
3.6 0.017344 24.4515234083 0.0699237213785
3.6 0.017886 23.6871631086 0.0674756769844
3.6 0.018428 23.1479235441 0.0656596808299
3.6 0.01897 22.5182906616 0.0638027692293
3.6 0.019512 21.8751825907 0.0615554983576
3.8 0.001084 95.3495096696 0.334759218866
3.8 0.001626 88.153493487 0.311025911511
3.8 0.002168 83.128077336 0.292034136892
3.8 0.00271 78.1894137557 0.26720703324
3.8 0.003252 73.8176681499 0.249984346846
3.8 0.003794 70.8183598039 0.239248543567
3.8 0.004336 66.741941145 0.224331655201
3.8 0.004878 63.76254808 0.212149724648
3.8 0.00542 60.2561388628 0.199140326576
3.8 0.005962 56.9550151784 0.186214919912
3.8 0.006504 55.5584565784 0.181287187425
3.8 0.007046 52.8742375291 0.171089823004
3.8 0.007588 51.355903986 0.164248820482
3.8 0.00813 48.9624928308 0.155494574647
3.8 0.008672 48.0441442795 0.151675282572
3.8 0.009214 45.6507465889 0.142499845283
3.8 0.009756 44.2467916125 0.137592744514
3.8 0.010298 42.5530112792 0.131547048878
3.8 0.01084 40.9249659534 0.125354925914
3.8 0.011382 39.9822387846 0.122113424205
3.8 0.011924 38.7859526105 0.117427410274
3.8 0.012466 37.7092597878 0.11291446422
3.8 0.013008 36.3613152912 0.108580308103
3.8 0.01355 35.2232978658 0.104608335211
3.8 0.014092 34.1646997747 0.101044545201
3.8 0.014634 33.1744104862 0.0976577725795
3.8 0.015176 32.3195130633 0.0946718346467
3.8 0.015718 31.4112428858 0.091305432021
3.8 0.01626 30.7988240073 0.088329219592
3.8 0.016802 29.8622535735 0.0852539417074
3.8 0.017344 28.7951084738 0.0817697595635
3.8 0.017886 28.279447645 0.0803526467496
3.8 0.018428 27.349824963 0.0770664466906
3.8 0.01897 26.7668042884 0.0753643878462
3.8 0.019512 25.9937748961 0.0726342088766
4.0 0.001084 114.596053881 0.407024016589
4.0 0.001626 105.804709262 0.377902786765
4.0 0.002168 99.3254885751 0.351608562037
4.0 0.00271 93.095156188 0.321389344876
4.0 0.003252 88.3925552709 0.302961280759
4.0 0.003794 83.9930150801 0.287621086447
4.0 0.004336 79.5767898519 0.270751687285
4.0 0.004878 75.6680614704 0.254640900675
4.0 0.00542 71.2346040672 0.238404373303
4.0 0.005962 67.4275017945 0.223418869515
4.0 0.006504 66.1635228984 0.219106401459
4.0 0.007046 62.4599616089 0.203625613525
4.0 0.007588 60.8178175276 0.195875899354
4.0 0.00813 58.3490760909 0.187188333812
4.0 0.008672 56.7508582287 0.180511483043
4.0 0.009214 54.2592580346 0.170816662703
4.0 0.009756 52.368334759 0.164315915927
4.0 0.010298 50.1663858546 0.156118434502
4.0 0.01084 48.7405515127 0.150227358822
4.0 0.011382 47.3058092585 0.145356503939
4.0 0.011924 46.1434698743 0.139632170984
4.0 0.012466 44.6851876087 0.135175340921
4.0 0.013008 43.1668914031 0.12834433028
4.0 0.01355 41.8159608627 0.124453524167
4.0 0.014092 40.5735512962 0.119652238352
4.0 0.014634 39.5855553137 0.116257357766
4.0 0.015176 38.4889727943 0.112321752327
4.0 0.015718 37.4311866734 0.108079719477
4.0 0.01626 36.4614739513 0.104524672448
4.0 0.016802 35.3174046507 0.100636564921
4.0 0.017344 34.51696721 0.0982235452392
4.0 0.017886 33.377683124 0.0942500654651
4.0 0.018428 32.689488443 0.092190688491
4.0 0.01897 31.7618128182 0.0887787012845
4.0 0.019512 30.9620701101 0.0858151735867
4.2 0.001084 136.397011547 0.496771598399
4.2 0.001626 125.735721952 0.460564148925
4.2 0.002168 117.607204956 0.425283952371
4.2 0.00271 110.311750659 0.389261073947
4.2 0.003252 105.329193998 0.368527570484
4.2 0.003794 99.490447188 0.346816272097
4.2 0.004336 94.9091621394 0.32793218609
4.2 0.004878 89.8061704651 0.30686163304
4.2 0.00542 84.4499790023 0.287186365383
4.2 0.005962 80.383613744 0.270602453543
4.2 0.006504 78.0569975244 0.261736762128
4.2 0.007046 74.3588777097 0.245120701402
4.2 0.007588 72.0062783386 0.235201272272
4.2 0.00813 69.6554748959 0.226697329426
4.2 0.008672 67.2078577938 0.215843890776
4.2 0.009214 64.414308937 0.205522027466
4.2 0.009756 62.2310950969 0.197433774586
4.2 0.010298 59.23449 0.186038959629
4.2 0.01084 58.1655308694 0.180101918807
4.2 0.011382 56.1596563837 0.173679534365
4.2 0.011924 54.8433825001 0.167720173856
4.2 0.012466 53.1101541277 0.160965535069
4.2 0.013008 51.3551076569 0.1541667761
4.2 0.01355 49.708188818 0.148264298457
4.2 0.014092 48.391615636 0.143469075581
4.2 0.014634 47.0994790043 0.138595296924
4.2 0.015176 45.7332638649 0.133338426143
4.2 0.015718 44.4371958851 0.128208080362
4.2 0.01626 43.3241109337 0.12512472865
4.2 0.016802 42.0808202344 0.12022655449
4.2 0.017344 41.0474317512 0.116964775252
4.2 0.017886 39.7045405075 0.112515617808
4.2 0.018428 38.8747397409 0.109338408527
4.2 0.01897 37.7353254796 0.104864901562
4.2 0.019512 36.8284194942 0.101090405547
4.4 0.001084 163.132949762 0.60697597213
4.4 0.001626 150.284535785 0.56201586108
4.4 0.002168 140.266336913 0.516127877135
4.4 0.00271 131.52650067 0.472732303612
4.4 0.003252 126.026035138 0.449647019107
4.4 0.003794 118.418460739 0.419557373306
4.4 0.004336 113.493579851 0.398793500439
4.4 0.004878 106.818319905 0.371126047639
4.4 0.00542 100.587153497 0.347488721107
4.4 0.005962 96.30479793 0.329575514139
4.4 0.006504 92.4657666727 0.313907056473
4.4 0.007046 88.8110788375 0.296521234866
4.4 0.007588 85.5953437442 0.284193056194
4.4 0.00813 83.3930600439 0.275120812098
4.4 0.008672 80.036318963 0.259864828146
4.4 0.009214 76.6059371509 0.247336929668
4.4 0.009756 74.0360897919 0.237490000638
4.4 0.010298 70.9799460017 0.224845724911
4.4 0.01084 69.1298416546 0.216418007988
4.4 0.011382 67.1027946902 0.209482583037
4.4 0.011924 65.2965811938 0.20139598485
4.4 0.012466 63.3851409723 0.192857788266
4.4 0.013008 61.0985546576 0.185259500187
4.4 0.01355 59.3921056879 0.178425971427
4.4 0.014092 57.74770637 0.172489539036
4.4 0.014634 56.1322701308 0.165683886508
4.4 0.015176 54.516284936 0.159177825104
4.4 0.015718 53.0892541619 0.154720726181
4.4 0.01626 51.6774973677 0.149573635882
4.4 0.016802 50.4885587945 0.145191975345
4.4 0.017344 48.5412499635 0.138709074534
4.4 0.017886 47.5561285713 0.135725030876
4.4 0.018428 46.393222357 0.129682296411
4.4 0.01897 45.0795596644 0.124927558702
4.4 0.019512 44.2556931446 0.121065407056
4.6 0.001084 194.121287652 0.741648796049
4.6 0.001626 178.703460536 0.684876507945
4.6 0.002168 166.797716055 0.627071647805
4.6 0.00271 156.530170448 0.574842038615
4.6 0.003252 150.554314531 0.548803496019
4.6 0.003794 140.860836649 0.508374246828
4.6 0.004336 135.245491086 0.484318114824
4.6 0.004878 126.967739555 0.449739375599
4.6 0.00542 119.763829902 0.420961963498
4.6 0.005962 115.122044011 0.401900763375
4.6 0.006504 109.588603632 0.377296495015
4.6 0.007046 106.136511826 0.359901837882
4.6 0.007588 102.00078451 0.344011185706
4.6 0.00813 99.6856679684 0.332713122392
4.6 0.008672 95.4497179408 0.31438875363
4.6 0.009214 91.6975066826 0.299720305012
4.6 0.009756 87.9609347568 0.285737230259
4.6 0.010298 85.1685712116 0.271677440311
4.6 0.01084 82.2837255471 0.261408202619
4.6 0.011382 80.2818647248 0.25397549091
4.6 0.011924 78.0428872625 0.242263600469
4.6 0.012466 75.6629289655 0.232808821582
4.6 0.013008 73.0662376704 0.223558386064
4.6 0.01355 71.0532208686 0.215559594049
4.6 0.014092 68.9948114592 0.207625717303
4.6 0.014634 67.0538078143 0.198428976281
4.6 0.015176 65.1009451934 0.191364241929
4.6 0.015718 63.5793029459 0.187054818905
4.6 0.01626 61.914280261 0.180302549618
4.6 0.016802 60.127552301 0.173917224093
4.6 0.017344 58.3233020966 0.167907733186
4.6 0.017886 57.016007996 0.161632837391
4.6 0.018428 55.2855212139 0.155254574135
4.6 0.01897 54.3354296988 0.150655256483
4.6 0.019512 52.9225886603 0.145446628563
