2.2 0.184924702397 15198.243318 1.61395659808
2.4 0.231425921518 15523.7391497 1.61238585066
2.6 0.285929695332 15274.809811 1.61064561162
2.8 0.349252333224 14665.2853294 1.60813710307
3.0 0.422242531447 13597.6066408 1.60406003548
3.2 0.505780851386 12489.1721954 1.5980799055
3.4 0.600779232412 11422.3524189 1.58908329962
3.6 0.708180535481 10404.0160136 1.57984109785
3.8 0.828958114192 9521.94359681 1.56953580661
4.0 0.9641154105 8901.38451246 1.56012030127
4.2 1.1146855727 8463.2375596 1.55192233048
4.4 1.28173109358 8155.72871819 1.54583869684
4.6 1.46634346696 7715.7135789 1.54179564434
