2.2 0.184924702397 15200.0733844 1.61381886323
2.4 0.231425921518 15528.8197101 1.61237676577
2.6 0.285929695332 15284.0339629 1.61128115449
2.8 0.349252333224 14656.5094052 1.60725579431
3.0 0.422242531447 13584.3314253 1.60303114588
3.2 0.505780851386 12483.864719 1.59710865881
3.4 0.600779232412 11429.4363589 1.5891812015
3.6 0.708180535481 10408.1345946 1.57967161621
3.8 0.828958114192 9526.87043095 1.56958958973
4.0 0.9641154105 8900.17874218 1.56006540493
4.2 1.1146855727 8470.61854689 1.55234342748
4.4 1.28173109358 8159.31972214 1.54571019212
4.6 1.46634346696 7719.74974648 1.54245147443
