2.2 0.001084 17.9873875908 0.0626414399824
2.2 0.001626 16.6904920689 0.0582700480322
2.2 0.002168 15.9698741736 0.0553226745891
2.2 0.00271 15.5567798036 0.0534075872301
2.2 0.003252 14.8917235573 0.050768809849
2.2 0.003794 13.9564713873 0.0472785119331
2.2 0.004336 13.4613193513 0.0456840683755
2.2 0.004878 12.9267364424 0.0435131607218
2.2 0.00542 12.3506488634 0.0409539753622
2.2 0.005962 11.875962415 0.0397152221272
2.2 0.006504 11.3728847247 0.0380089073512
2.2 0.007046 10.8509216552 0.0361774339142
2.2 0.007588 10.3732972438 0.0345528272986
2.2 0.00813 9.95414068716 0.0331809234874
2.2 0.008672 9.58377231228 0.0319897579554
2.2 0.009214 9.3044137902 0.030741689851
2.2 0.009756 8.89109572884 0.0295528934434
2.2 0.010298 8.6298703174 0.0284299748718
2.2 0.01084 8.26746594502 0.0272251963731
2.2 0.011382 7.94307806079 0.0260855134024
2.2 0.011924 7.65700397974 0.0250770713361
2.2 0.012466 7.40544588792 0.0243013000621
2.2 0.013008 7.13814191687 0.0235188979009
2.2 0.01355 6.82976280366 0.0224527543049
2.2 0.014092 6.6398554537 0.0216394939129
2.2 0.014634 6.35802488099 0.0208027466776
2.2 0.015176 6.15958817349 0.0202122845842
2.2 0.015718 5.93636676953 0.0193426643438
2.2 0.01626 5.70648579861 0.0184884308872
2.2 0.016802 5.53751461352 0.0179841909861
2.2 0.017344 5.35747527736 0.0174187762824
2.2 0.017886 5.13786658084 0.0166039988798
2.2 0.018428 4.9599916459 0.0159767765443
2.2 0.01897 4.7732945198 0.0154445722947
2.2 0.019512 4.60849153171 0.0147861757307
2.4 0.001084 23.7101186741 0.0806738500544
2.4 0.001626 21.957244538 0.0754953412832
2.4 0.002168 21.1073585934 0.0720153329058
2.4 0.00271 20.4999466879 0.0691820282513
2.4 0.003252 19.4006655128 0.0649496424616
2.4 0.003794 18.2755664284 0.0608502257373
2.4 0.004336 17.6423937111 0.0587167600982
2.4 0.004878 16.8435642003 0.0558619991786
2.4 0.00542 16.1155309394 0.0527956407283
2.4 0.005962 15.5644408494 0.0512944485588
2.4 0.006504 14.8167700998 0.0486623458351
2.4 0.007046 14.1071308454 0.0463601889888
2.4 0.007588 13.6262478109 0.044793036005
2.4 0.00813 13.0525828163 0.042851263532
2.4 0.008672 12.6366872565 0.0412634079967
2.4 0.009214 12.1805432852 0.0396652531204
2.4 0.009756 11.6703415325 0.0378624889131
2.4 0.010298 11.2656081103 0.0363765004145
2.4 0.01084 10.8161588448 0.0351078212617
2.4 0.011382 10.4451505739 0.0335430206448
2.4 0.011924 10.0758244209 0.0324669346277
2.4 0.012466 9.74046263564 0.0314682307594
2.4 0.013008 9.33183996802 0.0301525346914
2.4 0.01355 9.02020790711 0.0289840361151
2.4 0.014092 8.68133206777 0.027699687932
2.4 0.014634 8.37026063574 0.0268161816809
2.4 0.015176 8.0938916344 0.0258966852028
2.4 0.015718 7.8208754016 0.0248408398192
2.4 0.01626 7.56250350572 0.023989004822
2.4 0.016802 7.32136652046 0.023188275648
2.4 0.017344 7.02216108109 0.0222518544566
2.4 0.017886 6.78449381194 0.0214526863381
2.4 0.018428 6.56175890071 0.0206579191411
2.4 0.01897 6.32120071454 0.0197469312698
2.4 0.019512 6.12851614924 0.0191481742848
2.6 0.001084 30.5087645963 0.101819212957
2.6 0.001626 28.2092307944 0.0951681774348
2.6 0.002168 27.1883279839 0.0912238062326
2.6 0.00271 26.2529876675 0.087167969833
2.6 0.003252 24.6373432594 0.0810753541471
2.6 0.003794 23.4653834679 0.0769128573309
2.6 0.004336 22.5556774088 0.0738765627644
2.6 0.004878 21.4314661914 0.0698617286165
2.6 0.00542 20.5566637528 0.0665552803291
2.6 0.005962 19.7483380802 0.0638415936628
2.6 0.006504 18.7329100834 0.0603669830133
2.6 0.007046 17.8975903056 0.0578928999942
2.6 0.007588 17.4716484247 0.0566095531862
2.6 0.00813 16.5569255907 0.0534338087122
2.6 0.008672 16.1839439999 0.0517996400852
2.6 0.009214 15.4512809507 0.0494813399481
2.6 0.009756 14.9641478775 0.0473313723584
2.6 0.010298 14.3492945624 0.045698316686
2.6 0.01084 13.8726486192 0.0438465714361
2.6 0.011382 13.394197584 0.04223982647
2.6 0.011924 12.9211693854 0.0408831677396
2.6 0.012466 12.4343260856 0.0393584305233
2.6 0.013008 11.9273531415 0.0376604642197
2.6 0.01355 11.4933777323 0.0360520031869
2.6 0.014092 11.1007714545 0.0347637456483
2.6 0.014634 10.733984381 0.0338591794491
2.6 0.015176 10.3908588348 0.0323849536756
2.6 0.015718 10.0852383262 0.0314014037195
2.6 0.01626 9.71655897664 0.0303025934571
2.6 0.016802 9.32767064906 0.0290245603513
2.6 0.017344 9.04341787424 0.0280094312467
2.6 0.017886 8.7520958743 0.0268809542589
2.6 0.018428 8.44829005275 0.0259508765988
2.6 0.01897 8.18402939221 0.0250826688589
2.6 0.019512 7.87975574326 0.02406721464
2.8 0.001084 38.266028743 0.126431417837
2.8 0.001626 35.4211038921 0.118018049733
2.8 0.002168 34.1497705459 0.113080026674
2.8 0.00271 32.7826566636 0.107431682629
2.8 0.003252 30.5450308596 0.0993320406031
2.8 0.003794 29.418524525 0.0954173713192
2.8 0.004336 28.041572007 0.0907265468723
2.8 0.004878 26.6146988714 0.0856140683624
2.8 0.00542 25.6010976321 0.0820095898256
2.8 0.005962 24.4315128516 0.0780373641601
2.8 0.006504 23.1535351217 0.0739108488383
2.8 0.007046 22.3969100402 0.0717505903612
2.8 0.007588 21.7130880858 0.0695098355296
2.8 0.00813 20.7126713527 0.0657435372099
2.8 0.008672 20.0877112485 0.0634558435933
2.8 0.009214 19.2331352954 0.0606918474843
2.8 0.009756 18.6171264702 0.0580075443643
2.8 0.010298 17.776915582 0.0560701763429
2.8 0.01084 17.3463745993 0.0536383112054
2.8 0.011382 16.6369451693 0.0518874808821
2.8 0.011924 16.0811416319 0.049861860143
2.8 0.012466 15.4364749444 0.0478813833893
2.8 0.013008 14.886532906 0.0460269278134
2.8 0.01355 14.4110394919 0.0440963330723
2.8 0.014092 13.9345933971 0.042959784284
2.8 0.014634 13.4676296846 0.0411964328451
2.8 0.015176 13.0575262471 0.0399766601625
2.8 0.015718 12.5941378784 0.0384007089145
2.8 0.01626 12.1212296943 0.0368642223979
2.8 0.016802 11.7538073082 0.0357328631983
2.8 0.017344 11.3964423768 0.0345280195316
2.8 0.017886 11.009609647 0.0331683205744
2.8 0.018428 10.6715996407 0.0320367928475
2.8 0.01897 10.3051731014 0.0309356432758
2.8 0.019512 9.93058310236 0.0298036167661
3.0 0.001084 46.9457735446 0.154813137244
3.0 0.001626 43.5400000286 0.144412189984
3.0 0.002168 41.9361166022 0.138740495136
3.0 0.00271 40.0316681841 0.130668082868
3.0 0.003252 37.0539060495 0.119767363394
3.0 0.003794 36.1010543178 0.116529683697
3.0 0.004336 34.0156888671 0.109697116753
3.0 0.004878 32.3765201003 0.103650304009
3.0 0.00542 31.2064670162 0.0996972060478
3.0 0.005962 29.5774142903 0.0938806744745
3.0 0.006504 28.0838730377 0.0886887426301
3.0 0.007046 27.5185128958 0.0874080935068
3.0 0.007588 26.2772951701 0.0831290926465
3.0 0.00813 25.3215887606 0.0794290306924
3.0 0.008672 24.368936846 0.0763771535238
3.0 0.009214 23.5272681383 0.0728741124388
3.0 0.009756 22.5397309569 0.0699764856518
3.0 0.010298 21.8004374819 0.0675039723491
3.0 0.01084 21.0970244003 0.0649180946229
3.0 0.011382 20.2658736168 0.0621651210026
3.0 0.011924 19.5606965727 0.059662459691
3.0 0.012466 18.8871296539 0.0576778739068
3.0 0.013008 18.2660848502 0.0554866777325
3.0 0.01355 17.6793292992 0.0533603373316
3.0 0.014092 17.0625187975 0.0515381450552
3.0 0.014634 16.501773745 0.0497244916045
3.0 0.015176 15.989987214 0.0482461279061
3.0 0.015718 15.4044066425 0.0461208892581
3.0 0.01626 14.8989932283 0.0446535900701
3.0 0.016802 14.4760193349 0.0432874935438
3.0 0.017344 14.004738639 0.0417181762139
3.0 0.017886 13.6328880805 0.0403720673805
3.0 0.018428 13.2024104694 0.0389609719221
3.0 0.01897 12.7087547915 0.0376044595444
3.0 0.019512 12.3888190002 0.0363401080692
3.2 0.001084 56.8865454604 0.1887922864
3.2 0.001626 52.8120656255 0.175367693494
3.2 0.002168 50.6825992573 0.168974017078
3.2 0.00271 48.131022422 0.156931679231
3.2 0.003252 44.2897528169 0.14311879265
3.2 0.003794 43.6737510764 0.140854069674
3.2 0.004336 40.6441817243 0.131503769295
3.2 0.004878 38.8810061517 0.124621743767
3.2 0.00542 37.4739538494 0.119701497708
3.2 0.005962 35.2787035344 0.111779704813
3.2 0.006504 33.5265826107 0.105162741638
3.2 0.007046 33.2795504053 0.105392590259
3.2 0.007588 31.2318001804 0.0981319532751
3.2 0.00813 30.4676962153 0.0951271290297
3.2 0.008672 29.0284282082 0.0903754476104
3.2 0.009214 28.3151601601 0.086908690469
3.2 0.009756 26.8122013381 0.0832105980048
3.2 0.010298 26.3063186156 0.0804035832083
3.2 0.01084 25.192761708 0.0770672475933
3.2 0.011382 24.2103896198 0.0733244711702
3.2 0.011924 23.5320068705 0.0711973223056
3.2 0.012466 22.6978976318 0.0689723536282
3.2 0.013008 22.0704055863 0.065804908113
3.2 0.01355 21.2985168511 0.0639655088416
3.2 0.014092 20.4601103735 0.0609302738441
3.2 0.014634 19.9325323973 0.0596730147265
3.2 0.015176 19.2510086892 0.0571156083081
3.2 0.015718 18.5887365036 0.0553821974653
3.2 0.01626 18.0759295811 0.0534092380596
3.2 0.016802 17.5018719827 0.0514393186734
3.2 0.017344 17.1409656984 0.0501184615703
3.2 0.017886 16.5900058067 0.0482551994771
3.2 0.018428 15.9862451872 0.0466231520764
3.2 0.01897 15.571700423 0.0449392320257
3.2 0.019512 15.1017323076 0.0438080748596
3.4 0.001084 68.6918152299 0.228858062153
3.4 0.001626 63.7886073459 0.213129939346
3.4 0.002168 60.8063952653 0.203878008722
3.4 0.00271 57.4027615599 0.18771597672
3.4 0.003252 53.2848789044 0.172827665988
3.4 0.003794 52.0986475809 0.168581916844
3.4 0.004336 48.5710298765 0.157431766537
3.4 0.004878 46.5445208448 0.14960334341
3.4 0.00542 44.4830849958 0.141920620189
3.4 0.005962 41.9309691318 0.13297451194
3.4 0.006504 40.2067890877 0.126444164528
3.4 0.007046 39.3335165474 0.124114660062
3.4 0.007588 37.3274382608 0.116910067528
3.4 0.00813 36.1543441807 0.11250869163
3.4 0.008672 34.6922998795 0.107308344186
3.4 0.009214 33.5569880054 0.10311201932
3.4 0.009756 32.1346961908 0.0983496053785
3.4 0.010298 31.1912105882 0.0948953719548
3.4 0.01084 29.8948749005 0.0906542719155
3.4 0.011382 28.8514552228 0.0869203185443
3.4 0.011924 28.0222753752 0.0845324200238
3.4 0.012466 27.122867061 0.0812079335034
3.4 0.013008 26.2968950635 0.0782129531271
3.4 0.01355 25.3132130939 0.0752600547964
3.4 0.014092 24.490448761 0.0726122529232
3.4 0.014634 23.7395897522 0.0702350400719
3.4 0.015176 22.9684320306 0.0677922825924
3.4 0.015718 22.3301520624 0.0656495984311
3.4 0.01626 21.6845424963 0.0632160486011
3.4 0.016802 21.1885751998 0.061253722591
3.4 0.017344 20.5893102448 0.0592015723755
3.4 0.017886 19.8416887883 0.0570037803536
3.4 0.018428 19.2718007695 0.0552597201604
3.4 0.01897 18.6761272874 0.0534009167689
3.4 0.019512 18.1348688843 0.0518623787527
3.6 0.001084 82.7818913817 0.277737911719
3.6 0.001626 76.8100421335 0.25878904616
3.6 0.002168 72.7184691001 0.24491353571
3.6 0.00271 68.2424913822 0.224301928628
3.6 0.003252 63.8845346703 0.208401823376
3.6 0.003794 61.7555666593 0.201506436472
3.6 0.004336 57.8415445878 0.188514716249
3.6 0.004878 55.3811987485 0.17870703149
3.6 0.00542 52.5433193478 0.168269406772
3.6 0.005962 49.5766964936 0.157837813808
3.6 0.006504 48.0091584117 0.152106221202
3.6 0.007046 46.2531472237 0.146009656522
3.6 0.007588 44.3194073082 0.138578891249
3.6 0.00813 42.6313858518 0.132660913058
3.6 0.008672 41.301791897 0.127893328692
3.6 0.009214 39.6078348063 0.121513721857
3.6 0.009756 38.2260486779 0.116534851933
3.6 0.010298 36.8816279989 0.112303050128
3.6 0.01084 35.1516416977 0.106080631282
3.6 0.011382 34.3371904911 0.103214794049
3.6 0.011924 33.1021865374 0.0996561684681
3.6 0.012466 32.275214941 0.0955098780378
3.6 0.013008 31.1685632553 0.0930623978923
3.6 0.01355 29.9812904667 0.0880756984505
3.6 0.014092 29.1186067954 0.0860183847352
3.6 0.014634 28.1440343263 0.0825826992177
3.6 0.015176 27.4161264771 0.0801965367843
3.6 0.015718 26.7060674586 0.07753295555
3.6 0.01626 25.9174852869 0.0744768603393
3.6 0.016802 25.3071600607 0.0721443107229
3.6 0.017344 24.4474864356 0.0696286261267
3.6 0.017886 23.7103167167 0.067401061952
3.6 0.018428 23.0313020855 0.065376776821
3.6 0.01897 22.3135169781 0.0630198912447
3.6 0.019512 21.6898826616 0.0611891458336
3.8 0.001084 99.0498725982 0.337158825301
3.8 0.001626 91.726682931 0.313948953089
3.8 0.002168 86.2903595388 0.294007908713
3.8 0.00271 80.8209811317 0.268714638593
3.8 0.003252 76.345472922 0.251617587998
3.8 0.003794 73.136371702 0.241011771231
3.8 0.004336 68.9795602849 0.226248154582
3.8 0.004878 65.8732435556 0.213655220574
3.8 0.00542 62.1962419415 0.200531333337
3.8 0.005962 58.7468290247 0.188120894764
3.8 0.006504 57.2966933198 0.183105916695
3.8 0.007046 54.3901645488 0.171944298845
3.8 0.007588 52.68376347 0.164704421867
3.8 0.00813 50.4004327379 0.15752236014
3.8 0.008672 49.1891709933 0.15301800218
3.8 0.009214 46.9246541353 0.14356088688
3.8 0.009756 45.2980337746 0.138409243212
3.8 0.010298 43.5982376132 0.132777401983
3.8 0.01084 41.6650060804 0.125588711988
3.8 0.011382 40.7135377498 0.122195965901
3.8 0.011924 39.321355041 0.117669255153
3.8 0.012466 38.2586486972 0.113734328252
3.8 0.013008 36.9561491887 0.109161383278
3.8 0.01355 35.6944151884 0.104800353391
3.8 0.014092 34.5193705196 0.100943082772
3.8 0.014634 33.5801087601 0.0977173655179
3.8 0.015176 32.7628054057 0.0947778937178
3.8 0.015718 31.7214929865 0.0909469990222
3.8 0.01626 30.867072182 0.0876390681027
3.8 0.016802 30.003050756 0.0854377329121
3.8 0.017344 29.0198467593 0.0817967938225
3.8 0.017886 28.4032551914 0.0804895578994
3.8 0.018428 27.2416147824 0.0763535460694
3.8 0.01897 26.6914186305 0.0747600276399
3.8 0.019512 25.8527002154 0.071929740164
4.0 0.001084 119.589147221 0.40986007788
4.0 0.001626 110.593320899 0.381634050373
4.0 0.002168 103.497973074 0.354156605614
4.0 0.00271 96.7722110585 0.323898923302
4.0 0.003252 91.8700084339 0.305045421095
4.0 0.003794 87.2433525238 0.289534616371
4.0 0.004336 82.6969964437 0.272934109372
4.0 0.004878 78.5616862597 0.256388985476
4.0 0.00542 73.9769261503 0.240531250359
4.0 0.005962 69.9340051282 0.225181467023
4.0 0.006504 68.5439506791 0.220699851263
4.0 0.007046 64.4459965189 0.204194232995
4.0 0.007588 62.6636612253 0.19683919329
4.0 0.00813 60.1524285286 0.189176768541
4.0 0.008672 58.3723414511 0.181865569892
4.0 0.009214 55.9012825689 0.171968589786
4.0 0.009756 53.8717223998 0.165260984479
4.0 0.010298 51.5108571645 0.157078011131
4.0 0.01084 49.9039256418 0.150163073915
4.0 0.011382 48.2172508447 0.144966064185
4.0 0.011924 46.9014579279 0.140418444952
4.0 0.012466 45.5081767572 0.135365121549
4.0 0.013008 43.9929084861 0.129171185669
4.0 0.01355 42.3923275494 0.124593491094
4.0 0.014092 41.1242806547 0.119770611303
4.0 0.014634 40.0816468234 0.116278517973
4.0 0.015176 38.9751603389 0.111905830757
4.0 0.015718 37.7775926973 0.107351021987
4.0 0.01626 36.7781457733 0.104418741132
4.0 0.016802 35.7426012123 0.101127633441
4.0 0.017344 34.8164338426 0.0979808790922
4.0 0.017886 33.5082690407 0.0938556966902
4.0 0.018428 32.6643973533 0.0915140579767
4.0 0.01897 31.8156413722 0.0881640208278
4.0 0.019512 30.6794603683 0.0844847730766
4.2 0.001084 143.095713338 0.499766716618
4.2 0.001626 132.157233172 0.464855503997
4.2 0.002168 123.309148299 0.428595244032
4.2 0.00271 115.277309292 0.392119638455
4.2 0.003252 109.987198661 0.370903884049
4.2 0.003794 103.888600028 0.349172357898
4.2 0.004336 99.0051870948 0.330492737864
4.2 0.004878 93.5663492668 0.308366187106
4.2 0.00542 88.0291905375 0.289604065188
4.2 0.005962 83.7859998288 0.272461255485
4.2 0.006504 81.1777987016 0.263137151765
4.2 0.007046 76.9827353513 0.245598111442
4.2 0.007588 74.4562755232 0.236516309763
4.2 0.00813 71.9485227063 0.228136244541
4.2 0.008672 69.4948721438 0.217284039283
4.2 0.009214 66.3962911866 0.205686501749
4.2 0.009756 64.3355861494 0.198421369897
4.2 0.010298 60.8787917287 0.187033170019
4.2 0.01084 59.7347612992 0.179735886335
4.2 0.011382 57.3749569705 0.173524486809
4.2 0.011924 55.9660401339 0.168206617197
4.2 0.012466 54.3027775798 0.160927727332
4.2 0.013008 52.3869868207 0.154479559515
4.2 0.01355 50.5916702378 0.148521767995
4.2 0.014092 49.1760353164 0.143486699887
4.2 0.014634 47.814630282 0.138453969715
4.2 0.015176 46.4020444196 0.132697682998
4.2 0.015718 45.0158566509 0.12752064288
4.2 0.01626 43.9158814601 0.125193337349
4.2 0.016802 42.6885433243 0.12031970819
4.2 0.017344 41.4298086502 0.116302097311
4.2 0.017886 40.0132037998 0.112095886747
4.2 0.018428 39.0893449476 0.108647962269
4.2 0.01897 37.8257733073 0.104044492714
4.2 0.019512 36.9839689726 0.100564639845
4.4 0.001084 171.782875822 0.610929735279
4.4 0.001626 158.448180106 0.566643416674
4.4 0.002168 147.637356963 0.520269556467
4.4 0.00271 137.969623025 0.476095554687
4.4 0.003252 132.098211942 0.45197417142
4.4 0.003794 124.002946063 0.422099663932
4.4 0.004336 118.895240919 0.401939766094
4.4 0.004878 111.636737031 0.372822023432
4.4 0.00542 105.07564518 0.3495137815
4.4 0.005962 100.69443725 0.331757059798
4.4 0.006504 96.4543753537 0.315082646926
4.4 0.007046 92.2949835251 0.297065314705
4.4 0.007588 88.9665761151 0.285640898478
4.4 0.00813 86.4520062762 0.27543828795
4.4 0.008672 83.226481662 0.261461103514
4.4 0.009214 79.3356335857 0.247076356902
4.4 0.009756 76.8242132287 0.238731106878
4.4 0.010298 73.2393110557 0.225183533883
4.4 0.01084 71.2144618562 0.216557695793
4.4 0.011382 68.8402181396 0.209815595542
4.4 0.011924 67.0225566678 0.201616958363
4.4 0.012466 65.1056551844 0.193214718981
4.4 0.013008 62.4422842932 0.185732649792
4.4 0.01355 60.6887694895 0.178022177281
4.4 0.014092 58.9810199745 0.172299304715
4.4 0.014634 57.2704102427 0.165496698839
4.4 0.015176 55.556841099 0.158669777797
4.4 0.015718 54.0152989076 0.154336555309
4.4 0.01626 52.549529066 0.149165119506
4.4 0.016802 51.1586944091 0.144165290036
4.4 0.017344 49.3338075342 0.138299586039
4.4 0.017886 48.0875043343 0.134389018105
4.4 0.018428 46.8000946281 0.128882252433
4.4 0.01897 45.3887310328 0.124217864435
4.4 0.019512 44.4196440696 0.120452994563
4.6 0.001084 205.030049713 0.746707373519
4.6 0.001626 188.914063956 0.689993669404
4.6 0.002168 176.012397198 0.632288902302
4.6 0.00271 164.719454985 0.578277242327
4.6 0.003252 158.282526556 0.550979190271
4.6 0.003794 147.810446574 0.511099227607
4.6 0.004336 142.249685265 0.487346934437
4.6 0.004878 133.097772845 0.451433864525
4.6 0.00542 125.544589496 0.422765911029
4.6 0.005962 120.792224985 0.403878152883
4.6 0.006504 114.722481098 0.378497460374
4.6 0.007046 110.713987567 0.360006237982
4.6 0.007588 106.507204524 0.345495906837
4.6 0.00813 103.738028808 0.332174977339
4.6 0.008672 99.4461187198 0.314816205929
4.6 0.009214 95.4572042716 0.30004146435
4.6 0.009756 91.4827898873 0.2865584135
4.6 0.010298 88.2340326364 0.271742155225
4.6 0.01084 85.1488582157 0.262652768928
4.6 0.011382 82.4445047028 0.253367672998
4.6 0.011924 80.3317280255 0.242528314165
4.6 0.012466 77.8107249651 0.233133402177
4.6 0.013008 74.9085143821 0.223415166257
4.6 0.01355 72.8629576005 0.214679304149
4.6 0.014092 70.7842033316 0.207096184514
4.6 0.014634 68.786387348 0.197905834552
4.6 0.015176 66.6774714821 0.191671084474
4.6 0.015718 64.912120703 0.185926053734
4.6 0.01626 63.1184830014 0.178678716026
4.6 0.016802 61.2623929449 0.172577342133
4.6 0.017344 59.3645738673 0.166279533278
4.6 0.017886 57.7763397206 0.160081600591
4.6 0.018428 56.0088629406 0.154530503443
4.6 0.01897 54.7081603059 0.148504323274
4.6 0.019512 53.2598647618 0.144522818696
