2.2 0.184924702397 15871.1657858 1.02253512211
2.4 0.231425921518 16269.1783758 1.01210849087
2.6 0.285929695332 16078.0006943 1.00709767729
2.8 0.349252333224 15376.2346037 0.994427855601
3.0 0.422242531447 14292.2135804 0.98901542651
3.2 0.505780851386 13171.4368748 0.980769376004
3.4 0.600779232412 12058.4393584 0.968241719278
3.6 0.708180535481 10976.879866 0.954036718007
3.8 0.828958114192 10080.1496703 0.944420054778
4.0 0.9641154105 9430.36180501 0.932573023181
4.2 1.1146855727 8968.6836144 0.91768859854
4.4 1.28173109358 8641.6069707 0.906551778687
4.6 1.46634346696 8168.62534969 0.901211587238
