2.2 0.001084 17.9097069265 0.0628056363792
2.2 0.001626 16.5042671257 0.0577797092695
2.2 0.002168 15.7091493355 0.054501773248
2.2 0.00271 15.2656826743 0.0526119976929
2.2 0.003252 14.6385535997 0.0502074036973
2.2 0.003794 13.7999878563 0.0470386747831
2.2 0.004336 13.2801494322 0.0452639189418
2.2 0.004878 12.7496118129 0.0435035977958
2.2 0.00542 12.2112998424 0.0408646893497
2.2 0.005962 11.7172760111 0.0393427442441
2.2 0.006504 11.2977557728 0.0379209823224
2.2 0.007046 10.8082636692 0.0361470150039
2.2 0.007588 10.3112319964 0.0343490468472
2.2 0.00813 9.89055652781 0.033058440512
2.2 0.008672 9.52731103126 0.032168156306
2.2 0.009214 9.22099123791 0.0307325077726
2.2 0.009756 8.81940079832 0.0291818776927
2.2 0.010298 8.6546085046 0.0286669281544
2.2 0.01084 8.30808943737 0.0275212695263
2.2 0.011382 8.01240868899 0.0265971907552
2.2 0.011924 7.71150805964 0.0254926031785
2.2 0.012466 7.47547689599 0.0246708137236
2.2 0.013008 7.2717951138 0.0241049618588
2.2 0.01355 6.9724054844 0.0230855560563
2.2 0.014092 6.77009001648 0.0223205078797
2.2 0.014634 6.51410173156 0.0213134247813
2.2 0.015176 6.32010085859 0.0207245118246
2.2 0.015718 6.13109998771 0.0200697348834
2.2 0.01626 5.92844373326 0.019264265644
2.2 0.016802 5.78692148593 0.0187738041271
2.2 0.017344 5.62065863223 0.0182458377791
2.2 0.017886 5.40645518122 0.0175039666403
2.2 0.018428 5.24999868421 0.0169845848231
2.2 0.01897 5.05842052745 0.0163741936572
2.2 0.019512 4.88434456602 0.0158079414585
2.4 0.001084 23.679205148 0.0817833695669
2.4 0.001626 21.7376486783 0.0752808277783
2.4 0.002168 20.7204011403 0.0710994756461
2.4 0.00271 20.1000705914 0.0684363628346
2.4 0.003252 19.1348803825 0.0646753945243
2.4 0.003794 18.0796292916 0.060763885773
2.4 0.004336 17.4078709347 0.0585472436409
2.4 0.004878 16.7029890066 0.055885081619
2.4 0.00542 15.9359128721 0.0525616377782
2.4 0.005962 15.302093732 0.0509335101859
2.4 0.006504 14.7200396629 0.0486727156049
2.4 0.007046 14.0117737687 0.0462023912532
2.4 0.007588 13.4359829971 0.0442253971391
2.4 0.00813 12.8989012195 0.042636253709
2.4 0.008672 12.5122598677 0.0412428845144
2.4 0.009214 12.0720095662 0.0395393042277
2.4 0.009756 11.64354142 0.0380073458493
2.4 0.010298 11.3037712977 0.0368402319847
2.4 0.01084 10.7953083519 0.0351826221247
2.4 0.011382 10.4510167382 0.0340484353032
2.4 0.011924 10.0616211772 0.0324863394199
2.4 0.012466 9.85526819428 0.0319687224891
2.4 0.013008 9.40219038083 0.0305367656561
2.4 0.01355 9.15309930553 0.0294652726031
2.4 0.014092 8.83729635571 0.028334061156
2.4 0.014634 8.53634301239 0.0274379923362
2.4 0.015176 8.27520779538 0.0265624620968
2.4 0.015718 8.00348983759 0.0255211285909
2.4 0.01626 7.76811600112 0.0247197668957
2.4 0.016802 7.59278549085 0.0242441834423
2.4 0.017344 7.26956894766 0.0230847960382
2.4 0.017886 7.07600640389 0.0223761496091
2.4 0.018428 6.86871710124 0.0217190767418
2.4 0.01897 6.63982437393 0.0209375006142
2.4 0.019512 6.44911128728 0.0202497247839
2.6 0.001084 30.4802796374 0.103093309038
2.6 0.001626 27.9395924918 0.0953837116276
2.6 0.002168 26.7293906391 0.0905213343238
2.6 0.00271 25.8261457434 0.0867544630464
2.6 0.003252 24.3359062325 0.0811093777466
2.6 0.003794 23.096161196 0.0765998380303
2.6 0.004336 22.1854457888 0.0734392849347
2.6 0.004878 21.1663592068 0.0696010795774
2.6 0.00542 20.2483619902 0.0661603714333
2.6 0.005962 19.4708537185 0.0638492007302
2.6 0.006504 18.5826277097 0.0607412417874
2.6 0.007046 17.7013530438 0.0578089201981
2.6 0.007588 17.1094189272 0.0558913578777
2.6 0.00813 16.3382460138 0.0533360661594
2.6 0.008672 16.0224274299 0.0517717256494
2.6 0.009214 15.3202052586 0.0494597327995
2.6 0.009756 14.8580341335 0.0475106710645
2.6 0.010298 14.2328498712 0.0456608606415
2.6 0.01084 13.7645713155 0.0441070729543
2.6 0.011382 13.3025126595 0.0424029427501
2.6 0.011924 12.9054619898 0.0410283441305
2.6 0.012466 12.473594035 0.0395983699618
2.6 0.013008 12.027557655 0.0379991562615
2.6 0.01355 11.6894885911 0.0367215473612
2.6 0.014092 11.2558736568 0.0353499576502
2.6 0.014634 10.8906846421 0.0342348665136
2.6 0.015176 10.5593338505 0.0330470848456
2.6 0.015718 10.1757972577 0.0317470918023
2.6 0.01626 9.9825677042 0.0310960161598
2.6 0.016802 9.57442024367 0.0299130104828
2.6 0.017344 9.27318660715 0.0287277960012
2.6 0.017886 9.04471876252 0.0279561134346
2.6 0.018428 8.7786254616 0.0270425539626
2.6 0.01897 8.53344042902 0.0261480632918
2.6 0.019512 8.26412696638 0.0252602698483
2.8 0.001084 38.2039929037 0.127776015967
2.8 0.001626 35.0166240567 0.118912991688
2.8 0.002168 33.5511667855 0.112840217964
2.8 0.00271 32.1838943523 0.107044514418
2.8 0.003252 30.113362971 0.0992200179962
2.8 0.003794 28.8337822643 0.0945273842844
2.8 0.004336 27.5123078957 0.0901913633672
2.8 0.004878 26.1646851222 0.0853179571377
2.8 0.00542 25.1012439798 0.0814332259156
2.8 0.005962 24.0279710104 0.0778322583392
2.8 0.006504 22.8449979879 0.0738414763585
2.8 0.007046 21.9413678605 0.0709015248736
2.8 0.007588 21.1843684542 0.068370721212
2.8 0.00813 20.3457464507 0.0652217856656
2.8 0.008672 19.7959557001 0.0632376576836
2.8 0.009214 18.9685050623 0.0601708524911
2.8 0.009756 18.417921673 0.0579014559105
2.8 0.010298 17.6185176195 0.0558589989108
2.8 0.01084 17.1877125783 0.0537268605157
2.8 0.011382 16.5064744848 0.0516262740789
2.8 0.011924 16.0518817541 0.0502118906843
2.8 0.012466 15.4061655526 0.047985258543
2.8 0.013008 14.9218481079 0.0462133716019
2.8 0.01355 14.4029964056 0.0444263280554
2.8 0.014092 13.9261760242 0.0432244402043
2.8 0.014634 13.5151416775 0.041523042388
2.8 0.015176 13.1350202808 0.0402203236518
2.8 0.015718 12.7571120757 0.0391262054827
2.8 0.01626 12.3265214343 0.0377251896972
2.8 0.016802 11.9372635221 0.0363678346945
2.8 0.017344 11.6160677663 0.0351360914529
2.8 0.017886 11.2926356039 0.0340074109901
2.8 0.018428 10.9742807299 0.0329901546619
2.8 0.01897 10.6266646439 0.0318871830452
2.8 0.019512 10.2824497699 0.0308556018018
3.0 0.001084 46.7734672361 0.156443596917
3.0 0.001626 42.839308557 0.145175540089
3.0 0.002168 41.0176046606 0.137851934446
3.0 0.00271 39.1430259723 0.129827457774
3.0 0.003252 36.3841309754 0.119572625473
3.0 0.003794 35.2008517462 0.115268861964
3.0 0.004336 33.2942093687 0.108758842141
3.0 0.004878 31.6364515996 0.102403090857
3.0 0.00542 30.4319039928 0.0981509168306
3.0 0.005962 28.9219131079 0.0931436635366
3.0 0.006504 27.4646249312 0.0880769120253
3.0 0.007046 26.7240219566 0.086006038105
3.0 0.007588 25.6024661931 0.0818889019864
3.0 0.00813 24.8118102107 0.0786864743578
3.0 0.008672 23.8610887423 0.0753562185694
3.0 0.009214 23.0757640761 0.0719576479274
3.0 0.009756 22.1544959213 0.0691584101945
3.0 0.010298 21.4330081581 0.0665542455926
3.0 0.01084 20.7614317398 0.0640584933038
3.0 0.011382 20.0452650316 0.0619414213801
3.0 0.011924 19.381777916 0.0596850808496
3.0 0.012466 18.6963371042 0.057272361086
3.0 0.013008 18.1090818154 0.0551639551981
3.0 0.01355 17.5307854165 0.0533548997978
3.0 0.014092 16.9608791271 0.0514916615695
3.0 0.014634 16.4781037254 0.0495834996258
3.0 0.015176 16.0461208561 0.0482996549224
3.0 0.015718 15.5110241315 0.0466035050819
3.0 0.01626 14.9991548763 0.0447869669326
3.0 0.016802 14.6184555927 0.0435176267933
3.0 0.017344 14.1946801478 0.0421672653232
3.0 0.017886 13.7734123986 0.0407472582418
3.0 0.018428 13.4050320045 0.0394937305129
3.0 0.01897 12.9182488119 0.0380279524905
3.0 0.019512 12.6566174779 0.0370356064645
3.2 0.001084 56.4312614726 0.18998914122
3.2 0.001626 51.740992092 0.175837680676
3.2 0.002168 49.3841133224 0.166867696186
3.2 0.00271 46.899682874 0.155810309769
3.2 0.003252 43.3489661923 0.142805860504
3.2 0.003794 42.3435148211 0.138872793618
3.2 0.004336 39.5936111209 0.129721913878
3.2 0.004878 37.7101507208 0.122142410484
3.2 0.00542 36.3318216277 0.117563589132
3.2 0.005962 34.2487365199 0.110305549196
3.2 0.006504 32.6231028577 0.104112731049
3.2 0.007046 32.1181201729 0.103501317009
3.2 0.007588 30.3642712164 0.0966708203987
3.2 0.00813 29.6926821213 0.0937655521145
3.2 0.008672 28.2626024602 0.0891279593597
3.2 0.009214 27.596829462 0.085271494882
3.2 0.009756 26.1713315489 0.0819237480211
3.2 0.010298 25.7197708519 0.0789296936227
3.2 0.01084 24.6055333026 0.0757055298843
3.2 0.011382 23.9102616864 0.0730971030443
3.2 0.011924 23.0690477506 0.0702595922921
3.2 0.012466 22.3298999806 0.0677843670202
3.2 0.013008 21.6917423503 0.0649744383556
3.2 0.01355 20.954385404 0.0631214967385
3.2 0.014092 20.2386517836 0.0603271366759
3.2 0.014634 19.7516249264 0.0591950948527
3.2 0.015176 19.1556451046 0.056895289548
3.2 0.015718 18.4586208138 0.0543127222499
3.2 0.01626 18.0597769495 0.0531418061234
3.2 0.016802 17.5613529901 0.0515683483043
3.2 0.017344 17.0465946506 0.0496764281779
3.2 0.017886 16.7135843568 0.0483243448273
3.2 0.018428 16.0252089275 0.0464919392375
3.2 0.01897 15.6808010735 0.0449792244554
3.2 0.019512 15.3993556541 0.0442226436527
3.4 0.001084 67.8118553767 0.230451811986
3.4 0.001626 62.236856057 0.212659844098
3.4 0.002168 59.0643961691 0.201465303859
3.4 0.00271 55.7575336803 0.185976817552
3.4 0.003252 51.8105991476 0.171171456506
3.4 0.003794 50.3568150127 0.165793119172
3.4 0.004336 47.0349619065 0.154743805339
3.4 0.004878 44.9045504477 0.146096657017
3.4 0.00542 42.9338065834 0.139574532352
3.4 0.005962 40.4919940696 0.130336156724
3.4 0.006504 38.8457044148 0.124352065277
3.4 0.007046 37.9331679208 0.121852887232
3.4 0.007588 36.0863628643 0.114508704349
3.4 0.00813 34.9878727741 0.110318607853
3.4 0.008672 33.6029865964 0.105044522517
3.4 0.009214 32.541593979 0.100915658467
3.4 0.009756 31.197466282 0.0968766544824
3.4 0.010298 30.3291426363 0.0931055147697
3.4 0.01084 29.1473648473 0.0889257811182
3.4 0.011382 28.2389556103 0.0854784607185
3.4 0.011924 27.3773289876 0.0828027511005
3.4 0.012466 26.5629566314 0.0797631786622
3.4 0.013008 25.7278563112 0.0765862355264
3.4 0.01355 24.7984842602 0.073647867814
3.4 0.014092 24.0787399422 0.0714655277978
3.4 0.014634 23.448000836 0.0693132597814
3.4 0.015176 22.651493066 0.0663668589668
3.4 0.015718 22.0150769862 0.0643234320603
3.4 0.01626 21.4484444029 0.0625639815133
3.4 0.016802 20.8957969244 0.0605097822354
3.4 0.017344 20.4233980214 0.0583987566961
3.4 0.017886 19.769586593 0.0565741600591
3.4 0.018428 19.2688293006 0.0546752968714
3.4 0.01897 18.8806037385 0.05345785324
3.4 0.019512 18.3252878463 0.0515640256977
3.6 0.001084 81.318649149 0.279268451589
3.6 0.001626 74.6414410656 0.257064481335
3.6 0.002168 70.4133173755 0.242237210498
3.6 0.00271 66.1122704338 0.221770962232
3.6 0.003252 61.7751235439 0.205403299425
3.6 0.003794 59.552865781 0.197633761777
3.6 0.004336 55.7589843925 0.184903820964
3.6 0.004878 53.262270733 0.175127443046
3.6 0.00542 50.5561836135 0.165384594212
3.6 0.005962 47.712416393 0.15419609468
3.6 0.006504 46.173447736 0.148724190512
3.6 0.007046 44.5345216688 0.143005748156
3.6 0.007588 42.8236098123 0.136003450424
3.6 0.00813 41.1316634059 0.129573045907
3.6 0.008672 39.9238762523 0.124521302041
3.6 0.009214 38.2097887352 0.11887060115
3.6 0.009756 36.9994431986 0.114261247547
3.6 0.010298 35.6404180956 0.109305357167
3.6 0.01084 34.3099004203 0.103835025401
3.6 0.011382 33.4029528289 0.100750663883
3.6 0.011924 32.3524260792 0.097810401955
3.6 0.012466 31.5527737773 0.0936143459286
3.6 0.013008 30.3630966956 0.0902553387442
3.6 0.01355 29.2834974201 0.0864144894981
3.6 0.014092 28.5643257071 0.0842906069985
3.6 0.014634 27.7253159883 0.0809708013119
3.6 0.015176 26.781702275 0.0781780065656
3.6 0.015718 26.1244402797 0.0757658130763
3.6 0.01626 25.4807868303 0.0734599771962
3.6 0.016802 24.9460265903 0.0711303225664
3.6 0.017344 24.2188366784 0.0685914307807
3.6 0.017886 23.482671271 0.0662072453768
3.6 0.018428 22.9551582261 0.0642768833982
3.6 0.01897 22.3577241947 0.0624748427099
3.6 0.019512 21.7110941325 0.060209311576
3.8 0.001084 96.9664212606 0.338639923034
3.8 0.001626 88.9391020557 0.311992662265
3.8 0.002168 83.4911041025 0.291555592704
3.8 0.00271 78.1381549465 0.265745508891
3.8 0.003252 73.5483440982 0.247865964844
3.8 0.003794 70.4244146457 0.23688909827
3.8 0.004336 66.2098538901 0.222025001566
3.8 0.004878 63.1468338992 0.209915648704
3.8 0.00542 59.6087616916 0.19655145094
3.8 0.005962 56.307876799 0.183375993722
3.8 0.006504 54.8908184637 0.178624051949
3.8 0.007046 52.3291292025 0.168670453085
3.8 0.007588 50.824576795 0.162053372056
3.8 0.00813 48.3466655268 0.152558497151
3.8 0.008672 47.5707911683 0.149062588009
3.8 0.009214 45.0316740578 0.139758913853
3.8 0.009756 43.7394338499 0.134989574159
3.8 0.010298 42.0350474051 0.128875517953
3.8 0.01084 40.5463628187 0.122796662397
3.8 0.011382 39.5556377161 0.11983572627
3.8 0.011924 38.3755508033 0.115261623761
3.8 0.012466 37.2746259246 0.110448753276
3.8 0.013008 35.9117844151 0.10617552877
3.8 0.01355 34.82394325 0.102472995579
3.8 0.014092 33.8137243107 0.0987711211796
3.8 0.014634 32.7668704471 0.0954542459888
3.8 0.015176 31.8913649232 0.0924019544692
3.8 0.015718 31.0098915869 0.0893297240337
3.8 0.01626 30.4792059995 0.0864921259871
3.8 0.016802 29.583922254 0.0832932230243
3.8 0.017344 28.5330257722 0.0799418465219
3.8 0.017886 27.9989594158 0.0780908714381
3.8 0.018428 27.1939106121 0.0756419667349
3.8 0.01897 26.5124971029 0.0732493729185
3.8 0.019512 25.7900100353 0.0706586379479
4.0 0.001084 116.63697759 0.411755411992
4.0 0.001626 106.933010341 0.379718569215
4.0 0.002168 99.9088084583 0.351733268514
4.0 0.00271 93.2576345493 0.319964691731
4.0 0.003252 88.256308719 0.300491078611
4.0 0.003794 83.7276464832 0.28499715786
4.0 0.004336 79.0657607965 0.26796925827
4.0 0.004878 75.08535366 0.251876284145
4.0 0.00542 70.5325989969 0.234976230845
4.0 0.005962 66.7256940077 0.219704726747
4.0 0.006504 65.4567629416 0.215418564979
4.0 0.007046 61.8908656364 0.200535863474
4.0 0.007588 60.2317145988 0.192966223084
4.0 0.00813 57.6790078504 0.183173394804
4.0 0.008672 56.196884733 0.17710315193
4.0 0.009214 53.6668703706 0.167310913571
4.0 0.009756 51.7605240448 0.160659217456
4.0 0.010298 49.6539414785 0.15254419749
4.0 0.01084 48.3199995343 0.147472145107
4.0 0.011382 46.9166451213 0.142792080718
4.0 0.011924 45.7501118062 0.136374204881
4.0 0.012466 44.1803426424 0.131774924272
4.0 0.013008 42.6234438431 0.125283125155
4.0 0.01355 41.4106313926 0.12190846218
4.0 0.014092 40.1395961232 0.116821913815
4.0 0.014634 39.1018789398 0.113489467117
4.0 0.015176 38.0458536321 0.109492690929
4.0 0.015718 37.0604868493 0.105459384726
4.0 0.01626 36.2020102413 0.101819124266
4.0 0.016802 34.9965865792 0.097722830469
4.0 0.017344 34.1962429829 0.0953848045734
4.0 0.017886 33.1555710259 0.0919184683843
4.0 0.018428 32.4567540762 0.0894997147282
4.0 0.01897 31.4674490525 0.0860313419528
4.0 0.019512 30.8058942677 0.0834756525378
4.2 0.001084 139.027269013 0.502695590209
4.2 0.001626 127.271671164 0.462668856576
4.2 0.002168 118.578580486 0.425497354762
4.2 0.00271 110.699824617 0.387433463798
4.2 0.003252 105.400653808 0.365883537305
4.2 0.003794 99.3619836061 0.34420746393
4.2 0.004336 94.3972128837 0.324548225776
4.2 0.004878 89.2214769371 0.303223282621
4.2 0.00542 83.6417860069 0.282585810504
4.2 0.005962 79.6155927888 0.266198920516
4.2 0.006504 77.382745837 0.257431441718
4.2 0.007046 73.7608443255 0.241103629832
4.2 0.007588 71.3028092787 0.230503089691
4.2 0.00813 69.0396569376 0.221777979046
4.2 0.008672 66.5901468277 0.21125308692
4.2 0.009214 63.8145971463 0.201254655021
4.2 0.009756 61.4914301741 0.192144672994
4.2 0.010298 58.7099006557 0.181626982613
4.2 0.01084 57.7291416952 0.176994620388
4.2 0.011382 55.80026894 0.170113659041
4.2 0.011924 54.4309015232 0.163240451392
4.2 0.012466 52.561680821 0.156507684799
4.2 0.013008 50.8202089854 0.149917613548
4.2 0.01355 49.2441511374 0.144398692322
4.2 0.014092 47.9598517175 0.13966096016
4.2 0.014634 46.7278372462 0.135070303464
4.2 0.015176 45.2255482298 0.129584522182
4.2 0.015718 44.1482280747 0.124740605348
4.2 0.01626 42.9460552821 0.120775739798
4.2 0.016802 41.7118873168 0.116108417201
4.2 0.017344 40.7780692254 0.113447293431
4.2 0.017886 39.5118244291 0.108946086193
4.2 0.018428 38.6173059284 0.105761171084
4.2 0.01897 37.5425344522 0.101704945418
4.2 0.019512 36.5559530823 0.0975680123032
4.4 0.001084 166.50678879 0.615064505659
4.4 0.001626 152.166172345 0.564563994674
4.4 0.002168 141.438293937 0.516055458397
4.4 0.00271 132.123652717 0.47113765226
4.4 0.003252 126.272991076 0.446783760193
4.4 0.003794 118.323940378 0.417010739185
4.4 0.004336 112.97479953 0.394610604897
4.4 0.004878 106.199662534 0.367048667802
4.4 0.00542 99.716874578 0.341898959874
4.4 0.005962 95.3991794699 0.32441431561
4.4 0.006504 91.7511681582 0.308629941639
4.4 0.007046 88.194899026 0.291318848
4.4 0.007588 84.8372596167 0.277665808998
4.4 0.00813 82.8238258716 0.269395469838
4.4 0.008672 79.2578074309 0.253551657531
4.4 0.009214 76.048033177 0.242285686836
4.4 0.009756 73.2981664781 0.231027801206
4.4 0.010298 70.4908770705 0.219646791426
4.4 0.01084 68.7192089594 0.212039517208
4.4 0.011382 66.7212180761 0.204233602177
4.4 0.011924 64.8183754528 0.196035595194
4.4 0.012466 62.7675805694 0.187105674092
4.4 0.013008 60.5101958818 0.179823711128
4.4 0.01355 58.8502848466 0.173100345646
4.4 0.014092 57.3404012858 0.167455066555
4.4 0.014634 55.6644354731 0.160742760257
4.4 0.015176 54.0103550663 0.153991279294
4.4 0.015718 52.6630254016 0.149335541134
4.4 0.01626 51.2036762103 0.143947002592
4.4 0.016802 50.2544385321 0.140474489644
4.4 0.017344 48.2728272062 0.13376757241
4.4 0.017886 47.4125713002 0.130702808374
4.4 0.018428 46.0540374698 0.125034327603
4.4 0.01897 44.8064991505 0.120184627665
4.4 0.019512 43.9406431392 0.116214073209
4.6 0.001084 198.480024388 0.752865047886
4.6 0.001626 181.09144092 0.688876569411
4.6 0.002168 168.208231794 0.627350344383
4.6 0.00271 157.399971286 0.57395107239
4.6 0.003252 150.923522128 0.546185147612
4.6 0.003794 140.846183902 0.506107471173
4.6 0.004336 134.666451116 0.479683651558
4.6 0.004878 126.310524504 0.444890266288
4.6 0.00542 118.789306668 0.4144266178
4.6 0.005962 114.110496273 0.395346476745
4.6 0.006504 108.836012327 0.370790920664
4.6 0.007046 105.493494428 0.353443191062
4.6 0.007588 101.157536547 0.336259314757
4.6 0.00813 99.047355419 0.325856446756
4.6 0.008672 94.5993141177 0.30707868513
4.6 0.009214 90.8565355138 0.292608536704
4.6 0.009756 87.2074087811 0.278352461803
4.6 0.010298 84.7118366965 0.265501357099
4.6 0.01084 81.7968757381 0.255325724668
4.6 0.011382 79.8394526885 0.246853660822
4.6 0.011924 77.3763991273 0.234931716404
4.6 0.012466 75.0048086718 0.22557720937
4.6 0.013008 72.4008761112 0.216382782223
4.6 0.01355 70.4335487163 0.208858177121
4.6 0.014092 68.4569100553 0.200776076709
4.6 0.014634 66.4088667356 0.191855500214
4.6 0.015176 64.52913148 0.184191396849
4.6 0.015718 63.095689802 0.180114980733
4.6 0.01626 61.5307179872 0.173354860927
4.6 0.016802 59.8761585101 0.16737706823
4.6 0.017344 58.0876253734 0.161314842715
4.6 0.017886 56.7479879842 0.155174235284
4.6 0.018428 54.9079726234 0.148667496366
4.6 0.01897 54.0460069969 0.144088973689
4.6 0.019512 52.6091353078 0.138972863977
