2.2 0.001084 32.4535467505 0.108978239961
2.2 0.001626 30.0440842427 0.101458901948
2.2 0.002168 28.6239537053 0.0960737574529
2.2 0.00271 27.7408073475 0.092354508674
2.2 0.003252 26.4912438345 0.087600340253
2.2 0.003794 24.8765633761 0.0816248359865
2.2 0.004336 23.9987083387 0.0787842625743
2.2 0.004878 22.987107766 0.0750403598831
2.2 0.00542 21.907655904 0.0707508199903
2.2 0.005962 21.033932942 0.0683136799887
2.2 0.006504 20.1397539693 0.0652777992469
2.2 0.007046 19.1964925129 0.0619915610542
2.2 0.007588 18.3537889595 0.0592101428185
2.2 0.00813 17.6303086107 0.0569449792035
2.2 0.008672 16.9675385285 0.0548151989253
2.2 0.009214 16.5189410201 0.0529172783544
2.2 0.009756 15.7649203067 0.0504534891816
2.2 0.010298 15.3582373386 0.0488567614906
2.2 0.01084 14.687816038 0.0466952769374
2.2 0.011382 14.1539469088 0.0449107960372
2.2 0.011924 13.6872834793 0.0433213920097
2.2 0.012466 13.2577507951 0.0419449751035
2.2 0.013008 12.7917122271 0.0405146176206
2.2 0.01355 12.2528801139 0.0387353608894
2.2 0.014092 11.9597028718 0.0375357281255
2.2 0.014634 11.4792292509 0.0360153881136
2.2 0.015176 11.1120149952 0.0349635555099
2.2 0.015718 10.7639520614 0.0336660206937
2.2 0.01626 10.4068644453 0.0323710198842
2.2 0.016802 10.1458620472 0.0315682460857
2.2 0.017344 9.84518664846 0.0306185354976
2.2 0.017886 9.46526409774 0.0292825446758
2.2 0.018428 9.18218986807 0.0283123853343
2.2 0.01897 8.90938210239 0.0274950035457
2.2 0.019512 8.62472805202 0.0265126555275
2.4 0.001084 43.4480369911 0.143790564791
2.4 0.001626 40.1460040122 0.134489732975
2.4 0.002168 38.3725196882 0.127696583926
2.4 0.00271 36.9983557669 0.121892761337
2.4 0.003252 34.9933501922 0.11430288239
2.4 0.003794 33.0784630269 0.107311666325
2.4 0.004336 31.8680590999 0.10327949966
2.4 0.004878 30.3227417647 0.0979980129269
2.4 0.00542 28.9506923915 0.092759933067
2.4 0.005962 27.9039294533 0.0896759301227
2.4 0.006504 26.5594788174 0.0851545398156
2.4 0.007046 25.2275329284 0.0804895567535
2.4 0.007588 24.3662225011 0.0778454212534
2.4 0.00813 23.3462039899 0.0743200595377
2.4 0.008672 22.6327037093 0.0716904959951
2.4 0.009214 21.8215566827 0.0689168148937
2.4 0.009756 20.9305375823 0.0656972155387
2.4 0.010298 20.2384443353 0.0631902481942
2.4 0.01084 19.3814162703 0.060831763239
2.4 0.011382 18.8154635104 0.0585227885685
2.4 0.011924 18.1273890635 0.0563625647135
2.4 0.012466 17.5651510416 0.0545770038945
2.4 0.013008 16.8627948247 0.0521756585517
2.4 0.01355 16.348603067 0.0504285679426
2.4 0.014092 15.7623849223 0.0483283420241
2.4 0.014634 15.2073833708 0.0467053192812
2.4 0.015176 14.7390572391 0.0451630377794
2.4 0.015718 14.306722331 0.0435327441059
2.4 0.01626 13.8887183476 0.0421740797839
2.4 0.016802 13.4796078707 0.0408876589001
2.4 0.017344 12.995702541 0.0394572806477
2.4 0.017886 12.5750924646 0.0380206639337
2.4 0.018428 12.2374755564 0.0367070843995
2.4 0.01897 11.8425401533 0.0354850217584
2.4 0.019512 11.5034314686 0.0343127419016
2.6 0.001084 56.6933401141 0.186345362567
2.6 0.001626 52.3202182496 0.174140864001
2.6 0.002168 50.0063471309 0.165636854785
2.6 0.00271 47.9611300441 0.156930826629
2.6 0.003252 45.1078457025 0.146089372206
2.6 0.003794 43.0374596495 0.138695505441
2.6 0.004336 41.2564286236 0.13268946859
2.6 0.004878 39.0694850597 0.125007204117
2.6 0.00542 37.3502620438 0.118795155073
2.6 0.005962 35.8005650954 0.113920410284
2.6 0.006504 33.9254868327 0.107679425942
2.6 0.007046 32.3218807666 0.102082660526
2.6 0.007588 31.5279814346 0.100187211759
2.6 0.00813 29.8860588459 0.0941809903194
2.6 0.008672 29.2985687947 0.0917561146931
2.6 0.009214 27.901548736 0.0870304638334
2.6 0.009756 27.0965192593 0.0833519894371
2.6 0.010298 25.8901797154 0.0800404631197
2.6 0.01084 25.1107053282 0.0769962236248
2.6 0.011382 24.2841202154 0.0742095113482
2.6 0.011924 23.437299438 0.0716580213239
2.6 0.012466 22.617122554 0.0688571716315
2.6 0.013008 21.7772411709 0.0660219863159
2.6 0.01355 21.0482687138 0.0636158648039
2.6 0.014092 20.3230364297 0.0612561355464
2.6 0.014634 19.6397042662 0.0592585304026
2.6 0.015176 19.0930094493 0.0570137830448
2.6 0.015718 18.5923755087 0.0553482698363
2.6 0.01626 17.9865156185 0.0538234512876
2.6 0.016802 17.323729594 0.0514347920216
2.6 0.017344 16.8459621763 0.0497500985194
2.6 0.017886 16.3593161443 0.0479503943516
2.6 0.018428 15.8716348757 0.0465508656901
2.6 0.01897 15.4209814374 0.0450355799928
2.6 0.019512 14.8549258149 0.043269976991
2.8 0.001084 72.2799308231 0.238901168094
2.8 0.001626 66.7693297497 0.222871787726
2.8 0.002168 63.70396182 0.211753383641
2.8 0.00271 60.7805311287 0.198973578089
2.8 0.003252 56.8592462657 0.184186165662
2.8 0.003794 54.7509722888 0.176707311577
2.8 0.004336 52.0581864285 0.167591561662
2.8 0.004878 49.279494968 0.157370459443
2.8 0.00542 47.2216102108 0.15025522095
2.8 0.005962 44.9673894063 0.143030881242
2.8 0.006504 42.5486654364 0.134523254618
2.8 0.007046 41.007733153 0.129499845952
2.8 0.007588 39.6973067215 0.125617781527
2.8 0.00813 37.9647886687 0.118909437977
2.8 0.008672 36.8449619309 0.114674292543
2.8 0.009214 35.2214354782 0.108931206906
2.8 0.009756 34.174098293 0.104424908188
2.8 0.010298 32.5061802379 0.100196844139
2.8 0.01084 31.8283854506 0.0963997515074
2.8 0.011382 30.4858144169 0.0929563995861
2.8 0.011924 29.5829225862 0.0892083494555
2.8 0.012466 28.4780391385 0.0852924722281
2.8 0.013008 27.6185568504 0.0828089441533
2.8 0.01355 26.7593770227 0.0792376366487
2.8 0.014092 25.8383237771 0.076471449499
2.8 0.014634 24.9869478138 0.0734426140264
2.8 0.015176 24.2810437488 0.0714878106418
2.8 0.015718 23.5480999423 0.0691370817242
2.8 0.01626 22.7133908119 0.0662034081464
2.8 0.016802 22.0571859339 0.0641055387011
2.8 0.017344 21.4421194195 0.0622213606043
2.8 0.017886 20.8014850037 0.0600616876708
2.8 0.018428 20.2356652898 0.058037017649
2.8 0.01897 19.5658594809 0.0559899169327
2.8 0.019512 18.898002568 0.0540228016076
3.0 0.001084 90.6138856794 0.304147263302
3.0 0.001626 83.7774677586 0.282987115435
3.0 0.002168 79.7844005792 0.269340220159
3.0 0.00271 75.8365083825 0.250442179461
3.0 0.003252 70.625220335 0.230532654884
3.0 0.003794 68.6116177681 0.223646281518
3.0 0.004336 64.5840768751 0.209918107051
3.0 0.004878 61.3973049123 0.197496442686
3.0 0.00542 58.806910103 0.189106833365
3.0 0.005962 55.6830780278 0.177958148517
3.0 0.006504 52.7618161782 0.166563225014
3.0 0.007046 51.4222442922 0.163089351258
3.0 0.007588 49.1262803856 0.154981727622
3.0 0.00813 47.4354102544 0.148343712761
3.0 0.008672 45.5631490906 0.141859312009
3.0 0.009214 44.1194084658 0.135731271045
3.0 0.009756 42.2948856507 0.130028751689
3.0 0.010298 40.8205954869 0.124939338341
3.0 0.01084 39.5209068868 0.120015254596
3.0 0.011382 38.0356132893 0.114669365279
3.0 0.011924 36.8086253838 0.109943620748
3.0 0.012466 35.6824839553 0.106566595279
3.0 0.013008 34.6373410558 0.102736299135
3.0 0.01355 33.5154072859 0.0981526052363
3.0 0.014092 32.3032310808 0.0944200248412
3.0 0.014634 31.3038255305 0.0913465114619
3.0 0.015176 30.4510526486 0.0888487335787
3.0 0.015718 29.4378288867 0.0852563246955
3.0 0.01626 28.4193356971 0.0819403677758
3.0 0.016802 27.6743108763 0.0798156823071
3.0 0.017344 26.8790080518 0.0774079887123
3.0 0.017886 26.234345416 0.074807405588
3.0 0.018428 25.4555347672 0.0720325744471
3.0 0.01897 24.5265303649 0.0694582284228
3.0 0.019512 23.9909524584 0.0672643999124
3.2 0.001084 112.805786636 0.38832866295
3.2 0.001626 104.329747207 0.360061434508
3.2 0.002168 98.9115363784 0.342114450012
3.2 0.00271 93.8667850304 0.314942788908
3.2 0.003252 87.1570773049 0.289642661843
3.2 0.003794 85.4353372482 0.283373747663
3.2 0.004336 79.612086645 0.263266199927
3.2 0.004878 76.2476051568 0.249557557061
3.2 0.00542 72.7438065759 0.237753976772
3.2 0.005962 68.6373662458 0.221899856577
3.2 0.006504 65.0177087186 0.207167862545
3.2 0.007046 64.0529588213 0.205791207913
3.2 0.007588 60.4161635953 0.191623934343
3.2 0.00813 59.0390064016 0.185931640133
3.2 0.008672 56.0584871196 0.175210823564
3.2 0.009214 55.1134283637 0.17040558483
3.2 0.009756 52.1029703896 0.161196751859
3.2 0.010298 50.8166889768 0.155568219481
3.2 0.01084 48.8042899826 0.148874942026
3.2 0.011382 47.0853033878 0.141471791654
3.2 0.011924 45.8131410088 0.13736238152
3.2 0.012466 44.445963831 0.133586636345
3.2 0.013008 43.3395580186 0.127249506874
3.2 0.01355 41.5930231978 0.122176006802
3.2 0.014092 40.1699763222 0.117271712666
3.2 0.014634 39.1221788874 0.114374299405
3.2 0.015176 37.9646754825 0.109927851575
3.2 0.015718 36.4934318345 0.105829744164
3.2 0.01626 35.4848447236 0.10210467635
3.2 0.016802 34.5434518478 0.0994804994353
3.2 0.017344 33.8758095852 0.0964465404063
3.2 0.017886 32.8839015123 0.0927844153127
3.2 0.018428 31.6141336631 0.0890399429403
3.2 0.01897 30.885185235 0.085988675828
3.2 0.019512 30.2635902694 0.0845454007191
3.4 0.001084 140.717503465 0.496673393816
3.4 0.001626 130.13554226 0.461549916646
3.4 0.002168 122.628584722 0.434332784987
3.4 0.00271 116.186289284 0.398571807407
3.4 0.003252 108.819959173 0.370181413826
3.4 0.003794 105.856980837 0.358758669552
3.4 0.004336 98.9885568185 0.333633460421
3.4 0.004878 94.9129318992 0.317073491569
3.4 0.00542 89.9894653534 0.29858643711
3.4 0.005962 84.9163183009 0.279008833075
3.4 0.006504 81.1915250992 0.26423665954
3.4 0.007046 79.0024418261 0.256793314519
3.4 0.007588 75.3427631821 0.241807168402
3.4 0.00813 73.0462854433 0.232238773125
3.4 0.008672 70.100060912 0.221015078213
3.4 0.009214 68.2172708989 0.213568442004
3.4 0.009756 65.1731568832 0.20249242523
3.4 0.010298 62.9917451805 0.194764655775
3.4 0.01084 60.5872285398 0.185652077809
3.4 0.011382 58.6504959406 0.178075110175
3.4 0.011924 57.0951527036 0.173106190357
3.4 0.012466 55.5585364422 0.16649130206
3.4 0.013008 53.8187967293 0.15936267423
3.4 0.01355 51.8358534874 0.153017461529
3.4 0.014092 50.258287645 0.14772615269
3.4 0.014634 48.7797588479 0.142493398064
3.4 0.015176 47.1891083525 0.137157625822
3.4 0.015718 45.770595726 0.132558869587
3.4 0.01626 44.5165749731 0.128482132616
3.4 0.016802 43.5869291052 0.124402563461
3.4 0.017344 42.43123983 0.119968592467
3.4 0.017886 40.8707803062 0.114925625746
3.4 0.018428 39.8285396702 0.111274305373
3.4 0.01897 38.8743233067 0.108242778493
3.4 0.019512 37.9069116135 0.105221143557
3.6 0.001084 176.004294816 0.639892617078
3.6 0.001626 162.706718062 0.594306539543
3.6 0.002168 152.714363857 0.553790740776
3.6 0.00271 144.418304315 0.508295952004
3.6 0.003252 136.364526975 0.476004387106
3.6 0.003794 131.422645089 0.457011082709
3.6 0.004336 123.6152694 0.426299101483
3.6 0.004878 118.269030369 0.403873091966
3.6 0.00542 111.641480563 0.37791776367
3.6 0.005962 105.4464519 0.354034241175
3.6 0.006504 101.64262666 0.339025377396
3.6 0.007046 97.7755016311 0.323194400442
3.6 0.007588 94.2434139406 0.306933330171
3.6 0.00813 90.6028589837 0.29267326478
3.6 0.008672 88.133897546 0.283002998779
3.6 0.009214 84.8349785532 0.269647959125
3.6 0.009756 81.3814594627 0.257486424203
3.6 0.010298 78.454549091 0.246376248722
3.6 0.01084 75.2379013778 0.233782016928
3.6 0.011382 73.4984564411 0.22658864625
3.6 0.011924 71.2787384309 0.218816898617
3.6 0.012466 69.7932612855 0.209744953048
3.6 0.013008 67.1599546802 0.201925823742
3.6 0.01355 65.0113791206 0.19277113754
3.6 0.014092 62.993761315 0.186352489209
3.6 0.014634 61.1364219358 0.179098851388
3.6 0.015176 59.3851130319 0.173300355896
3.6 0.015718 57.652398814 0.167405605637
3.6 0.01626 56.1083200616 0.161668526372
3.6 0.016802 54.7836630355 0.155995310321
3.6 0.017344 52.9868676026 0.149927045859
3.6 0.017886 51.4322339153 0.144494888652
3.6 0.018428 50.2488966142 0.140580170441
3.6 0.01897 48.842858456 0.135943460989
3.6 0.019512 47.7317779701 0.132132165661
3.8 0.001084 219.396338212 0.82988539521
3.8 0.001626 202.797481995 0.769849686033
3.8 0.002168 189.83549699 0.711305564911
3.8 0.00271 179.729750967 0.654879380775
3.8 0.003252 171.171179852 0.617287996442
3.8 0.003794 163.972021079 0.587063227167
3.8 0.004336 155.402866637 0.55009733896
3.8 0.004878 148.242680905 0.51898477884
3.8 0.00542 139.546624678 0.484774478952
3.8 0.005962 132.148582381 0.454954107428
3.8 0.006504 127.854132256 0.438544083509
3.8 0.007046 121.854879899 0.41114830632
3.8 0.007588 118.622023991 0.394417490508
3.8 0.00813 113.283006505 0.374430873108
3.8 0.008672 111.437602954 0.365893025578
3.8 0.009214 106.349808566 0.344759313876
3.8 0.009756 102.073008446 0.329858946994
3.8 0.010298 98.5975184851 0.315425595389
3.8 0.01084 94.7737689712 0.299458133735
3.8 0.011382 92.5892331263 0.289618850911
3.8 0.011924 90.0082049709 0.279013453305
3.8 0.012466 87.6597056195 0.268558394006
3.8 0.013008 84.7745793432 0.257265748617
3.8 0.01355 82.082266229 0.246592775159
3.8 0.014092 79.5180005316 0.236881488435
3.8 0.014634 77.3325487909 0.22905661006
3.8 0.015176 75.0585586277 0.220730841493
3.8 0.015718 72.859869084 0.212862974764
3.8 0.01626 70.8839816771 0.205078017753
3.8 0.016802 69.0647384713 0.198672411118
3.8 0.017344 66.7515428478 0.189624367798
3.8 0.017886 65.7137508971 0.186001490504
3.8 0.018428 63.2339656502 0.177592106696
3.8 0.01897 62.0658754204 0.173770944399
3.8 0.019512 60.4406756181 0.166340998425
4.0 0.001084 277.256997683 1.08599481673
4.0 0.001626 256.39542262 1.00630283635
4.0 0.002168 239.640956833 0.923994281351
4.0 0.00271 226.971964357 0.853924987056
4.0 0.003252 217.002261711 0.808535764622
4.0 0.003794 206.570698592 0.762306753169
4.0 0.004336 196.926128153 0.718182193175
4.0 0.004878 187.089623676 0.673711601394
4.0 0.00542 175.759835475 0.628308591083
4.0 0.005962 167.358225067 0.591409417126
4.0 0.006504 161.979262061 0.572975653524
4.0 0.007046 153.845872173 0.531914353988
4.0 0.007588 150.073650691 0.512980970981
4.0 0.00813 144.192224562 0.488982667162
4.0 0.008672 140.778966165 0.47340217989
4.0 0.009214 134.625105302 0.448374491687
4.0 0.009756 129.640404023 0.42820845277
4.0 0.010298 124.743236021 0.407571506857
4.0 0.01084 120.915814627 0.38862687617
4.0 0.011382 117.306378234 0.374086144405
4.0 0.011924 114.607963111 0.361820616633
4.0 0.012466 110.99606485 0.346884222629
4.0 0.013008 107.912284854 0.332370099112
4.0 0.01355 104.279568572 0.319023985397
4.0 0.014092 101.26274714 0.307062607191
4.0 0.014634 98.3616506193 0.29632535468
4.0 0.015176 95.500047685 0.284197985912
4.0 0.015718 92.8162372893 0.27359314685
4.0 0.01626 90.498680701 0.265269649704
4.0 0.016802 88.0663397246 0.255926328019
4.0 0.017344 86.1481701956 0.247981533012
4.0 0.017886 83.2461722165 0.238046373212
4.0 0.018428 81.1769638566 0.231001358098
4.0 0.01897 79.4142142031 0.22155219681
4.0 0.019512 76.8203234763 0.212609575805
4.2 0.001084 349.013580985 1.43562117676
4.2 0.001626 323.092403824 1.32713696008
4.2 0.002168 302.204958006 1.21468500171
4.2 0.00271 286.766459264 1.12694397571
4.2 0.003252 275.418838739 1.07025665903
4.2 0.003794 261.214339604 1.00038407158
4.2 0.004336 250.65506826 0.949310150466
4.2 0.004878 237.251643502 0.883301555832
4.2 0.00542 222.696234886 0.822731848772
4.2 0.005962 213.897907019 0.782683560598
4.2 0.006504 205.454765301 0.749361427922
4.2 0.007046 196.837477329 0.703156727774
4.2 0.007588 190.849521361 0.673445864629
4.2 0.00813 185.192828368 0.646564443886
4.2 0.008672 179.486915116 0.621958657714
4.2 0.009214 171.584158977 0.587073044835
4.2 0.009756 166.1948902 0.565202398645
4.2 0.010298 159.043347477 0.532795662834
4.2 0.01084 155.217493863 0.509893610413
4.2 0.011382 150.23855422 0.490969529853
4.2 0.011924 146.736449065 0.474877777176
4.2 0.012466 142.400242853 0.454044390037
4.2 0.013008 138.245679205 0.436077949334
4.2 0.01355 133.927117462 0.418535018781
4.2 0.014092 129.930814202 0.403386360581
4.2 0.014634 126.327043179 0.387835638995
4.2 0.015176 122.715662456 0.369949451535
4.2 0.015718 119.517568499 0.357683269576
4.2 0.01626 116.793067479 0.348779984059
4.2 0.016802 113.877469504 0.336043017946
4.2 0.017344 111.119075703 0.325035773626
4.2 0.017886 107.459792434 0.311604094368
4.2 0.018428 105.02460041 0.300690373413
4.2 0.01897 102.21937148 0.288839657247
4.2 0.019512 99.9275115766 0.280462126464
4.4 0.001084 442.635693691 1.91841136787
4.4 0.001626 410.439225007 1.76687258155
4.4 0.002168 384.90402252 1.61819519584
4.4 0.00271 365.661088904 1.50690900654
4.4 0.003252 352.329348519 1.43424326434
4.4 0.003794 332.710421205 1.32904522377
4.4 0.004336 321.79150688 1.27352227286
4.4 0.004878 303.019058789 1.17403802106
4.4 0.00542 285.715019918 1.09667061937
4.4 0.005962 275.580516439 1.05145154152
4.4 0.006504 263.414749097 0.995159394059
4.4 0.007046 254.353374142 0.943734520247
4.4 0.007588 245.627682621 0.897361913865
4.4 0.00813 240.154305525 0.866074138436
4.4 0.008672 231.638479937 0.829987878195
4.4 0.009214 221.545324141 0.780221798648
4.4 0.009756 214.728874704 0.753717705274
4.4 0.010298 206.520799131 0.709881779177
4.4 0.01084 200.542145012 0.679816493184
4.4 0.011382 195.100662451 0.657192061337
4.4 0.011924 189.786785715 0.631055911057
4.4 0.012466 184.789899531 0.606135282071
4.4 0.013008 179.061162089 0.581427004086
4.4 0.01355 173.611411113 0.557109492249
4.4 0.014092 168.799283353 0.537201552154
4.4 0.014634 164.602128379 0.515061341137
4.4 0.015176 160.166306631 0.493223511234
4.4 0.015718 156.45370613 0.479646928502
4.4 0.01626 152.762021555 0.464282565765
4.4 0.016802 149.301431648 0.448607798155
4.4 0.017344 144.280973037 0.429473780679
4.4 0.017886 140.553045515 0.412613331612
4.4 0.018428 137.024133761 0.399193198096
4.4 0.01897 133.867206905 0.384530772445
4.4 0.019512 130.735027478 0.372656196647
4.6 0.001084 562.244744882 2.59247876771
4.6 0.001626 522.339453462 2.37889183221
4.6 0.002168 491.861786238 2.18856246074
4.6 0.00271 468.453500638 2.04486940477
4.6 0.003252 452.954827907 1.95013553264
4.6 0.003794 426.378080414 1.79392107515
4.6 0.004336 414.302156021 1.7220751417
4.6 0.004878 389.563808138 1.58567941522
4.6 0.00542 370.152923766 1.49135279044
4.6 0.005962 357.315830057 1.43184653842
4.6 0.006504 340.909367145 1.34322652112
4.6 0.007046 331.684973486 1.28634197644
4.6 0.007588 319.634890209 1.21763588493
4.6 0.00813 313.100098762 1.17523620744
4.6 0.008672 301.3528181 1.11919994556
4.6 0.009214 289.886035865 1.0648417488
4.6 0.009756 279.889035456 1.01746663997
4.6 0.010298 270.215354873 0.9605159308
4.6 0.01084 262.108297865 0.925456539408
4.6 0.011382 255.436000357 0.89423709479
4.6 0.011924 247.939513159 0.854349635043
4.6 0.012466 241.627911443 0.823159409572
4.6 0.013008 234.266113802 0.78844280312
4.6 0.01355 227.402556167 0.755248041025
4.6 0.014092 222.337082788 0.727183101481
4.6 0.014634 216.748977822 0.695460957385
4.6 0.015176 211.710219917 0.674015786634
4.6 0.015718 206.945727974 0.651873538204
4.6 0.01626 202.050732149 0.628974214075
4.6 0.016802 196.467467367 0.604553169133
4.6 0.017344 190.622272407 0.578388957998
4.6 0.017886 185.261159165 0.558648840343
4.6 0.018428 181.514781952 0.540483383492
4.6 0.01897 177.040997193 0.521742724166
4.6 0.019512 173.398278888 0.504716403085
