2.2 0.001084 17.2371464891 0.0603032412132
2.2 0.001626 16.0323446692 0.056245434451
2.2 0.002168 15.3559055032 0.0534856153227
2.2 0.00271 14.973842053 0.0517316538666
2.2 0.003252 14.3629061012 0.0492853473481
2.2 0.003794 13.4985810039 0.0459486910102
2.2 0.004336 13.056412803 0.0444981983149
2.2 0.004878 12.5588093581 0.0424286865817
2.2 0.00542 12.0292367853 0.0400411880888
2.2 0.005962 11.589565913 0.0388722009161
2.2 0.006504 11.1270674697 0.0372678905149
2.2 0.007046 10.6479389302 0.0355637834994
2.2 0.007588 10.2060152821 0.0340563827058
2.2 0.00813 9.81540315727 0.0327819298709
2.2 0.008672 9.47256070729 0.0316738444564
2.2 0.009214 9.21668296736 0.0304807462575
2.2 0.009756 8.82999773945 0.0293374595818
2.2 0.010298 8.59293451093 0.0283447984656
2.2 0.01084 8.26106543783 0.0272396058889
2.2 0.011382 7.96023910701 0.0261466650738
2.2 0.011924 7.69673662865 0.0252006474996
2.2 0.012466 7.47036359166 0.0245089406086
2.2 0.013008 7.22622050597 0.023803528564
2.2 0.01355 6.93636885982 0.0227964389732
2.2 0.014092 6.77115654284 0.0220254789608
2.2 0.014634 6.51375533862 0.0212721691221
2.2 0.015176 6.32185605594 0.0207205339326
2.2 0.015718 6.10786951939 0.0198702107829
2.2 0.01626 5.89130268781 0.0190597542133
2.2 0.016802 5.74168699128 0.0186310627501
2.2 0.017344 5.57731861556 0.0181014390848
2.2 0.017886 5.37074481024 0.0172983609257
2.2 0.018428 5.21476360784 0.0167461803397
2.2 0.01897 5.04350971194 0.0162448283515
2.2 0.019512 4.89372179645 0.0156435345445
2.4 0.001084 22.7350731963 0.0777850473929
2.4 0.001626 21.0817752298 0.0728863474992
2.4 0.002168 20.2825584221 0.069597965124
2.4 0.00271 19.7138789568 0.0669290495871
2.4 0.003252 18.696102434 0.0629502393226
2.4 0.003794 17.6598839682 0.0590748407762
2.4 0.004336 17.0707302626 0.0570276319967
2.4 0.004878 16.3247683062 0.0543605545069
2.4 0.00542 15.6563903483 0.0515108869583
2.4 0.005962 15.1532460164 0.0500864106979
2.4 0.006504 14.464958525 0.047613454601
2.4 0.007046 13.8052446513 0.045462061949
2.4 0.007588 13.3648496422 0.044023506477
2.4 0.00813 12.8311987386 0.0421583120768
2.4 0.008672 12.4498366252 0.0406576508187
2.4 0.009214 12.0229200489 0.0391610145498
2.4 0.009756 11.5436964637 0.0374547493087
2.4 0.010298 11.1744795478 0.0360693353777
2.4 0.01084 10.7599478129 0.0349142775372
2.4 0.011382 10.4198586676 0.0334547986215
2.4 0.011924 10.0756495053 0.0324463447082
2.4 0.012466 9.77691424254 0.0315206245373
2.4 0.013008 9.39614102115 0.0303300699749
2.4 0.01355 9.11111207081 0.0292273644487
2.4 0.014092 8.79373098981 0.0280126856068
2.4 0.014634 8.50323512232 0.0271821759481
2.4 0.015176 8.25054022935 0.0263421578648
2.4 0.015718 7.99500612805 0.0253596986662
2.4 0.01626 7.75046937845 0.0245430751292
2.4 0.016802 7.5374938248 0.0238134868867
2.4 0.017344 7.2657383025 0.0229701205287
2.4 0.017886 7.04138579669 0.0221930686998
2.4 0.018428 6.84235765109 0.0214482355325
2.4 0.01897 6.61946577076 0.0206271884511
2.4 0.019512 6.44115899139 0.0200668668298
2.6 0.001084 29.167192475 0.098210907338
2.6 0.001626 26.9926271023 0.0917799705462
2.6 0.002168 26.0209294025 0.0880429879989
2.6 0.00271 25.1647700157 0.0841827727517
2.6 0.003252 23.6772289696 0.0784199248075
2.6 0.003794 22.6039014452 0.0745445454019
2.6 0.004336 21.7576363322 0.071652469037
2.6 0.004878 20.6945680924 0.067766947818
2.6 0.00542 19.8771650153 0.0646235642307
2.6 0.005962 19.1324601903 0.0620848656422
2.6 0.006504 18.1927447104 0.0588429502086
2.6 0.007046 17.4103704227 0.056471254079
2.6 0.007588 17.0322139731 0.0553291819809
2.6 0.00813 16.1813351207 0.0522941680576
2.6 0.008672 15.8549528741 0.0507857794642
2.6 0.009214 15.1684029738 0.048562150101
2.6 0.009756 14.7322421358 0.0465613044471
2.6 0.010298 14.1528652737 0.0449947620046
2.6 0.01084 13.7259968055 0.0433116080039
2.6 0.011382 13.2930895972 0.041831271614
2.6 0.011924 12.8524282029 0.0405756241029
2.6 0.012466 12.3971846259 0.0391329809994
2.6 0.013008 11.9258972995 0.0375365858388
2.6 0.01355 11.5250195992 0.0360795554725
2.6 0.014092 11.1593817688 0.034856116019
2.6 0.014634 10.8181348209 0.0340173973109
2.6 0.015176 10.5100908142 0.0326512019646
2.6 0.015718 10.2399548645 0.0317536627461
2.6 0.01626 9.89512749703 0.0307440311524
2.6 0.016802 9.52763681183 0.0295190071771
2.6 0.017344 9.27395714347 0.0285451553114
2.6 0.017886 9.007297307 0.0274970054401
2.6 0.018428 8.73355612134 0.0266809706458
2.6 0.01897 8.48740839741 0.0258669406566
2.6 0.019512 8.19938806373 0.0249037962435
2.8 0.001084 36.4841220206 0.121884659687
2.8 0.001626 33.784115194 0.11373133678
2.8 0.002168 32.5559298662 0.108933713809
2.8 0.00271 31.3024884546 0.103528983777
2.8 0.003252 29.2418483181 0.0958642645163
2.8 0.003794 28.2098238484 0.0921676384691
2.8 0.004336 26.9239653253 0.0876740595718
2.8 0.004878 25.5823994242 0.0827541315829
2.8 0.00542 24.6378017153 0.0793170649341
2.8 0.005962 23.553045234 0.0755646176617
2.8 0.006504 22.3593258674 0.0716417200804
2.8 0.007046 21.6622615442 0.0695936790542
2.8 0.007588 21.0458634296 0.0675181240673
2.8 0.00813 20.1307850464 0.0640004281627
2.8 0.008672 19.5718242164 0.0618555817344
2.8 0.009214 18.7774031327 0.0592414304635
2.8 0.009756 18.2145765374 0.0567223505399
2.8 0.010298 17.4195237216 0.0548637232294
2.8 0.01084 17.0357036165 0.0526074526296
2.8 0.011382 16.3779155875 0.0509783232607
2.8 0.011924 15.8780590033 0.049071076341
2.8 0.012466 15.2755646861 0.0472291313504
2.8 0.013008 14.7837102471 0.0455136636309
2.8 0.01355 14.349334195 0.0437647444353
2.8 0.014092 13.9088798427 0.042651632375
2.8 0.014634 13.4774633314 0.0409974921134
2.8 0.015176 13.10334232 0.0399217890611
2.8 0.015718 12.6698823569 0.0384128124767
2.8 0.01626 12.2289006626 0.0369507427825
2.8 0.016802 11.8989913069 0.0359382358975
2.8 0.017344 11.5818519982 0.0348606174769
2.8 0.017886 11.2271427686 0.0335876097924
2.8 0.018428 10.9118173666 0.0325205723849
2.8 0.01897 10.5682528593 0.0314900131728
2.8 0.019512 10.2230171237 0.0304490784026
3.0 0.001084 44.570935987 0.148844892778
3.0 0.001626 41.3244754553 0.138751090828
3.0 0.002168 39.781353064 0.133316670356
3.0 0.00271 38.0594106344 0.125543546956
3.0 0.003252 35.3090507255 0.1151946586
3.0 0.003794 34.4393581794 0.112095715844
3.0 0.004336 32.4975108941 0.105619915673
3.0 0.004878 30.974913933 0.0998114197552
3.0 0.00542 29.8881943244 0.0960740415206
3.0 0.005962 28.3743434796 0.0905558529777
3.0 0.006504 26.9846621099 0.0856141326123
3.0 0.007046 26.469852228 0.0843511283058
3.0 0.007588 25.3257848973 0.0803191624974
3.0 0.00813 24.4559307264 0.0768883206473
3.0 0.008672 23.5734777204 0.0740344235463
3.0 0.009214 22.8061768053 0.0707553990959
3.0 0.009756 21.8882886552 0.0680051474743
3.0 0.010298 21.2014981532 0.0656936361352
3.0 0.01084 20.5653214137 0.0632735350007
3.0 0.011382 19.7966463077 0.0606512115339
3.0 0.011924 19.1457100923 0.0582820895417
3.0 0.012466 18.5439759487 0.0564676111203
3.0 0.013008 17.9881063887 0.0544531188214
3.0 0.01355 17.4510455077 0.0524314332727
3.0 0.014092 16.8807353208 0.0507105064178
3.0 0.014634 16.3688926892 0.0490525446475
3.0 0.015176 15.9019210696 0.0477266864332
3.0 0.015718 15.349530663 0.0457241854171
3.0 0.01626 14.8892584763 0.0443526448108
3.0 0.016802 14.5116315346 0.0431124206079
3.0 0.017344 14.0851691509 0.0416916384889
3.0 0.017886 13.7560972236 0.0404254754632
3.0 0.018428 13.3643668391 0.0391010356876
3.0 0.01897 12.9132050791 0.0378418010959
3.0 0.019512 12.6367551328 0.0367024844016
3.2 0.001084 53.7549466121 0.181240289387
3.2 0.001626 49.8530603352 0.168099357187
3.2 0.002168 47.7980496218 0.161920908199
3.2 0.00271 45.5073312944 0.150380019102
3.2 0.003252 41.9576035664 0.137258639645
3.2 0.003794 41.4140445641 0.135091616017
3.2 0.004336 38.5939906894 0.126159502117
3.2 0.004878 36.9932009718 0.119727691986
3.2 0.00542 35.6615285976 0.114909131171
3.2 0.005962 33.6488900442 0.107414466722
3.2 0.006504 32.0247098525 0.101165667595
3.2 0.007046 31.8142571417 0.101318225107
3.2 0.007588 29.9269915439 0.094518983324
3.2 0.00813 29.2315626897 0.0916370122658
3.2 0.008672 27.8951261658 0.0871785426614
3.2 0.009214 27.2675517834 0.0840110009905
3.2 0.009756 25.8724402399 0.080440108377
3.2 0.010298 25.4059774167 0.0778146897603
3.2 0.01084 24.3869507766 0.0746667421857
3.2 0.011382 23.4834779493 0.0711870892379
3.2 0.011924 22.8882384175 0.0692333240082
3.2 0.012466 22.1353169328 0.067181456226
3.2 0.013008 21.5725573517 0.0642244951053
3.2 0.01355 20.8513551403 0.0623963247412
3.2 0.014092 20.073238173 0.0596375179041
3.2 0.014634 19.6105644562 0.0585310983373
3.2 0.015176 18.9775948375 0.0561326936082
3.2 0.015718 18.3633652264 0.054545961425
3.2 0.01626 17.8854909716 0.0526226093179
3.2 0.016802 17.3937295424 0.0508758183607
3.2 0.017344 17.0825114579 0.0496474060858
3.2 0.017886 16.5832987921 0.0479323935276
3.2 0.018428 16.0234618078 0.0463660580296
3.2 0.01897 15.6671463953 0.0448527583334
3.2 0.019512 15.2406222445 0.0438231682274
3.4 0.001084 64.5968573775 0.21946048911
3.4 0.001626 59.9026090215 0.204116473433
3.4 0.002168 57.0445682385 0.195069889758
3.4 0.00271 54.0041720849 0.179678348637
3.4 0.003252 50.2099849185 0.165473300532
3.4 0.003794 49.1450700249 0.161394841881
3.4 0.004336 45.8938435186 0.150830259438
3.4 0.004878 44.0464292589 0.143436296822
3.4 0.00542 42.1271222683 0.136066175591
3.4 0.005962 39.7916567899 0.12761697572
3.4 0.006504 38.1982900205 0.121349681334
3.4 0.007046 37.3973485026 0.119061264511
3.4 0.007588 35.5706590605 0.112365224659
3.4 0.00813 34.5058638984 0.108169919421
3.4 0.008672 33.157482487 0.103252559056
3.4 0.009214 32.138322125 0.0993753512473
3.4 0.009756 30.8327345822 0.0948457706671
3.4 0.010298 29.961364302 0.091585958586
3.4 0.01084 28.7709619855 0.0875910555576
3.4 0.011382 27.8305982548 0.0841518221361
3.4 0.011924 27.0923241868 0.081958792443
3.4 0.012466 26.2804911473 0.0788329168303
3.4 0.013008 25.5318229732 0.0759907356931
3.4 0.01355 24.6255579054 0.0732269008605
3.4 0.014092 23.8798697019 0.070786590664
3.4 0.014634 23.201374994 0.0685810494691
3.4 0.015176 22.4919161339 0.0663262549893
3.4 0.015718 21.9052001874 0.0643424909544
3.4 0.01626 21.3236073082 0.0620802219714
3.4 0.016802 20.8872458734 0.0602406447377
3.4 0.017344 20.3518020319 0.0583135611659
3.4 0.017886 19.6645102679 0.0562467865953
3.4 0.018428 19.1656137516 0.0546302710907
3.4 0.01897 18.6322330181 0.0529652102466
3.4 0.019512 18.1385444356 0.0515125259303
3.6 0.001084 77.5100230059 0.266268790385
3.6 0.001626 71.8109224067 0.247809487006
3.6 0.002168 67.9479847485 0.234276014986
3.6 0.00271 63.964152572 0.214647407836
3.6 0.003252 59.9594936925 0.199444551922
3.6 0.003794 58.0295033224 0.192821524962
3.6 0.004336 54.4477325064 0.18056583858
3.6 0.004878 52.1900190385 0.171214589902
3.6 0.00542 49.5509818298 0.161261507578
3.6 0.005962 46.834264431 0.151435041276
3.6 0.006504 45.3873433273 0.145916684961
3.6 0.007046 43.7857349929 0.140139462262
3.6 0.007588 42.0455950648 0.1331558941
3.6 0.00813 40.5024799094 0.12750711652
3.6 0.008672 39.3103075025 0.123095998674
3.6 0.009214 37.7635467146 0.117059182716
3.6 0.009756 36.4803655585 0.112330684037
3.6 0.010298 35.2434721264 0.108294990086
3.6 0.01084 33.6719387831 0.102573678235
3.6 0.011382 32.9676507561 0.0998846363113
3.6 0.011924 31.8592955336 0.0964822843688
3.6 0.012466 31.1275906447 0.0925614686782
3.6 0.013008 30.134219148 0.0903252374308
3.6 0.01355 29.0345503501 0.0855783134281
3.6 0.014092 28.2565637524 0.0836812986484
3.6 0.014634 27.3756356672 0.0805036983926
3.6 0.015176 26.7121489602 0.0782522215341
3.6 0.015718 26.0577597802 0.0758049485143
3.6 0.01626 25.3567072909 0.0729821444319
3.6 0.016802 24.8002985613 0.0707511036212
3.6 0.017344 24.0131299885 0.0683744641237
3.6 0.017886 23.3528942709 0.0663144609803
3.6 0.018428 22.7475772946 0.0644272162481
3.6 0.01897 22.0942844821 0.0622464164606
3.6 0.019512 21.5395989604 0.0605695094722
3.8 0.001084 92.3328975707 0.323450111177
3.8 0.001626 85.4000791699 0.300918201168
3.8 0.002168 80.3224567847 0.281461330456
3.8 0.00271 75.4712811478 0.257419407432
3.8 0.003252 71.4114230416 0.240987458047
3.8 0.003794 68.5039152612 0.230821092044
3.8 0.004336 64.7280107734 0.216924173474
3.8 0.004878 61.8534924743 0.204893886122
3.8 0.00542 58.4496400658 0.192391553468
3.8 0.005962 55.2913179335 0.180714299206
3.8 0.006504 53.9405502772 0.175805541959
3.8 0.007046 51.2980661472 0.165283098436
3.8 0.007588 49.780639669 0.158416238207
3.8 0.00813 47.6926645152 0.151521574713
3.8 0.008672 46.6428503153 0.1474198506
3.8 0.009214 44.5511671321 0.138454870537
3.8 0.009756 43.0635176881 0.133593271366
3.8 0.010298 41.5104641328 0.128254997329
3.8 0.01084 39.778379969 0.121591018061
3.8 0.011382 38.9472827273 0.118270854031
3.8 0.011924 37.704157391 0.113987865338
3.8 0.012466 36.7564151215 0.110290811802
3.8 0.013008 35.5773628804 0.105976715617
3.8 0.01355 34.4218319431 0.101847200922
3.8 0.014092 33.3587467476 0.0982746520134
3.8 0.014634 32.5143729146 0.0952660913063
3.8 0.015176 31.7633426654 0.0924977026917
3.8 0.015718 30.8296723703 0.0889494505338
3.8 0.01626 30.0302631017 0.0857977987588
3.8 0.016802 29.2539685409 0.0837318712421
3.8 0.017344 28.3593316573 0.0803440985182
3.8 0.017886 27.822198889 0.079068872334
3.8 0.018428 26.7509332642 0.0751565731029
3.8 0.01897 26.2855655836 0.073821051214
3.8 0.019512 25.521729233 0.0710662993941
4.0 0.001084 111.117046674 0.393732239679
4.0 0.001626 102.63847913 0.366332916607
4.0 0.002168 96.0575626772 0.339559982576
4.0 0.00271 90.0905246131 0.310856993394
4.0 0.003252 85.6295171153 0.292596489292
4.0 0.003794 81.4259499162 0.277741448494
4.0 0.004336 77.3226051446 0.262045809094
4.0 0.004878 73.497804866 0.246244131909
4.0 0.00542 69.289578863 0.231226206135
4.0 0.005962 65.6087666835 0.216773367977
4.0 0.006504 64.2896251579 0.212242179626
4.0 0.007046 60.5832176386 0.196712250439
4.0 0.007588 59.0206536011 0.189692149327
4.0 0.00813 56.7589207607 0.182380487558
4.0 0.008672 55.1706361973 0.175587922941
4.0 0.009214 52.9028020364 0.166165901812
4.0 0.009756 51.0534510916 0.159755875837
4.0 0.010298 48.9203046444 0.152103343726
4.0 0.01084 47.4858159279 0.14553527943
4.0 0.011382 45.9821624243 0.140572412102
4.0 0.011924 44.8072496206 0.136213976556
4.0 0.012466 43.5939342793 0.131532167494
4.0 0.013008 42.2122497323 0.125645631861
4.0 0.01355 40.7709767112 0.121327286182
4.0 0.014092 39.6314780024 0.116855151777
4.0 0.014634 38.6692763282 0.113505001242
4.0 0.015176 37.6490845358 0.109357125168
4.0 0.015718 36.5699349367 0.105101216727
4.0 0.01626 35.6540192905 0.102313805101
4.0 0.016802 34.7128584025 0.0992455051064
4.0 0.017344 33.8755674627 0.0962937944985
4.0 0.017886 32.6764555896 0.0923706389056
4.0 0.018428 31.9275752895 0.0902304935398
4.0 0.01897 31.1766718407 0.0869921501143
4.0 0.019512 30.1546215817 0.0835107215895
4.2 0.001084 132.550894332 0.480805635555
4.2 0.001626 122.27899858 0.446780546084
4.2 0.002168 114.140890076 0.411611692717
4.2 0.00271 106.989711771 0.376928626658
4.2 0.003252 102.184246152 0.356366508723
4.2 0.003794 96.6468251569 0.335522129492
4.2 0.004336 92.2584937735 0.317832406491
4.2 0.004878 87.2460078671 0.29677408507
4.2 0.00542 82.1912669726 0.278980224838
4.2 0.005962 78.347037149 0.262757304516
4.2 0.006504 75.9322760118 0.25365823134
4.2 0.007046 72.1694463385 0.237095294628
4.2 0.007588 69.9326742058 0.228357472126
4.2 0.00813 67.7143845365 0.220472875239
4.2 0.008672 65.5164353843 0.210247086165
4.2 0.009214 62.6935277317 0.199213880904
4.2 0.009756 60.8192729703 0.192158982212
4.2 0.010298 57.68276664 0.181517799537
4.2 0.01084 56.6750983237 0.17444314593
4.2 0.011382 54.547801161 0.168547506272
4.2 0.011924 53.3160770344 0.163596789011
4.2 0.012466 51.8359218965 0.156673065675
4.2 0.013008 50.1145680046 0.15061558374
4.2 0.01355 48.5154767351 0.145060698373
4.2 0.014092 47.2383974712 0.140312311314
4.2 0.014634 45.9637754929 0.135407670617
4.2 0.015176 44.7000283336 0.129949909068
4.2 0.015718 43.4153944977 0.125039773701
4.2 0.01626 42.4229107238 0.122831515438
4.2 0.016802 41.3145108807 0.118315413784
4.2 0.017344 40.1652945463 0.114476850995
4.2 0.017886 38.8852665596 0.110519814717
4.2 0.018428 38.0713417379 0.107176240207
4.2 0.01897 36.9546781334 0.102815333786
4.2 0.019512 36.2309156328 0.0996575086248
4.4 0.001084 158.672616844 0.58849980304
4.4 0.001626 146.219663654 0.54547299493
4.4 0.002168 136.334309147 0.500489873042
4.4 0.00271 127.704657391 0.45840510211
4.4 0.003252 122.380231774 0.43491072379
4.4 0.003794 115.064776831 0.406377050121
4.4 0.004336 110.490673555 0.387262255692
4.4 0.004878 103.830002537 0.359544597333
4.4 0.00542 97.8496758266 0.337291993669
4.4 0.005962 93.8807631462 0.320466598211
4.4 0.006504 89.9981093598 0.30445272087
4.4 0.007046 86.2950516868 0.287385667317
4.4 0.007588 83.3405847821 0.276332074792
4.4 0.00813 81.1321631545 0.266698681249
4.4 0.008672 78.2538347833 0.2535064568
4.4 0.009214 74.741602281 0.239818522298
4.4 0.009756 72.4652479546 0.231760001553
4.4 0.010298 69.2142663426 0.218868004193
4.4 0.01084 67.3920429756 0.210617106872
4.4 0.011382 65.2870325556 0.204335824383
4.4 0.011924 63.6864704911 0.196501974806
4.4 0.012466 61.9696312715 0.188549644962
4.4 0.013008 59.6000207782 0.181571027307
4.4 0.01355 58.0312389986 0.174210627709
4.4 0.014092 56.4774372297 0.168780586632
4.4 0.014634 54.8957517142 0.162192476923
4.4 0.015176 53.3494111066 0.155693065082
4.4 0.015718 51.9500090131 0.151610909589
4.4 0.01626 50.635520396 0.146762144365
4.4 0.016802 49.360660551 0.141996588573
4.4 0.017344 47.7072303706 0.136467460403
4.4 0.017886 46.6071305349 0.132700872544
4.4 0.018428 45.4847634627 0.127397156762
4.4 0.01897 44.2452224136 0.123090532002
4.4 0.019512 43.3682325105 0.119517010186
4.6 0.001084 188.895446065 0.720216264856
4.6 0.001626 173.925057498 0.665156747768
4.6 0.002168 162.180560028 0.609380906351
4.6 0.00271 152.07694137 0.557783952108
4.6 0.003252 146.23732829 0.531032862066
4.6 0.003794 136.781480024 0.492918806428
4.6 0.004336 131.841863459 0.470467596186
4.6 0.004878 123.451042324 0.436156290501
4.6 0.00542 116.619688002 0.408818388838
4.6 0.005962 112.329121279 0.390808730172
4.6 0.006504 106.839053082 0.366580587359
4.6 0.007046 103.322590291 0.348892638075
4.6 0.007588 99.5721609584 0.334805881429
4.6 0.00813 97.1613941724 0.32239113373
4.6 0.008672 93.2982440685 0.305864322035
4.6 0.009214 89.6840821288 0.291746762707
4.6 0.009756 86.0708348274 0.278792750734
4.6 0.010298 83.1108826157 0.264595130517
4.6 0.01084 80.3658045296 0.256072376029
4.6 0.011382 77.9709879136 0.247357668737
4.6 0.011924 76.0997679252 0.236883163543
4.6 0.012466 73.8741580017 0.228045998352
4.6 0.013008 71.2867184803 0.218836605009
4.6 0.01355 69.4565187056 0.210491579816
4.6 0.014092 67.5485356164 0.20320213507
4.6 0.014634 65.7557945335 0.194350941842
4.6 0.015176 63.8291929976 0.188363345088
4.6 0.015718 62.2685860685 0.183092100824
4.6 0.01626 60.6352522041 0.176144931319
4.6 0.016802 58.9466991173 0.170292348949
4.6 0.017344 57.2400541507 0.164251954652
4.6 0.017886 55.8393688531 0.158266078968
4.6 0.018428 54.307167719 0.153129726626
4.6 0.01897 53.1185312676 0.14732069919
4.6 0.019512 51.8218259678 0.143609617307
