2.2 0.184924702397 14661.8274922 1.61535409992
2.4 0.231425921518 14975.2408529 1.61403687519
2.6 0.285929695332 14721.8907637 1.61165125861
2.8 0.349252333224 14123.8256028 1.60823535664
3.0 0.422242531447 13087.7316998 1.60362420015
3.2 0.505780851386 12039.3511578 1.59811953636
3.4 0.600779232412 11031.2217426 1.59043099965
3.6 0.708180535481 10051.9267218 1.580707848
3.8 0.828958114192 9203.3276442 1.56993280035
4.0 0.9641154105 8608.63937695 1.56136285235
4.2 1.1146855727 8197.28383337 1.55297669822
4.4 1.28173109358 7906.25665069 1.54711706062
4.6 1.46634346696 7482.39167809 1.54317238858
