2.2 0.184924702397 22384.6989895 1.61226521519
2.4 0.231425921518 22894.9588139 1.61156381173
2.6 0.285929695332 22549.2812302 1.60980864029
2.8 0.349252333224 21700.4385004 1.60831139952
3.0 0.422242531447 20163.110707 1.60446142344
3.2 0.505780851386 18580.801212 1.59875865634
3.4 0.600779232412 17082.060796 1.5920161093
3.6 0.708180535481 15634.865922 1.58431350974
3.8 0.828958114192 14374.313268 1.57477975509
4.0 0.9641154105 13488.2010824 1.56639753877
4.2 1.1146855727 12867.1012761 1.55770866045
4.4 1.28173109358 12423.3296001 1.550882319
4.6 1.46634346696 11764.6760856 1.54632304023
