2.2 0.332864464315 15197.0370438 1.61421001122
2.4 0.416566658733 15531.8558534 1.61338812457
2.6 0.514673451598 15262.7420244 1.61013833901
2.8 0.628654199803 14655.7839802 1.60773695551
3.0 0.760036556605 13585.0117523 1.60351359517
3.2 0.910405532495 12476.8850874 1.59705943479
3.4 1.08140261834 11424.2294192 1.5893408174
3.6 1.27472496387 10400.6275515 1.57946526662
3.8 1.49212460555 9520.73916427 1.5694094956
4.0 1.7354077389 8895.66950154 1.56033053139
4.2 2.00643403086 8464.37581637 1.5521530881
4.4 2.30711596845 8155.60235034 1.54589520344
4.6 2.63941824052 7710.46147287 1.54164221085
