2.2 0.001084 16.7181940216 0.0591556935836
2.2 0.001626 15.8315643994 0.0560992538174
2.2 0.002168 15.3734014759 0.0542555052511
2.2 0.00271 15.1030084358 0.0529019833232
2.2 0.003252 14.5312051142 0.0503414958871
2.2 0.003794 13.7216934131 0.0469572798721
2.2 0.004336 13.3414055302 0.0456555874847
2.2 0.004878 12.8253983067 0.0435713129969
2.2 0.00542 12.3350255503 0.0414748484038
2.2 0.005962 11.9243102483 0.0403941587245
2.2 0.006504 11.4292769386 0.0386540719026
2.2 0.007046 10.9286204787 0.0368725601704
2.2 0.007588 10.493258597 0.0354438296315
2.2 0.00813 10.1062689465 0.0342274924532
2.2 0.008672 9.75589420014 0.0330662520622
2.2 0.009214 9.51401735813 0.0320096434057
2.2 0.009756 9.0884927682 0.0306644747996
2.2 0.010298 8.85322779769 0.0295851185159
2.2 0.01084 8.53433989889 0.0286010848292
2.2 0.011382 8.23034274966 0.0274907257681
2.2 0.011924 7.97872719513 0.0264858934063
2.2 0.012466 7.74054665318 0.0256994985194
2.2 0.013008 7.46806392553 0.0248980096164
2.2 0.01355 7.18760213871 0.0239111411204
2.2 0.014092 6.99518068189 0.0231855621659
2.2 0.014634 6.72407314975 0.022354166837
2.2 0.015176 6.51955470017 0.0218168609415
2.2 0.015718 6.3090035792 0.0208789961094
2.2 0.01626 6.11434091883 0.0201141705224
2.2 0.016802 5.9511487332 0.019579962619
2.2 0.017344 5.77049201773 0.0189557284037
2.2 0.017886 5.56809471694 0.0181924839046
2.2 0.018428 5.39977816672 0.01759709196
2.2 0.01897 5.2259640305 0.0170929514275
2.2 0.019512 5.0628665312 0.0164346850857
2.4 0.001084 22.0108674199 0.0767152518581
2.4 0.001626 20.8047627139 0.0729742315205
2.4 0.002168 20.2863083848 0.0707429026832
2.4 0.00271 19.8980672223 0.0686063597996
2.4 0.003252 18.9668659394 0.0646813307065
2.4 0.003794 18.0117256825 0.0610086306495
2.4 0.004336 17.5264295979 0.059225731378
2.4 0.004878 16.7847642207 0.0563036727969
2.4 0.00542 16.1669568167 0.0538111044921
2.4 0.005962 15.7026938341 0.0526211644647
2.4 0.006504 14.9358555045 0.0499241688524
2.4 0.007046 14.3090386562 0.0478226009613
2.4 0.007588 13.8628981663 0.0462656621885
2.4 0.00813 13.3310417733 0.0444123714824
2.4 0.008672 12.9447061638 0.0429124205873
2.4 0.009214 12.5092759185 0.0414114532366
2.4 0.009756 12.0355415857 0.0397246796071
2.4 0.010298 11.6645351473 0.0382632380615
2.4 0.01084 11.2180592055 0.0369201996637
2.4 0.011382 10.889640315 0.035441035828
2.4 0.011924 10.5827043247 0.0345682253181
2.4 0.012466 10.2171016504 0.0335742320598
2.4 0.013008 9.84875729971 0.032212456709
2.4 0.01355 9.51490071105 0.0310483189
2.4 0.014092 9.19898418538 0.0298754614928
2.4 0.014634 8.87810519891 0.0288920663735
2.4 0.015176 8.60727600525 0.0279548466176
2.4 0.015718 8.36521056556 0.027040984557
2.4 0.01626 8.11152711701 0.0262107508634
2.4 0.016802 7.86901603644 0.0253273622153
2.4 0.017344 7.59364689463 0.0244442090887
2.4 0.017886 7.35779215149 0.0235889988734
2.4 0.018428 7.14942859058 0.0227814752474
2.4 0.01897 6.91852114174 0.021953634186
2.4 0.019512 6.71600863415 0.02132678579
2.6 0.001084 28.3248994604 0.0971667814815
2.6 0.001626 26.7627307941 0.0923580139532
2.6 0.002168 26.1563311569 0.089850693034
2.6 0.00271 25.5307931404 0.0867737591588
2.6 0.003252 24.1742884217 0.0812580476604
2.6 0.003794 23.2533880656 0.0778897540467
2.6 0.004336 22.4951062162 0.0750229172075
2.6 0.004878 21.4426579409 0.070821540374
2.6 0.00542 20.7024619421 0.0681058747818
2.6 0.005962 20.01626723 0.0658647810815
2.6 0.006504 19.0058693579 0.06240561353
2.6 0.007046 18.2174628436 0.0598491255164
2.6 0.007588 17.8488006824 0.0587556731032
2.6 0.00813 17.0142983799 0.0557034135304
2.6 0.008672 16.645317345 0.0541145333887
2.6 0.009214 15.9393021305 0.0519681047469
2.6 0.009756 15.4737972129 0.0497932343797
2.6 0.010298 14.8645044784 0.0482073832086
2.6 0.01084 14.408734395 0.0463041611338
2.6 0.011382 13.9897051267 0.0448886904018
2.6 0.011924 13.5302658616 0.0435300918189
2.6 0.012466 13.0554946263 0.0418778375025
2.6 0.013008 12.6069532884 0.0403009655853
2.6 0.01355 12.2116442094 0.0388233048418
2.6 0.014092 11.8222633336 0.0374573749429
2.6 0.014634 11.4421895421 0.0365065429966
2.6 0.015176 11.1361015335 0.0353395061595
2.6 0.015718 10.8100115747 0.0342125212038
2.6 0.01626 10.4391756778 0.0328994964776
2.6 0.016802 10.0772604562 0.0317791268428
2.6 0.017344 9.8034696554 0.0308258746306
2.6 0.017886 9.52260250141 0.0295327600806
2.6 0.018428 9.24387002236 0.0287324570911
2.6 0.01897 8.97414429368 0.0278592894715
2.6 0.019512 8.66610385248 0.0268305043178
2.8 0.001084 35.5054061581 0.120758940841
2.8 0.001626 33.5805527694 0.114709628897
2.8 0.002168 32.856243772 0.111718186096
2.8 0.00271 31.8731069891 0.107031735182
2.8 0.003252 29.9903133803 0.0995918773972
2.8 0.003794 29.2051431962 0.0968562600814
2.8 0.004336 27.9948085759 0.0923529066481
2.8 0.004878 26.685392578 0.0873357434956
2.8 0.00542 25.8472593698 0.0843595066942
2.8 0.005962 24.7771537859 0.0807450736214
2.8 0.006504 23.5386866249 0.0765311886605
2.8 0.007046 22.8756922765 0.074496658354
2.8 0.007588 22.2682117963 0.0725770539586
2.8 0.00813 21.2760271115 0.0687624123933
2.8 0.008672 20.6818292736 0.0663700882254
2.8 0.009214 19.9024913964 0.0638792179329
2.8 0.009756 19.3241225262 0.0612900068756
2.8 0.010298 18.510289067 0.0594243967363
2.8 0.01084 18.1080553388 0.0569263924007
2.8 0.011382 17.4408205187 0.0553460922355
2.8 0.011924 16.8605407742 0.0528970600865
2.8 0.012466 16.2482993611 0.0509393017938
2.8 0.013008 15.7476806133 0.0494347625987
2.8 0.01355 15.2693079984 0.0473598528684
2.8 0.014092 14.7876864322 0.0459319633886
2.8 0.014634 14.3780600854 0.044568181693
2.8 0.015176 13.9609986281 0.0433715392174
2.8 0.015718 13.5081096722 0.0416395490454
2.8 0.01626 13.0706131176 0.0402045249136
2.8 0.016802 12.720069481 0.0390584260146
2.8 0.017344 12.377154246 0.0377642741559
2.8 0.017886 12.0329419083 0.0365692607552
2.8 0.018428 11.7042284899 0.0354574323089
2.8 0.01897 11.3027143399 0.0341453032584
2.8 0.019512 10.9141926103 0.0329954356866
3.0 0.001084 43.4319742096 0.147556468869
3.0 0.001626 41.0829820529 0.13967163665
3.0 0.002168 40.1645841752 0.136745349328
3.0 0.00271 38.8522399377 0.129935752134
3.0 0.003252 36.3262166866 0.11989504988
3.0 0.003794 35.7757329462 0.118179585692
3.0 0.004336 33.9034133168 0.111518702502
3.0 0.004878 32.4527922803 0.105926974848
3.0 0.00542 31.4846373818 0.102628703762
3.0 0.005962 29.9491448473 0.0970247954901
3.0 0.006504 28.5368533454 0.0918957754223
3.0 0.007046 28.0985611056 0.0909410180805
3.0 0.007588 26.9397285305 0.0868592604765
3.0 0.00813 26.0290317746 0.0831359060915
3.0 0.008672 25.1529278845 0.0801775985762
3.0 0.009214 24.3606824577 0.0767593011309
3.0 0.009756 23.436891987 0.0739626150298
3.0 0.010298 22.7369294453 0.0714659605449
3.0 0.01084 22.0706569038 0.0689614121888
3.0 0.011382 21.2523294368 0.0661673087453
3.0 0.011924 20.5543157575 0.0635463578278
3.0 0.012466 19.9459591787 0.0616823889951
3.0 0.013008 19.3601739084 0.0595202368956
3.0 0.01355 18.7618063369 0.0572320239156
3.0 0.014092 18.1715606855 0.0553875154262
3.0 0.014634 17.6498362698 0.0536753722259
3.0 0.015176 17.1410887671 0.0521726144991
3.0 0.015718 16.5681725576 0.0501734368938
3.0 0.01626 16.0856008751 0.0487292528928
3.0 0.016802 15.6700828942 0.0471461534174
3.0 0.017344 15.2362866843 0.0458209626362
3.0 0.017886 14.8740477863 0.044388777243
3.0 0.018428 14.3933549677 0.0427267865409
3.0 0.01897 13.8961609077 0.0413518840307
3.0 0.019512 13.6119415883 0.0402897296057
3.2 0.001084 52.3852779045 0.179068279541
3.2 0.001626 49.5418024613 0.169173038791
3.2 0.002168 48.2808502217 0.165783461757
3.2 0.00271 46.47948592 0.155419939597
3.2 0.003252 43.2924365771 0.143502771588
3.2 0.003794 43.0473705127 0.142619550492
3.2 0.004336 40.3401764774 0.133299068116
3.2 0.004878 38.8813184594 0.127434173643
3.2 0.00542 37.6474466091 0.122859780009
3.2 0.005962 35.6478168101 0.115503381042
3.2 0.006504 34.0388997792 0.108928434128
3.2 0.007046 33.9333328618 0.10958487458
3.2 0.007588 31.9976908885 0.102405374465
3.2 0.00813 31.2328173745 0.0991807859675
3.2 0.008672 29.9505845575 0.0948844326932
3.2 0.009214 29.2605992094 0.0913899218648
3.2 0.009756 27.8415811533 0.0878051841646
3.2 0.010298 27.3615242033 0.084958354924
3.2 0.01084 26.2894187486 0.0818840872229
3.2 0.011382 25.3491455127 0.0780861092201
3.2 0.011924 24.7412439762 0.0759693086199
3.2 0.012466 24.0021049151 0.0736859118311
3.2 0.013008 23.389238731 0.0704309103837
3.2 0.01355 22.6328300712 0.0684991445824
3.2 0.014092 21.8239432498 0.0657641786557
3.2 0.014634 21.2996887202 0.0641685285745
3.2 0.015176 20.5736981281 0.0617279510295
3.2 0.015718 19.9868347953 0.0602557531612
3.2 0.01626 19.4408732673 0.0580155593921
3.2 0.016802 18.884069985 0.0563528254572
3.2 0.017344 18.5204581891 0.0546339913377
3.2 0.017886 18.0068312058 0.0527561833175
3.2 0.018428 17.3570722489 0.0510230273718
3.2 0.01897 16.9898499961 0.0493971063489
3.2 0.019512 16.503667365 0.0482161408274
3.4 0.001084 62.8343275305 0.216427014803
3.4 0.001626 59.4188000628 0.204828147308
3.4 0.002168 57.5074641012 0.199182454925
3.4 0.00271 55.0915556699 0.185332873285
3.4 0.003252 51.7723522892 0.172839286763
3.4 0.003794 51.0493228339 0.170226483812
3.4 0.004336 47.9322318375 0.159321752927
3.4 0.004878 46.2664910341 0.152503259535
3.4 0.00542 44.4378904345 0.14521869728
3.4 0.005962 42.1895371826 0.137203854534
3.4 0.006504 40.6566676443 0.130781085462
3.4 0.007046 39.9781242841 0.128839917621
3.4 0.007588 38.0274499455 0.121724980474
3.4 0.00813 36.9219933821 0.117297922846
3.4 0.008672 35.5962006659 0.112538310271
3.4 0.009214 34.5392299966 0.108443733836
3.4 0.009756 33.2250719028 0.103904168267
3.4 0.010298 32.339234543 0.100444865718
3.4 0.01084 31.1024244911 0.096197517575
3.4 0.011382 30.1450875478 0.0922768877654
3.4 0.011924 29.4365504359 0.0898527761744
3.4 0.012466 28.6563708112 0.0867001290076
3.4 0.013008 27.8818233802 0.0836799922683
3.4 0.01355 26.9263572297 0.0806840331076
3.4 0.014092 26.1199326645 0.0781000482045
3.4 0.014634 25.324390455 0.0757152660708
3.4 0.015176 24.5607874418 0.0732069438045
3.4 0.015718 23.9414720862 0.0710897422206
3.4 0.01626 23.3014365694 0.0689194305641
3.4 0.016802 22.7753213447 0.0667344177333
3.4 0.017344 22.221818799 0.064639526241
3.4 0.017886 21.5002655013 0.0624822153121
3.4 0.018428 20.957217347 0.0605727319045
3.4 0.01897 20.3691584614 0.05844230075
3.4 0.019512 19.9051929321 0.0572355252515
3.6 0.001084 75.1529467007 0.26130521633
3.6 0.001626 70.9865402993 0.247600148717
3.6 0.002168 68.2261266266 0.237965935068
3.6 0.00271 65.0535550614 0.220865488349
3.6 0.003252 61.7049004872 0.207786448987
3.6 0.003794 60.1721495973 0.202506359531
3.6 0.004336 56.8273515382 0.190250879487
3.6 0.004878 54.7618539828 0.181509427344
3.6 0.00542 52.3306277689 0.171930166766
3.6 0.005962 49.7590305482 0.162392107365
3.6 0.006504 48.4523278671 0.157142173017
3.6 0.007046 46.8906994124 0.151403495438
3.6 0.007588 45.0363476225 0.143869075197
3.6 0.00813 43.4958650354 0.138553605496
3.6 0.008672 42.2802246573 0.134013676479
3.6 0.009214 40.7083210499 0.127808918693
3.6 0.009756 39.4162337608 0.122815530978
3.6 0.010298 38.1885425038 0.118850271996
3.6 0.01084 36.5592827247 0.112665224161
3.6 0.011382 35.8230751375 0.109426048609
3.6 0.011924 34.7436523875 0.105865414401
3.6 0.012466 34.0301759077 0.102208569269
3.6 0.013008 32.9704524321 0.0997394621669
3.6 0.01355 31.828720962 0.0946146682047
3.6 0.014092 30.9158203418 0.0923623603186
3.6 0.014634 29.9539635095 0.0891042996551
3.6 0.015176 29.2725891785 0.0865023116662
3.6 0.015718 28.5515374025 0.0840785248905
3.6 0.01626 27.8112494891 0.0812152135202
3.6 0.016802 27.1447946687 0.0785411586296
3.6 0.017344 26.3454999936 0.0761729386444
3.6 0.017886 25.6434656045 0.0739295976969
3.6 0.018428 24.9906315368 0.0713969308359
3.6 0.01897 24.3232795313 0.0691483540652
3.6 0.019512 23.7804784035 0.0676118130032
3.8 0.001084 89.1598532135 0.31554515225
3.8 0.001626 84.1647973364 0.299555304833
3.8 0.002168 80.4128207684 0.284668577792
3.8 0.00271 76.5983853067 0.264220040687
3.8 0.003252 73.255012856 0.250087022666
3.8 0.003794 70.8433946704 0.241213703322
3.8 0.004336 67.3758262591 0.227767418272
3.8 0.004878 64.7718675012 0.21668396053
3.8 0.00542 61.6262947037 0.204773647994
3.8 0.005962 58.6677389468 0.193355428834
3.8 0.006504 57.5087565539 0.188798496853
3.8 0.007046 54.8919113588 0.178343485716
3.8 0.007588 53.3376615221 0.170822548135
3.8 0.00813 51.3402462263 0.164842220071
3.8 0.008672 50.2316885573 0.160109418772
3.8 0.009214 48.1459989765 0.151392538055
3.8 0.009756 46.5622361602 0.145868467476
3.8 0.010298 45.1008219819 0.1407987091
3.8 0.01084 43.2560613352 0.133503306019
3.8 0.011382 42.3848692562 0.129468865226
3.8 0.011924 41.19032584 0.125217923394
3.8 0.012466 40.2204296059 0.121865386805
3.8 0.013008 38.9849461572 0.117213163329
3.8 0.01355 37.7300181994 0.11250588219
3.8 0.014092 36.5845321697 0.108747078873
3.8 0.014634 35.7225196255 0.105595037977
3.8 0.015176 34.8642958956 0.102488907386
3.8 0.015718 33.9341860463 0.099081814185
3.8 0.01626 33.0471860652 0.0954530340374
3.8 0.016802 32.240121524 0.0931766791965
3.8 0.017344 31.3205057819 0.0899539585883
3.8 0.017886 30.6816278638 0.0876560376608
3.8 0.018428 29.6214650998 0.0835802835627
3.8 0.01897 29.0958631534 0.082490292462
3.8 0.019512 28.2869030886 0.0794463696117
4.0 0.001084 106.86651025 0.382441825475
4.0 0.001626 100.761305697 0.363093755556
4.0 0.002168 95.830076741 0.341738703837
4.0 0.00271 91.0725086238 0.31728910369
4.0 0.003252 87.5100082609 0.302039672503
4.0 0.003794 83.985854988 0.28906938151
4.0 0.004336 80.2776310611 0.27435457054
4.0 0.004878 76.8358260981 0.259766423203
4.0 0.00542 72.9032915992 0.245565584112
4.0 0.005962 69.4801173864 0.231249385673
4.0 0.006504 68.4116391942 0.227586949624
4.0 0.007046 64.8092856946 0.211889571605
4.0 0.007588 63.2670915975 0.204570007109
4.0 0.00813 61.1046043909 0.197911710171
4.0 0.008672 59.5206188833 0.190769354026
4.0 0.009214 57.1800077791 0.181085176401
4.0 0.009756 55.2997922593 0.174322080036
4.0 0.010298 53.1654021637 0.166569252779
4.0 0.01084 51.6481223827 0.159353103435
4.0 0.011382 50.1610778181 0.153861175564
4.0 0.011924 48.991284042 0.150010550875
4.0 0.012466 47.7906264161 0.145308297908
4.0 0.013008 46.3261349081 0.13861357322
4.0 0.01355 44.8035299796 0.134009199205
4.0 0.014092 43.6485892068 0.12936142592
4.0 0.014634 42.6334149099 0.125954030527
4.0 0.015176 41.5131856977 0.121468334102
4.0 0.015718 40.3663756978 0.117010508733
4.0 0.01626 39.3409155594 0.113737894652
4.0 0.016802 38.39086813 0.110780142879
4.0 0.017344 37.4771018639 0.107158180738
4.0 0.017886 36.288966425 0.102819358017
4.0 0.018428 35.4781129718 0.100821761306
4.0 0.01897 34.634153195 0.097162946408
4.0 0.019512 33.6269049969 0.0938317199703
4.2 0.001084 126.831340149 0.465125689091
4.2 0.001626 119.449889601 0.441260767375
4.2 0.002168 113.308453936 0.412645761259
4.2 0.00271 107.702416712 0.383085016642
4.2 0.003252 104.012486884 0.365990409816
4.2 0.003794 99.3752597557 0.347543977895
4.2 0.004336 95.5601252072 0.331579563554
4.2 0.004878 91.1231512669 0.312352804743
4.2 0.00542 86.3725807776 0.295678778555
4.2 0.005962 82.8605467258 0.280056495483
4.2 0.006504 80.6462842301 0.271508109323
4.2 0.007046 77.0595743781 0.254893554541
4.2 0.007588 74.8831517239 0.246326330012
4.2 0.00813 72.7586805487 0.238397312069
4.2 0.008672 70.6121822237 0.228231359672
4.2 0.009214 67.7078506961 0.216786022292
4.2 0.009756 65.8741575125 0.209918656891
4.2 0.010298 62.6532287242 0.198734612993
4.2 0.01084 61.6077629039 0.190865376251
4.2 0.011382 59.5641492529 0.18502065029
4.2 0.011924 58.3412868227 0.18028770317
4.2 0.012466 56.890414888 0.172975273379
4.2 0.013008 55.0699115632 0.166086628124
4.2 0.01355 53.4353833325 0.160146416395
4.2 0.014092 52.1636837054 0.155728699842
4.2 0.014634 50.8065712126 0.150347584108
4.2 0.015176 49.4507558886 0.144567000899
4.2 0.015718 48.0340661667 0.139144086732
4.2 0.01626 46.973069649 0.136838448134
4.2 0.016802 45.8185437132 0.13212965012
4.2 0.017344 44.5698265346 0.127356578041
4.2 0.017886 43.306517574 0.123494055873
4.2 0.018428 42.3792934982 0.119910733219
4.2 0.01897 41.2991042573 0.115571799128
4.2 0.019512 40.434899064 0.111941137311
4.4 0.001084 151.273965049 0.566759846563
4.4 0.001626 142.313017738 0.536494803718
4.4 0.002168 134.862934281 0.500011378559
4.4 0.00271 128.09499188 0.464146340195
4.4 0.003252 124.168958642 0.445247905658
4.4 0.003794 117.929885024 0.419522029054
4.4 0.004336 114.133135542 0.402548158594
4.4 0.004878 108.211015098 0.377385686777
4.4 0.00542 102.699790286 0.356868834232
4.4 0.005962 99.0543377848 0.340809215151
4.4 0.006504 95.3875074069 0.325462682206
4.4 0.007046 91.8569328943 0.308392632905
4.4 0.007588 88.9994047104 0.297500625656
4.4 0.00813 86.9354180081 0.287835207074
4.4 0.008672 84.0956431033 0.275093937083
4.4 0.009214 80.5227424969 0.260968700098
4.4 0.009756 78.3438525956 0.253260202596
4.4 0.010298 74.9839165619 0.239274052436
4.4 0.01084 73.228074282 0.230553000997
4.4 0.011382 71.2220908223 0.224408115126
4.4 0.011924 69.7146318254 0.216678574553
4.4 0.012466 67.9824124536 0.208052381808
4.4 0.013008 65.476410285 0.20012998007
4.4 0.01355 63.971016124 0.19265301271
4.4 0.014092 62.3915870329 0.187358105504
4.4 0.014634 60.6859647522 0.1800441291
4.4 0.015176 59.0068179948 0.173282822122
4.4 0.015718 57.512236869 0.168967365624
4.4 0.01626 56.0966162086 0.163872841833
4.4 0.016802 54.7043558798 0.157874766152
4.4 0.017344 53.0692802027 0.152429310585
4.4 0.017886 51.9237458481 0.148353128749
4.4 0.018428 50.7336032257 0.142733151144
4.4 0.01897 49.6084267265 0.138492394366
4.4 0.019512 48.5747934737 0.133929265565
4.6 0.001084 179.514292271 0.691198032076
4.6 0.001626 168.749746721 0.651789526504
4.6 0.002168 159.982033207 0.606881843333
4.6 0.00271 152.091885413 0.563146590033
4.6 0.003252 148.015231194 0.542263717109
4.6 0.003794 139.823737748 0.507613787138
4.6 0.004336 135.744647799 0.488088845627
4.6 0.004878 128.230536832 0.456338357803
4.6 0.00542 121.963052497 0.431122525141
4.6 0.005962 118.003621779 0.414448536191
4.6 0.006504 112.870731179 0.39116097981
4.6 0.007046 109.559830848 0.374129656452
4.6 0.007588 105.977653612 0.35944087771
4.6 0.00813 103.762021647 0.347751260546
4.6 0.008672 99.9684226703 0.331651760422
4.6 0.009214 96.3983149311 0.317535703514
4.6 0.009756 92.819601552 0.304096906671
4.6 0.010298 89.8239024067 0.288582103739
4.6 0.01084 87.3198176467 0.280351227043
4.6 0.011382 85.0281072984 0.271469139517
4.6 0.011924 83.3113270121 0.261403112178
4.6 0.012466 81.0386228834 0.251303447761
4.6 0.013008 78.4094507549 0.241165434664
4.6 0.01355 76.6044129183 0.233062638263
4.6 0.014092 74.5800476652 0.225163234731
4.6 0.014634 72.5117272667 0.215714746443
4.6 0.015176 70.6315240759 0.21046073539
4.6 0.015718 68.8576053336 0.204148398941
4.6 0.01626 67.1732384182 0.196705223289
4.6 0.016802 65.4826778693 0.190245364957
4.6 0.017344 63.8046479317 0.183913722122
4.6 0.017886 62.236765749 0.177001509888
4.6 0.018428 60.9152236792 0.17200290979
4.6 0.01897 59.4937919974 0.165267670235
4.6 0.019512 58.2835485026 0.16097660096
