2.2 0.001084 17.0595715418 0.0598731130642
2.2 0.001626 15.9467820174 0.0561523789168
2.2 0.002168 15.3388903654 0.0536661081406
2.2 0.00271 14.9903860325 0.0520333131742
2.2 0.003252 14.3793233597 0.0495171212352
2.2 0.003794 13.5246675836 0.0460991586379
2.2 0.004336 13.1064201352 0.0447191191176
2.2 0.004878 12.6020165972 0.0426271475747
2.2 0.00542 12.0835362084 0.0403740533807
2.2 0.005962 11.6685794889 0.0392091267419
2.2 0.006504 11.1917726174 0.037569460941
2.2 0.007046 10.7065381048 0.0358551342445
2.2 0.007588 10.2685697421 0.0343560969147
2.2 0.00813 9.8782418348 0.0330811277449
2.2 0.008672 9.54094042556 0.0319857827258
2.2 0.009214 9.29775237878 0.030873151183
2.2 0.009756 8.89453114 0.0296533632811
2.2 0.010298 8.65421707611 0.0286313166438
2.2 0.01084 8.32136045312 0.0275449074091
2.2 0.011382 8.00954551638 0.0264061206872
2.2 0.011924 7.74973110808 0.025442793667
2.2 0.012466 7.5224368772 0.0247375115434
2.2 0.013008 7.26934324071 0.0240021415973
2.2 0.01355 6.98618975695 0.0230091408632
2.2 0.014092 6.81269911188 0.0222641645737
2.2 0.014634 6.55922109354 0.0214811982453
2.2 0.015176 6.36422387782 0.020976175197
2.2 0.015718 6.154638493 0.0201031526271
2.2 0.01626 5.94055893861 0.0193251556686
2.2 0.016802 5.78239160616 0.0188478679235
2.2 0.017344 5.61379315026 0.0182691589823
2.2 0.017886 5.40961461684 0.0174746384768
2.2 0.018428 5.24754422553 0.0168911504425
2.2 0.01897 5.08253220013 0.0164165754794
2.2 0.019512 4.92411345339 0.0157901310658
2.4 0.001084 22.5295450241 0.0773834629289
2.4 0.001626 21.0180458359 0.0728911968558
2.4 0.002168 20.3080454213 0.06997137919
2.4 0.00271 19.7712882088 0.0673819629544
2.4 0.003252 18.7627348851 0.0633213343293
2.4 0.003794 17.7583658309 0.0595277715582
2.4 0.004336 17.2043700493 0.0576167052324
2.4 0.004878 16.4493862003 0.0548406253195
2.4 0.00542 15.7789789649 0.0520285406309
2.4 0.005962 15.2887463664 0.0506764075313
2.4 0.006504 14.5529347814 0.04800482014
2.4 0.007046 13.9068301534 0.0459306332554
2.4 0.007588 13.4757335046 0.0444699263164
2.4 0.00813 12.9580255867 0.0426775940443
2.4 0.008672 12.5773927858 0.0412063805845
2.4 0.009214 12.1427310211 0.0397023197896
2.4 0.009756 11.6611708982 0.0379674125218
2.4 0.010298 11.2878290352 0.0365132712535
2.4 0.01084 10.8598015541 0.0353147212119
2.4 0.011382 10.5166055581 0.0338332012456
2.4 0.011924 10.1907459471 0.0329380139353
2.4 0.012466 9.86989988136 0.0319839050897
2.4 0.013008 9.48584564659 0.0307453961118
2.4 0.01355 9.1980874844 0.0296404716433
2.4 0.014092 8.88060793418 0.0284051352993
2.4 0.014634 8.5810421922 0.0275610596244
2.4 0.015176 8.32007744096 0.0266839770807
2.4 0.015718 8.06756841848 0.0257104092794
2.4 0.01626 7.82349565722 0.0249318936735
2.4 0.016802 7.59654794357 0.0241257421476
2.4 0.017344 7.32446807661 0.0232475542238
2.4 0.017886 7.09587375934 0.0224381608734
2.4 0.018428 6.90691358081 0.0217033404598
2.4 0.01897 6.67550518164 0.020896189154
2.4 0.019512 6.48995771583 0.0203391664478
2.6 0.001084 28.9880774817 0.0979061090927
2.6 0.001626 26.9870789146 0.0920001468036
2.6 0.002168 26.1181258429 0.0885942816347
2.6 0.00271 25.3005792439 0.084864564126
2.6 0.003252 23.8325425262 0.0791335359414
2.6 0.003794 22.7951217037 0.0753652256988
2.6 0.004336 21.9674990063 0.0724903042292
2.6 0.004878 20.9018671751 0.0685553418153
2.6 0.00542 20.1075133729 0.065510481627
2.6 0.005962 19.384869786 0.0630353617982
2.6 0.006504 18.4105265075 0.0597206419548
2.6 0.007046 17.6387939525 0.0573335709924
2.6 0.007588 17.2547639054 0.05615862496
2.6 0.00813 16.4006501714 0.0531572131496
2.6 0.008672 16.0458673692 0.0515701624427
2.6 0.009214 15.3493961872 0.0493672474358
2.6 0.009756 14.8902672525 0.0472553577217
2.6 0.010298 14.3010599617 0.0456858341225
2.6 0.01084 13.8552376991 0.0439391764656
2.6 0.011382 13.4304943197 0.0425097709616
2.6 0.011924 12.9943527341 0.0412302084799
2.6 0.012466 12.5329085339 0.039710057597
2.6 0.013008 12.0660400902 0.0381096514678
2.6 0.01355 11.6673831274 0.0366369373986
2.6 0.014092 11.292925263 0.0353917411493
2.6 0.014634 10.9461616444 0.0345357104177
2.6 0.015176 10.635618156 0.0332409354769
2.6 0.015718 10.3452519092 0.0322608483069
2.6 0.01626 9.98351254315 0.031153322084
2.6 0.016802 9.62717953607 0.029974356847
2.6 0.017344 9.37509621134 0.0289634664862
2.6 0.017886 9.10829084349 0.0278601340437
2.6 0.018428 8.82743388732 0.0270482012553
2.6 0.01897 8.5749901401 0.0262299097183
2.6 0.019512 8.28155350364 0.0252307494726
2.8 0.001084 36.2860012363 0.12172109791
2.8 0.001626 33.8217212541 0.11424670253
2.8 0.002168 32.7218691658 0.109864797111
2.8 0.00271 31.5206716235 0.104578469015
2.8 0.003252 29.4937984997 0.0969392302041
2.8 0.003794 28.5198071461 0.0934664245829
2.8 0.004336 27.2446619445 0.0889294676097
2.8 0.004878 25.8938317317 0.0839449800161
2.8 0.00542 24.9737275372 0.0806296269907
2.8 0.005962 23.8789750041 0.0768897815197
2.8 0.006504 22.6570177667 0.0728800064456
2.8 0.007046 21.970964251 0.0708483007857
2.8 0.007588 21.355932717 0.0687622442042
2.8 0.00813 20.4164026093 0.0651383732817
2.8 0.008672 19.8464581052 0.0629843099002
2.8 0.009214 19.0586369175 0.0604071536436
2.8 0.009756 18.4750864677 0.0577541983865
2.8 0.010298 17.66891724 0.055866581445
2.8 0.01084 17.2748267165 0.0535664154036
2.8 0.011382 16.6219898852 0.0520118414906
2.8 0.011924 16.0881849044 0.0498577257969
2.8 0.012466 15.4829084707 0.0479821529352
2.8 0.013008 14.9929860366 0.0463968313932
2.8 0.01355 14.5406297463 0.0444395987092
2.8 0.014092 14.0939766896 0.0433070531636
2.8 0.014634 13.6721149475 0.0417327992906
2.8 0.015176 13.2804249271 0.0406112358073
2.8 0.015718 12.8417291274 0.0390238758875
2.8 0.01626 12.4029357931 0.0376074070805
2.8 0.016802 12.0715540482 0.036579788126
2.8 0.017344 11.7441060051 0.0354333468971
2.8 0.017886 11.3871271429 0.0341630459382
2.8 0.018428 11.0655137565 0.0330706489098
2.8 0.01897 10.7003307861 0.0319572975981
2.8 0.019512 10.3412096989 0.030889693387
3.0 0.001084 44.4482486683 0.148945368617
3.0 0.001626 41.4609674943 0.139479534826
3.0 0.002168 40.0616161605 0.134601849185
3.0 0.00271 38.4081696535 0.1270531353
3.0 0.003252 35.6872357228 0.116753798266
3.0 0.003794 34.8876038663 0.113938671356
3.0 0.004336 32.9380770686 0.107278985023
3.0 0.004878 31.4148066663 0.101524610611
3.0 0.00542 30.3571186552 0.0978565462941
3.0 0.005962 28.8149523923 0.0922263564539
3.0 0.006504 27.4044277745 0.0871572302438
3.0 0.007046 26.9125249901 0.0860357063074
3.0 0.007588 25.7507764258 0.0819562542543
3.0 0.00813 24.8555733858 0.0784927067338
3.0 0.008672 23.9636362834 0.0755122850303
3.0 0.009214 23.184708426 0.0721617946352
3.0 0.009756 22.2627469862 0.0693663921185
3.0 0.010298 21.57594171 0.0669872369204
3.0 0.01084 20.9334621304 0.0645734600413
3.0 0.011382 20.1424548705 0.0618977746883
3.0 0.011924 19.4746570805 0.0594341353716
3.0 0.012466 18.8694608895 0.0576131340969
3.0 0.013008 18.3022189757 0.0555782235749
3.0 0.01355 17.7427964527 0.0534709681818
3.0 0.014092 17.1560798515 0.0516811436787
3.0 0.014634 16.637744308 0.0499641716207
3.0 0.015176 16.1554281134 0.0485935081144
3.0 0.015718 15.6013407593 0.0466677585387
3.0 0.01626 15.1429858058 0.0453327821747
3.0 0.016802 14.7476937402 0.0439529975026
3.0 0.017344 14.3098660223 0.0425109060475
3.0 0.017886 13.9786790058 0.0412402539084
3.0 0.018428 13.5561917462 0.0398242310041
3.0 0.01897 13.0885877752 0.0385362791775
3.0 0.019512 12.8072643505 0.0374034212484
3.2 0.001084 53.6784786636 0.18143694022
3.2 0.001626 50.0638627032 0.169116084528
3.2 0.002168 48.2395791539 0.163872035706
3.2 0.00271 46.0039862687 0.152321588835
3.2 0.003252 42.4982781226 0.139437298614
3.2 0.003794 42.0137702656 0.137509254172
3.2 0.004336 39.1757181847 0.128273383548
3.2 0.004878 37.5899486207 0.121984363692
3.2 0.00542 36.2665711543 0.117116409462
3.2 0.005962 34.2346263366 0.109669778048
3.2 0.006504 32.5712177143 0.103068953837
3.2 0.007046 32.4065136629 0.103493743871
3.2 0.007588 30.4854534437 0.096460049662
3.2 0.00813 29.7524522517 0.0935268241135
3.2 0.008672 28.4419768692 0.0890865014653
3.2 0.009214 27.7559367904 0.0857896400308
3.2 0.009756 26.3520073701 0.082141003212
3.2 0.010298 25.8738022053 0.0795118299699
3.2 0.01084 24.8237995524 0.0762424694228
3.2 0.011382 23.9239421312 0.072774325697
3.2 0.011924 23.3256014717 0.0707748524233
3.2 0.012466 22.5662212966 0.0686375829608
3.2 0.013008 21.9735522227 0.0655298560058
3.2 0.01355 21.2472491912 0.0637217487965
3.2 0.014092 20.4557024165 0.0608966637107
3.2 0.014634 19.9653454611 0.0596826385244
3.2 0.015176 19.3078190794 0.0573118197803
3.2 0.015718 18.7091960506 0.055857789276
3.2 0.01626 18.2038138354 0.053708358115
3.2 0.016802 17.6950621753 0.052003624188
3.2 0.017344 17.3617842948 0.0506530608366
3.2 0.017886 16.8645806554 0.0488569400793
3.2 0.018428 16.2833317346 0.0472887136738
3.2 0.01897 15.9264975024 0.0457766001619
3.2 0.019512 15.4777610314 0.0446685456149
3.4 0.001084 64.6011817662 0.21999237721
3.4 0.001626 60.2244224684 0.205503735349
3.4 0.002168 57.6019632738 0.197394941655
3.4 0.00271 54.6426196612 0.182179590597
3.4 0.003252 50.9052354038 0.168100522635
3.4 0.003794 49.9040482756 0.164301723407
3.4 0.004336 46.644607066 0.15355770429
3.4 0.004878 44.8054670744 0.146195723425
3.4 0.00542 42.8761451384 0.138734695107
3.4 0.005962 40.5128139308 0.130269060101
3.4 0.006504 38.9128469845 0.123890984186
3.4 0.007046 38.1230877249 0.121698424828
3.4 0.007588 36.2310042986 0.114793429487
3.4 0.00813 35.127202014 0.110457451816
3.4 0.008672 33.776215481 0.105518216719
3.4 0.009214 32.727244512 0.101564612099
3.4 0.009756 31.4178590401 0.0969813820388
3.4 0.010298 30.540287719 0.093674332791
3.4 0.01084 29.330380448 0.0896102336034
3.4 0.011382 28.3682051937 0.0860059382815
3.4 0.011924 27.6263061459 0.0836914902251
3.4 0.012466 26.8024926959 0.0805242799569
3.4 0.013008 26.037188943 0.077661646816
3.4 0.01355 25.1291091525 0.0748895601573
3.4 0.014092 24.3560543883 0.0723731987905
3.4 0.014634 23.6344548537 0.0701201769734
3.4 0.015176 22.9105695636 0.06777865258
3.4 0.015718 22.3196720963 0.0657289216211
3.4 0.01626 21.7265423788 0.0634995575922
3.4 0.016802 21.2689434793 0.0615939588884
3.4 0.017344 20.7200001611 0.0595810069607
3.4 0.017886 20.0259645944 0.0574841961524
3.4 0.018428 19.509389845 0.0558410871912
3.4 0.01897 18.9551025335 0.054014552922
3.4 0.019512 18.4687678238 0.0526435260152
3.6 0.001084 77.4965042431 0.266782869333
3.6 0.001626 72.2028981096 0.249588960318
3.6 0.002168 68.5986433197 0.236998914187
3.6 0.00271 64.7077715503 0.217688562581
3.6 0.003252 60.8128333468 0.202765924875
3.6 0.003794 58.9525528108 0.19632657002
3.6 0.004336 55.3571446385 0.183819071816
3.6 0.004878 53.0975668122 0.17445927453
3.6 0.00542 50.4719456406 0.164440771272
3.6 0.005962 47.7411421874 0.154557775045
3.6 0.006504 46.3085246259 0.149085029691
3.6 0.007046 44.6909290026 0.143212818087
3.6 0.007588 42.8797640188 0.135933271269
3.6 0.00813 41.3221064604 0.130347993525
3.6 0.008672 40.0999454264 0.12579160293
3.6 0.009214 38.5522996222 0.119673755899
3.6 0.009756 37.2500327602 0.114867564066
3.6 0.010298 36.0018898424 0.110836386654
3.6 0.01084 34.3787279798 0.104908617445
3.6 0.011382 33.6375536647 0.101979641623
3.6 0.011924 32.5132885674 0.0985580560688
3.6 0.012466 31.7502394328 0.0946653500859
3.6 0.013008 30.7512371755 0.0924472538258
3.6 0.01355 29.6384441265 0.0875910080075
3.6 0.014092 28.8131274973 0.0855419097757
3.6 0.014634 27.9078643345 0.0823467147856
3.6 0.015176 27.2394245444 0.0799886362182
3.6 0.015718 26.5769125606 0.0775268298709
3.6 0.01626 25.8510883511 0.0746256229803
3.6 0.016802 25.2616340111 0.0722952069748
3.6 0.017344 24.4840646495 0.0699684920537
3.6 0.017886 23.8104434109 0.0678238813796
3.6 0.018428 23.1769292865 0.0657558318247
3.6 0.01897 22.5093758076 0.0635870399271
3.6 0.019512 21.9511687572 0.0619576999559
3.8 0.001084 92.4432976629 0.324012539377
3.8 0.001626 85.9600087002 0.303084721156
3.8 0.002168 81.154312985 0.284545540344
3.8 0.00271 76.4319635788 0.261043195495
3.8 0.003252 72.4598488187 0.244933669313
3.8 0.003794 69.6063532025 0.234800359947
3.8 0.004336 65.8183210212 0.220680762586
3.8 0.004878 62.9522511918 0.208763821931
3.8 0.00542 59.5408644023 0.196152175582
3.8 0.005962 56.3919317455 0.184415812249
3.8 0.006504 55.0665044322 0.179602665004
3.8 0.007046 52.3838863696 0.168895950932
3.8 0.007588 50.8308381883 0.161791346701
3.8 0.00813 48.7439351023 0.155105238928
3.8 0.008672 47.6208727915 0.150650513234
3.8 0.009214 45.5343536748 0.141627761406
3.8 0.009756 43.9872348248 0.136610006991
3.8 0.010298 42.4273748079 0.131331469544
3.8 0.01084 40.6215842674 0.124333523874
3.8 0.011382 39.7585980857 0.120767797904
3.8 0.011924 38.507985367 0.116518541406
3.8 0.012466 37.5331147514 0.112939264018
3.8 0.013008 36.3424337407 0.108526008975
3.8 0.01355 35.1413295869 0.1041743119
3.8 0.014092 34.0440495226 0.100522593946
3.8 0.014634 33.1810078591 0.0974612633642
3.8 0.015176 32.3978259428 0.0945457578414
3.8 0.015718 31.4718114713 0.0910522758598
3.8 0.01626 30.6324650086 0.087718541722
3.8 0.016802 29.851749108 0.0856714194829
3.8 0.017344 28.9680823239 0.0823401907685
3.8 0.017886 28.3865284702 0.080734506365
3.8 0.018428 27.2974761576 0.07675491252
3.8 0.01897 26.8144231091 0.0754887794274
3.8 0.019512 26.0461213589 0.0726424892084
4.0 0.001084 111.251489746 0.39425482263
4.0 0.001626 103.317325255 0.368935312903
4.0 0.002168 97.0587481781 0.343145476487
4.0 0.00271 91.2292719089 0.314923740981
4.0 0.003252 86.8966991964 0.297112114923
4.0 0.003794 82.7909802518 0.282405858367
4.0 0.004336 78.676592276 0.266671470763
4.0 0.004878 74.866622965 0.250920643466
4.0 0.00542 70.6553711235 0.235904397965
4.0 0.005962 66.9735602367 0.221283968304
4.0 0.006504 65.6516139161 0.216737045954
4.0 0.007046 61.8899719804 0.200913026759
4.0 0.007588 60.3162471212 0.193881064533
4.0 0.00813 58.0237822316 0.186541937183
4.0 0.008672 56.3953353778 0.17954859981
4.0 0.009214 54.0937236425 0.169967662174
4.0 0.009756 52.1885940889 0.163420602858
4.0 0.010298 50.0103619427 0.155603135767
4.0 0.01084 48.5256840052 0.148693471535
4.0 0.011382 46.984654614 0.14356477863
4.0 0.011924 45.7825902105 0.139412154402
4.0 0.012466 44.5633363132 0.134611330842
4.0 0.013008 43.168072467 0.128484573343
4.0 0.01355 41.658143232 0.124062364668
4.0 0.014092 40.5075181121 0.119528732139
4.0 0.014634 39.5189841995 0.116125710798
4.0 0.015176 38.471673476 0.111854710469
4.0 0.015718 37.3632761283 0.107539228001
4.0 0.01626 36.4090398323 0.104625027912
4.0 0.016802 35.4661050364 0.101644764935
4.0 0.017344 34.5996197967 0.098453747121
4.0 0.017886 33.3935784101 0.0943196241267
4.0 0.018428 32.6265699698 0.0922646922627
4.0 0.01897 31.8462868752 0.0889353624703
4.0 0.019512 30.8080736402 0.0854931206149
4.2 0.001084 132.738533496 0.481436441964
4.2 0.001626 123.10605626 0.449793550152
4.2 0.002168 115.342475263 0.415710504761
4.2 0.00271 108.370111329 0.381618322518
4.2 0.003252 103.71964911 0.361551775389
4.2 0.003794 98.30345828 0.340980692113
4.2 0.004336 93.9298319027 0.323330868917
4.2 0.004878 88.9535215165 0.302356110243
4.2 0.00542 83.8744160485 0.284583823799
4.2 0.005962 80.023993089 0.268099297541
4.2 0.006504 77.5615770328 0.258869999023
4.2 0.007046 73.7664426493 0.242128660845
4.2 0.007588 71.4993144219 0.233456827733
4.2 0.00813 69.2160784779 0.22528377121
4.2 0.008672 67.0000955957 0.214923601096
4.2 0.009214 64.0905593433 0.203534095801
4.2 0.009756 62.221368276 0.196731943175
4.2 0.010298 58.9858600387 0.185606023843
4.2 0.01084 57.945622579 0.178290007509
4.2 0.011382 55.7816629364 0.1723681713
4.2 0.011924 54.5478572763 0.167523290028
4.2 0.012466 53.0419915268 0.160370416561
4.2 0.013008 51.238066847 0.154009203372
4.2 0.01355 49.6027751579 0.148262420063
4.2 0.014092 48.3143447122 0.143510051679
4.2 0.014634 47.0312033372 0.138455709185
4.2 0.015176 45.7497407072 0.133001377238
4.2 0.015718 44.4010217971 0.127830396867
4.2 0.01626 43.3782468544 0.125749127845
4.2 0.016802 42.2278315033 0.121083373674
4.2 0.017344 41.0320878112 0.116937174976
4.2 0.017886 39.7496792246 0.112997013495
4.2 0.018428 38.9098073209 0.109640664416
4.2 0.01897 37.7831753532 0.10530227165
4.2 0.019512 37.0244830491 0.102014862999
4.4 0.001084 158.908048732 0.588942597728
4.4 0.001626 147.232971958 0.548954913978
4.4 0.002168 137.794349437 0.505381863167
4.4 0.00271 129.397745679 0.46392780101
4.4 0.003252 124.260182887 0.441120482506
4.4 0.003794 117.035040957 0.412726785255
4.4 0.004336 112.521102373 0.393542605378
4.4 0.004878 105.926189999 0.366132969158
4.4 0.00542 99.8998140534 0.343875411584
4.4 0.005962 95.9202124244 0.326875750161
4.4 0.006504 91.9679823509 0.310725518513
4.4 0.007046 88.2273188827 0.293439499857
4.4 0.007588 85.2087555019 0.282377611613
4.4 0.00813 82.9372105343 0.272403763544
4.4 0.008672 80.0180464911 0.25914096922
4.4 0.009214 76.381794823 0.245012873692
4.4 0.009756 74.1200978636 0.237218602461
4.4 0.010298 70.7661231924 0.223785337425
4.4 0.01084 68.9277053081 0.215373201544
4.4 0.011382 66.7991067385 0.209073272269
4.4 0.011924 65.2012921495 0.201182478645
4.4 0.012466 63.4134928718 0.192804278561
4.4 0.013008 60.9455764259 0.185656327418
4.4 0.01355 59.3782453409 0.178164234945
4.4 0.014092 57.7872642493 0.172622778549
4.4 0.014634 56.1718987963 0.165867752541
4.4 0.015176 54.5736429088 0.159402624642
4.4 0.015718 53.1274969484 0.155211280336
4.4 0.01626 51.7706270675 0.150267450986
4.4 0.016802 50.4635833156 0.145101611938
4.4 0.017344 48.7647709831 0.139467136137
4.4 0.017886 47.660356411 0.135697122833
4.4 0.018428 46.4953451679 0.130334768675
4.4 0.01897 45.2675573232 0.126048027055
4.4 0.019512 44.3545629209 0.12213299109
4.6 0.001084 189.213155564 0.720437117264
4.6 0.001626 175.202712801 0.669060131909
4.6 0.002168 163.95314776 0.615057701822
4.6 0.00271 154.085346278 0.564251790339
4.6 0.003252 148.504298238 0.538341061866
4.6 0.003794 139.109096275 0.500488733347
4.6 0.004336 134.233564455 0.478051999118
4.6 0.004878 125.893311924 0.443807808823
4.6 0.00542 119.009459362 0.416306594205
4.6 0.005962 114.681703676 0.398451930594
4.6 0.006504 109.112862155 0.373897342056
4.6 0.007046 105.533413964 0.35609600085
4.6 0.007588 101.7302927 0.34187476222
4.6 0.00813 99.2736542815 0.329111906654
4.6 0.008672 95.3585674118 0.312713667607
4.6 0.009214 91.7040758929 0.298391033992
4.6 0.009756 88.0248587821 0.285058460743
4.6 0.010298 84.9834170328 0.270333418001
4.6 0.01084 82.2526125731 0.26184912721
4.6 0.011382 79.8241231225 0.252912005125
4.6 0.011924 77.9567651043 0.242501944191
4.6 0.012466 75.6351547253 0.233181531961
4.6 0.013008 72.9853365512 0.223654959422
4.6 0.01355 71.1393587148 0.215324228038
4.6 0.014092 69.1738168837 0.207833729006
4.6 0.014634 67.2454034642 0.198823658168
4.6 0.015176 65.3300775858 0.193012567631
4.6 0.015718 63.6692990358 0.18746882906
4.6 0.01626 62.0027204298 0.180253997561
4.6 0.016802 60.2838706342 0.174148985535
4.6 0.017344 58.5685331963 0.168038761001
4.6 0.017886 57.1183843198 0.161773412613
4.6 0.018428 55.623271515 0.156712082534
4.6 0.01897 54.3442448643 0.150428275885
4.6 0.019512 53.0888288443 0.146687871206
