2.2 0.184924702397 15219.2155909 1.61460651247
2.4 0.231425921518 15535.852108 1.61309365072
2.6 0.285929695332 15293.1470403 1.61187764881
2.8 0.349252333224 14673.3436566 1.60849728733
3.0 0.422242531447 13602.9697798 1.60436630222
3.2 0.505780851386 12492.6743281 1.59816737674
3.4 0.600779232412 11429.4141633 1.58943995514
3.6 0.708180535481 10419.0341396 1.5811608635
3.8 0.828958114192 9532.60237903 1.57056781154
4.0 0.9641154105 8907.04247692 1.56077920666
4.2 1.1146855727 8473.61675607 1.55299139331
4.4 1.28173109358 8163.5599305 1.54662713893
4.6 1.46634346696 7720.51488318 1.54236884332
