2.2 0.184924702397 15197.0370438 1.61421001122
2.4 0.231425921518 15531.8558534 1.61338812457
2.6 0.285929695332 15262.7420244 1.61013833901
2.8 0.349252333224 14655.7839802 1.60773695551
3.0 0.422242531447 13585.0117523 1.60351359517
3.2 0.505780851386 12476.8850874 1.59705943479
3.4 0.600779232412 11424.2294192 1.5893408174
3.6 0.708180535481 10400.6275515 1.57946526662
3.8 0.828958114192 9520.73916427 1.5694094956
4.0 0.9641154105 8895.66950154 1.56033053139
4.2 1.1146855727 8464.37581637 1.5521530881
4.4 1.28173109358 8155.60235034 1.54589520344
4.6 1.46634346696 7710.46147287 1.54164221085
