2.2 0.001084 17.1239595749 0.0603054358114
2.2 0.001626 16.0864160173 0.056742891021
2.2 0.002168 15.740109936 0.055023873508
2.2 0.00271 15.3986742792 0.0533962266894
2.2 0.003252 14.4577397587 0.0495034183128
2.2 0.003794 13.8386518393 0.0472426998115
2.2 0.004336 13.3322365891 0.0452723431391
2.2 0.004878 12.7808603436 0.0429558152623
2.2 0.00542 12.322167104 0.0414120276304
2.2 0.005962 11.8295042884 0.0398406949441
2.2 0.006504 11.2781958714 0.0378904520632
2.2 0.007046 10.8319229609 0.036408115737
2.2 0.007588 10.4355468142 0.0350265298803
2.2 0.00813 10.0624778457 0.0337420555944
2.2 0.008672 9.78313821894 0.0325747494818
2.2 0.009214 9.33710689983 0.0311300251421
2.2 0.009756 9.06750146809 0.0299772921138
2.2 0.010298 8.71466702426 0.0289431808301
2.2 0.01084 8.42712094275 0.0276934956519
2.2 0.011382 8.1921867165 0.0268663973292
2.2 0.011924 7.9039039381 0.0261553849442
2.2 0.012466 7.60134345439 0.0250893100401
2.2 0.013008 7.36049374205 0.0241706363217
2.2 0.01355 7.08503082644 0.0231829430289
2.2 0.014092 6.84620771881 0.0225371027066
2.2 0.014634 6.63098350099 0.0216883772735
2.2 0.015176 6.41796938235 0.0209280842955
2.2 0.015718 6.23984288112 0.0203046814767
2.2 0.01626 6.04305966612 0.0195960768835
2.2 0.016802 5.83268256112 0.0188501176079
2.2 0.017344 5.65273615778 0.0182244248206
2.2 0.017886 5.47652962431 0.0176038573805
2.2 0.018428 5.30191051969 0.0169686793026
2.2 0.01897 5.14123783467 0.0164950746669
2.2 0.019512 4.96314143821 0.0158306680941
2.4 0.001084 22.5406257994 0.0778416972718
2.4 0.001626 21.1901522504 0.0738597076739
2.4 0.002168 20.7516086076 0.0718025387765
2.4 0.00271 20.1932910898 0.0689721152994
2.4 0.003252 18.7794961408 0.063221130774
2.4 0.003794 18.2688830244 0.061488868095
2.4 0.004336 17.450036797 0.0583825218441
2.4 0.004878 16.671753922 0.0551503192685
2.4 0.00542 16.1430823967 0.0534549392745
2.4 0.005962 15.3874839622 0.0508228146513
2.4 0.006504 14.6520449837 0.0484671298039
2.4 0.007046 14.1963092251 0.0469004448178
2.4 0.007588 13.6434272705 0.0449724336247
2.4 0.00813 13.2217861157 0.043223679052
2.4 0.008672 12.7335609461 0.0416091994371
2.4 0.009214 12.2778190693 0.0398656839938
2.4 0.009756 11.8243549952 0.0384306821943
2.4 0.010298 11.3958606768 0.0369633769112
2.4 0.01084 11.0521703158 0.0357014382155
2.4 0.011382 10.6858444886 0.0346616138912
2.4 0.011924 10.2960872955 0.0333339455004
2.4 0.012466 9.93443662184 0.0319961896363
2.4 0.013008 9.60459010181 0.0307512472413
2.4 0.01355 9.28653040755 0.0296897271019
2.4 0.014092 8.99132615925 0.0288668948681
2.4 0.014634 8.72665641897 0.0278571274541
2.4 0.015176 8.44749465419 0.026895923604
2.4 0.015718 8.1460942388 0.0259303151226
2.4 0.01626 7.87084972339 0.02501461894
2.4 0.016802 7.6437568231 0.0241698128973
2.4 0.017344 7.41783745634 0.0232566445853
2.4 0.017886 7.18251496702 0.0225690466067
2.4 0.018428 6.95780870487 0.0217920476219
2.4 0.01897 6.7179689006 0.021013602132
2.4 0.019512 6.52327868448 0.0203232030479
2.6 0.001084 28.9301358221 0.0989822472864
2.6 0.001626 27.2232734475 0.0933234565978
2.6 0.002168 26.679393639 0.0906772708378
2.6 0.00271 25.7826330942 0.0865488798201
2.6 0.003252 23.8507524089 0.0792613577863
2.6 0.003794 23.5047010807 0.078246035592
2.6 0.004336 22.1107709838 0.0727647240577
2.6 0.004878 21.1837433696 0.0693165143541
2.6 0.00542 20.6029015403 0.0672112786089
2.6 0.005962 19.3932946663 0.0630652619861
2.6 0.006504 18.5281054575 0.060375014662
2.6 0.007046 18.2776059667 0.0595603458658
2.6 0.007588 17.2571890827 0.0559942890427
2.6 0.00813 16.8618319719 0.0541461390472
2.6 0.008672 16.1103422788 0.0520146970579
2.6 0.009214 15.6713438915 0.0495384813855
2.6 0.009756 14.9490437847 0.048202082796
2.6 0.010298 14.5943714034 0.0459059551872
2.6 0.01084 14.0751458014 0.0448321727862
2.6 0.011382 13.5730056359 0.0428039811442
2.6 0.011924 13.0324183589 0.0411481793574
2.6 0.012466 12.610146962 0.0396740592594
2.6 0.013008 12.2125435147 0.0379743441512
2.6 0.01355 11.8322036678 0.0371242048972
2.6 0.014092 11.4884564903 0.0358661740417
2.6 0.014634 11.1085462618 0.0347126584946
2.6 0.015176 10.7174361372 0.0332170804947
2.6 0.015718 10.3676409365 0.0321339077548
2.6 0.01626 10.0878977893 0.0311548741653
2.6 0.016802 9.78169312896 0.0298011854678
2.6 0.017344 9.52244388658 0.0291601394294
2.6 0.017886 9.21433059409 0.0280259601417
2.6 0.018428 8.84204295817 0.0269187425123
2.6 0.01897 8.62145896461 0.0262781993256
2.6 0.019512 8.367871577 0.0254509320044
2.8 0.001084 36.2774814762 0.122773746965
2.8 0.001626 34.2176840437 0.115817834246
2.8 0.002168 33.3511644478 0.112654566055
2.8 0.00271 31.9650763955 0.106062369985
2.8 0.003252 29.7940515226 0.0979133480753
2.8 0.003794 29.1995194151 0.0959883384773
2.8 0.004336 27.4204267688 0.0895286134146
2.8 0.004878 26.3420142079 0.0855446869138
2.8 0.00542 25.3972636436 0.0823139529367
2.8 0.005962 23.9478031688 0.0770513898072
2.8 0.006504 23.1252781428 0.0744835591069
2.8 0.007046 22.5975833606 0.0728308786942
2.8 0.007588 21.5146128359 0.0686534530184
2.8 0.00813 20.8689681266 0.0662549533511
2.8 0.008672 20.089821663 0.0634049182227
2.8 0.009214 19.3479402229 0.0607421726346
2.8 0.009756 18.6400980068 0.0585853922477
2.8 0.010298 18.0960847406 0.0563948698444
2.8 0.01084 17.3931227516 0.0540800001122
2.8 0.011382 16.773139473 0.0517839036896
2.8 0.011924 16.2424854342 0.0501952103384
2.8 0.012466 15.7257489748 0.0482431137954
2.8 0.013008 15.2190889651 0.0464950859681
2.8 0.01355 14.7425483737 0.044939566627
2.8 0.014092 14.2854614066 0.0436160744497
2.8 0.014634 13.7914536387 0.041842367302
2.8 0.015176 13.3359016849 0.0404228367095
2.8 0.015718 12.9902603898 0.0392096890917
2.8 0.01626 12.5933134594 0.037898926005
2.8 0.016802 12.264888057 0.0368167710935
2.8 0.017344 11.8942135875 0.0354298809098
2.8 0.017886 11.4100376817 0.0341166217469
2.8 0.018428 11.1466748163 0.0331160986936
2.8 0.01897 10.8317328013 0.0322556950656
2.8 0.019512 10.4968556742 0.0310149285606
3.0 0.001084 44.5608482957 0.150695878511
3.0 0.001626 42.0169252208 0.14198424036
3.0 0.002168 40.7224383781 0.137554121847
3.0 0.00271 38.6942190699 0.127769718724
3.0 0.003252 36.3772617403 0.119281329018
3.0 0.003794 35.3616091622 0.115902918148
3.0 0.004336 33.2886891341 0.108557550505
3.0 0.004878 32.0380789777 0.103728146239
3.0 0.00542 30.6241436731 0.0985567690029
3.0 0.005962 28.9927293364 0.0925283771679
3.0 0.006504 28.3233451747 0.09045828231
3.0 0.007046 27.209368763 0.0866733229751
3.0 0.007588 26.1659629153 0.0826861163825
3.0 0.00813 25.1785526192 0.0793057520265
3.0 0.008672 24.3763357135 0.0757254257847
3.0 0.009214 23.2569297856 0.0728208825284
3.0 0.009756 22.7259348214 0.070247355208
3.0 0.010298 21.8319660556 0.0675085422904
3.0 0.01084 20.9909958886 0.0642579852893
3.0 0.011382 20.4022450939 0.0622860563312
3.0 0.011924 19.7709003321 0.0604268398294
3.0 0.012466 19.1764529962 0.0576688891148
3.0 0.013008 18.5523005316 0.0559608070336
3.0 0.01355 17.8910749067 0.0537058911539
3.0 0.014092 17.3610085535 0.0522217141081
3.0 0.014634 16.7579906951 0.0501820235448
3.0 0.015176 16.2761182317 0.0486310187606
3.0 0.015718 15.8206352604 0.0469585429298
3.0 0.01626 15.4095646752 0.0455888982288
3.0 0.016802 14.9997415611 0.0440118173563
3.0 0.017344 14.4927826227 0.0424892258479
3.0 0.017886 14.0966856566 0.0410807254039
3.0 0.018428 13.713175688 0.0399677940846
3.0 0.01897 13.320949795 0.0387317997553
3.0 0.019512 12.8962507806 0.037241043828
3.2 0.001084 53.8331849488 0.183754913829
3.2 0.001626 50.7366621931 0.173343103163
3.2 0.002168 48.8293235894 0.166521270805
3.2 0.00271 46.0893473203 0.153271590252
3.2 0.003252 43.7687646396 0.144591521767
3.2 0.003794 42.0935048641 0.138813595726
3.2 0.004336 39.7759462234 0.130512626675
3.2 0.004878 38.2591261157 0.124275937383
3.2 0.00542 36.3430308197 0.117293115464
3.2 0.005962 34.4553744882 0.109916863567
3.2 0.006504 34.0672348506 0.108767703214
3.2 0.007046 32.1640406847 0.102199662298
3.2 0.007588 31.279289105 0.0984120773275
3.2 0.00813 29.9402156454 0.0939737076356
3.2 0.008672 29.0550310265 0.0902148312093
3.2 0.009214 27.7788549141 0.0862987424415
3.2 0.009756 27.059470265 0.0832533471147
3.2 0.010298 25.930273142 0.0795756517951
3.2 0.01084 25.0623704999 0.0762078921035
3.2 0.011382 24.3846809171 0.07407441519
3.2 0.011924 23.6692316759 0.0711161894463
3.2 0.012466 22.9601110672 0.0687072273476
3.2 0.013008 22.1115304721 0.0658558874417
3.2 0.01355 21.4609589819 0.0640982963033
3.2 0.014092 20.6993341653 0.0615288504927
3.2 0.014634 20.104453749 0.0597116682855
3.2 0.015176 19.5563507125 0.0576540248973
3.2 0.015718 19.0216834423 0.0558068528894
3.2 0.01626 18.6095893856 0.0539563315074
3.2 0.016802 18.0372329389 0.0521512904644
3.2 0.017344 17.4748879339 0.05046381071
3.2 0.017886 16.9968234725 0.0487292652037
3.2 0.018428 16.5069030234 0.0472464771577
3.2 0.01897 16.038529386 0.0457659331011
3.2 0.019512 15.7135145852 0.0444800225921
3.4 0.001084 64.7211083762 0.223256604116
3.4 0.001626 60.8741772238 0.210709770896
3.4 0.002168 58.1672614153 0.199973882938
3.4 0.00271 54.6965329856 0.183500161659
3.4 0.003252 52.4028972189 0.174675117039
3.4 0.003794 49.8300695127 0.165723773549
3.4 0.004336 47.3631978058 0.15636925267
3.4 0.004878 45.4013802862 0.148000814853
3.4 0.00542 42.897649127 0.139258077119
3.4 0.005962 40.8052430616 0.130844587929
3.4 0.006504 40.3252587886 0.129391468354
3.4 0.007046 38.1026715638 0.121119414853
3.4 0.007588 36.8918256997 0.11638577323
3.4 0.00813 35.564160752 0.111816170606
3.4 0.008672 34.2705942825 0.106723336869
3.4 0.009214 33.0541977993 0.102101798118
3.4 0.009756 31.9480056767 0.09854479906
3.4 0.010298 30.4766817853 0.0930328077232
3.4 0.01084 29.8032792502 0.0902396523712
3.4 0.011382 28.7934809684 0.0872848053467
3.4 0.011924 28.1095340739 0.0839188387531
3.4 0.012466 27.139592418 0.0812989434471
3.4 0.013008 26.1796539552 0.0776387018216
3.4 0.01355 25.3693192254 0.0754942933696
3.4 0.014092 24.6081873105 0.072746264152
3.4 0.014634 23.9999304782 0.0705229980945
3.4 0.015176 23.3335194865 0.0681029763421
3.4 0.015718 22.7908501794 0.0656736312053
3.4 0.01626 22.1327928954 0.0636569340428
3.4 0.016802 21.3737126058 0.0614023370089
3.4 0.017344 20.8809212594 0.0596337323681
3.4 0.017886 20.2021034281 0.0571640484495
3.4 0.018428 19.7622345596 0.0561368629815
3.4 0.01897 19.2085462077 0.0541768065653
3.4 0.019512 18.7291330205 0.0523515207651
3.6 0.001084 77.5466444649 0.27087353189
3.6 0.001626 72.7476276147 0.255513937173
3.6 0.002168 69.0442568482 0.239763691509
3.6 0.00271 64.7668265417 0.219585224601
3.6 0.003252 62.3931302811 0.210427892079
3.6 0.003794 58.7948806233 0.197725166062
3.6 0.004336 56.253157353 0.187546163943
3.6 0.004878 53.547530995 0.176306754606
3.6 0.00542 50.5112071092 0.165652408675
3.6 0.005962 48.5437858623 0.157830584401
3.6 0.006504 47.1400337488 0.152415986831
3.6 0.007046 45.0390684697 0.143657995265
3.6 0.007588 43.4202028542 0.138148319706
3.6 0.00813 42.1449763693 0.133309355062
3.6 0.008672 40.3637929973 0.125993005156
3.6 0.009214 38.970256613 0.120936990157
3.6 0.009756 37.6061135046 0.116539737931
3.6 0.010298 35.939051261 0.109954280781
3.6 0.01084 35.1002932089 0.106599136369
3.6 0.011382 34.0512704791 0.102848147993
3.6 0.011924 33.124018772 0.0999390628051
3.6 0.012466 31.9608676122 0.095178634195
3.6 0.013008 30.8892547168 0.0919038970066
3.6 0.01355 29.9053285123 0.088502504529
3.6 0.014092 29.2299147376 0.085912312211
3.6 0.014634 28.453222021 0.0830723256902
3.6 0.015176 27.6703926361 0.0799990528274
3.6 0.015718 26.9500306536 0.0774260578752
3.6 0.01626 26.1499334261 0.0749898381568
3.6 0.016802 25.4837273251 0.072762697471
3.6 0.017344 24.5874370458 0.0693100874412
3.6 0.017886 24.1019674968 0.0682587567852
3.6 0.018428 23.3840601337 0.0657257710551
3.6 0.01897 22.7212956021 0.0634284833946
3.6 0.019512 22.1631937079 0.0610737860209
3.8 0.001084 92.3056109095 0.329395891985
3.8 0.001626 86.3331871525 0.310075067083
3.8 0.002168 81.5589900796 0.288392647483
3.8 0.00271 76.5278914897 0.26378164137
3.8 0.003252 74.1134287296 0.254062775449
3.8 0.003794 69.460943543 0.23685868884
3.8 0.004336 66.7249479718 0.22523404601
3.8 0.004878 63.1723145022 0.211062682048
3.8 0.00542 59.633379495 0.198122000391
3.8 0.005962 57.7059311767 0.190423756178
3.8 0.006504 55.164524782 0.180106406762
3.8 0.007046 53.3057517898 0.171411785119
3.8 0.007588 51.1614583875 0.164955047988
3.8 0.00813 49.8164471194 0.159187364719
3.8 0.008672 47.7105462794 0.150078527344
3.8 0.009214 45.9611929277 0.144092277477
3.8 0.009756 44.0442145838 0.137206817832
3.8 0.010298 42.6972692721 0.130921256533
3.8 0.01084 41.2863143044 0.126159816724
3.8 0.011382 40.2745841026 0.122574019088
3.8 0.011924 39.1130895002 0.118266352014
3.8 0.012466 37.7463237135 0.112588991978
3.8 0.013008 36.4816734471 0.10863465947
3.8 0.01355 35.5191353594 0.105058551167
3.8 0.014092 34.6106921461 0.10161052689
3.8 0.014634 33.6106726578 0.0977637751985
3.8 0.015176 32.6322385775 0.0937354348616
3.8 0.015718 31.8471066961 0.0921343481379
3.8 0.01626 30.9672388801 0.0885998007995
3.8 0.016802 30.0407101618 0.0853232360942
3.8 0.017344 29.1726778022 0.0826643562684
3.8 0.017886 28.4710959777 0.0801579994889
3.8 0.018428 27.5792169299 0.0770985707353
3.8 0.01897 27.0460375104 0.0745771952971
3.8 0.019512 26.3829511791 0.0719709981379
4.0 0.001084 110.774095177 0.401312641703
4.0 0.001626 103.341600725 0.376662987186
4.0 0.002168 97.2940390147 0.348431837402
4.0 0.00271 91.1491994963 0.318391865004
4.0 0.003252 88.4718985075 0.307909114304
4.0 0.003794 82.8378928413 0.286348373255
4.0 0.004336 79.3204319593 0.271466514792
4.0 0.004878 74.8186352104 0.254174653656
4.0 0.00542 70.755311757 0.238359764241
4.0 0.005962 68.7231380244 0.230536894092
4.0 0.006504 64.8837584384 0.21393464319
4.0 0.007046 63.122215479 0.205977198682
4.0 0.007588 60.795270257 0.198583942323
4.0 0.00813 58.9314729591 0.18984161776
4.0 0.008672 56.3412307826 0.179348653185
4.0 0.009214 54.5728982229 0.172959270109
4.0 0.009756 51.6772172136 0.162881321401
4.0 0.010298 50.7434933209 0.156374879715
4.0 0.01084 48.9461306162 0.151318020075
4.0 0.011382 47.7693291339 0.146632605667
4.0 0.011924 46.3991711218 0.140151166393
4.0 0.012466 44.6123160867 0.134288988706
4.0 0.013008 43.3886560757 0.129354540705
4.0 0.01355 42.2685901001 0.125723815726
4.0 0.014092 41.0923996403 0.120660019796
4.0 0.014634 39.8859201616 0.115726107994
4.0 0.015176 38.8296066359 0.112642935805
4.0 0.015718 37.7957181537 0.109172062202
4.0 0.01626 36.7270486775 0.105131474614
4.0 0.016802 35.4569025152 0.101116371008
4.0 0.017344 34.6882257792 0.0987292564404
4.0 0.017886 33.7113675987 0.0946597279591
4.0 0.018428 32.9457489718 0.091467210121
4.0 0.01897 32.24299439 0.0885506424028
4.0 0.019512 31.4440364609 0.0849722753895
4.2 0.001084 131.982632279 0.49112232727
4.2 0.001626 122.82765617 0.458941791219
4.2 0.002168 115.450502733 0.423049678081
4.2 0.00271 108.194114406 0.386099775317
4.2 0.003252 104.904691982 0.372459214112
4.2 0.003794 98.6591698894 0.347405896431
4.2 0.004336 94.2267869733 0.328128568229
4.2 0.004878 88.5717965934 0.306849542071
4.2 0.00542 84.0189544838 0.287758509999
4.2 0.005962 81.5795499261 0.278717537227
4.2 0.006504 77.143678722 0.258429875096
4.2 0.007046 74.7520458336 0.248695997062
4.2 0.007588 72.3524595327 0.239363392669
4.2 0.00813 69.922970197 0.227973516251
4.2 0.008672 66.5953771642 0.214860014183
4.2 0.009214 64.7328866403 0.20813153345
4.2 0.009756 61.6729759722 0.195893892432
4.2 0.010298 60.0460697619 0.188345649271
4.2 0.01084 58.2378048093 0.182995696862
4.2 0.011382 56.8151084583 0.175579357043
4.2 0.011924 55.1050108105 0.167937321707
4.2 0.012466 52.9923463543 0.161189248269
4.2 0.013008 51.6613502486 0.155672345372
4.2 0.01355 50.2377095652 0.150157853638
4.2 0.014092 48.7791459116 0.143662091271
4.2 0.014634 47.347558635 0.138864787396
4.2 0.015176 46.1247066842 0.135146007391
4.2 0.015718 44.8216355038 0.129948768315
4.2 0.01626 43.4193929398 0.125052521275
4.2 0.016802 42.3031233178 0.121553715816
4.2 0.017344 41.2538541239 0.116624947967
4.2 0.017886 40.171377173 0.112956787407
4.2 0.018428 39.3830905046 0.109102050946
4.2 0.01897 38.4218952161 0.105226271588
4.2 0.019512 37.348417471 0.101578700459
4.4 0.001084 157.836005863 0.601996865601
4.4 0.001626 146.63855138 0.559814546894
4.4 0.002168 137.759583885 0.515333928346
4.4 0.00271 129.257542076 0.470691761572
4.4 0.003252 124.826122329 0.452116455276
4.4 0.003794 117.88378121 0.423224432769
4.4 0.004336 112.104058464 0.397820640773
4.4 0.004878 105.033414859 0.370952168292
4.4 0.00542 100.295395182 0.350057547731
4.4 0.005962 96.6044397672 0.335179715265
4.4 0.006504 92.0896125839 0.313507633674
4.4 0.007046 88.9681879353 0.30090095979
4.4 0.007588 86.5171051402 0.289472853784
4.4 0.00813 83.2384200896 0.275215097838
4.4 0.008672 79.7482327522 0.261136978692
4.4 0.009214 76.5855838588 0.249703322981
4.4 0.009756 73.9197440458 0.236099148331
4.4 0.010298 71.484583516 0.228846833318
4.4 0.01084 69.4660383802 0.220681313608
4.4 0.011382 67.8072371782 0.211458746869
4.4 0.011924 65.4288749619 0.202583331512
4.4 0.012466 63.3861998708 0.193557576383
4.4 0.013008 61.7752769794 0.187859307141
4.4 0.01355 59.9161235992 0.179802245504
4.4 0.014092 58.1802183568 0.173038807401
4.4 0.014634 56.5475070924 0.168154242447
4.4 0.015176 54.9463787923 0.161671331899
4.4 0.015718 53.3790753041 0.155721118185
4.4 0.01626 51.8787790009 0.150414109731
4.4 0.016802 50.5196058929 0.144840440791
4.4 0.017344 49.2485501273 0.140002342062
4.4 0.017886 48.1001719594 0.134349784772
4.4 0.018428 47.020427976 0.130961145967
4.4 0.01897 45.7660504932 0.125553688219
4.4 0.019512 44.3235257241 0.120780917019
4.6 0.001084 187.703061505 0.736804712355
4.6 0.001626 174.236553292 0.682114813077
4.6 0.002168 163.792966945 0.628142499714
4.6 0.00271 154.371862028 0.576123833272
4.6 0.003252 148.328496921 0.549800570729
4.6 0.003794 140.821030505 0.516716856853
4.6 0.004336 133.099581525 0.482838546859
4.6 0.004878 124.631503809 0.448795459257
4.6 0.00542 119.765889529 0.427377999874
4.6 0.005962 114.503015794 0.404086226624
4.6 0.006504 110.086600808 0.381155161973
4.6 0.007046 106.219446843 0.365049861683
4.6 0.007588 103.319163025 0.349989593719
4.6 0.00813 99.0204496719 0.331700973331
4.6 0.008672 95.6460693612 0.318816052593
4.6 0.009214 90.7591776413 0.299656094086
4.6 0.009756 88.3380225544 0.28597149361
4.6 0.010298 85.3353832379 0.277713123469
4.6 0.01084 82.9479359237 0.265863488898
4.6 0.011382 81.0923815002 0.255258286913
4.6 0.011924 77.7662673029 0.2445135572
4.6 0.012466 75.8720220081 0.233877668985
4.6 0.013008 73.7541008982 0.225869469983
4.6 0.01355 71.6300089347 0.216209903695
4.6 0.014092 69.6336595855 0.209872555925
4.6 0.014634 67.5693069341 0.202225361187
4.6 0.015176 65.6682607994 0.194226645319
4.6 0.015718 63.9610752252 0.188236875346
4.6 0.01626 62.1585789399 0.180805532572
4.6 0.016802 60.3462221455 0.173275048145
4.6 0.017344 58.9686148943 0.167807364439
4.6 0.017886 57.5637622679 0.161929483647
4.6 0.018428 56.2984489363 0.156246318998
4.6 0.01897 54.4432645197 0.149385349915
4.6 0.019512 53.1071407905 0.144761007706
