2.2 0.001084 18.3599076233 0.0673505282597
2.2 0.001626 17.0502936848 0.0626886920859
2.2 0.002168 16.3195418991 0.0596553552861
2.2 0.00271 15.9201369214 0.057654984305
2.2 0.003252 15.3097696038 0.0548571770473
2.2 0.003794 14.4320996001 0.0511465598048
2.2 0.004336 13.9747140227 0.0494821747034
2.2 0.004878 13.4657472113 0.0471902359025
2.2 0.00542 12.9307766735 0.0446358275049
2.2 0.005962 12.5201051148 0.0433158293763
2.2 0.006504 12.0594780386 0.0415749784063
2.2 0.007046 11.5795150427 0.0397669411495
2.2 0.007588 11.1444382747 0.0381731279813
2.2 0.00813 10.7520361523 0.036768741661
2.2 0.008672 10.3976558979 0.0355215514176
2.2 0.009214 10.1596417461 0.0343899862363
2.2 0.009756 9.77185001552 0.0331034137549
2.2 0.010298 9.54954667508 0.0320999613018
2.2 0.01084 9.21426063089 0.0308594376208
2.2 0.011382 8.91831511798 0.0297255079263
2.2 0.011924 8.66859295363 0.0287528812816
2.2 0.012466 8.45354242437 0.0280135664705
2.2 0.013008 8.20785989471 0.0272645187952
2.2 0.01355 7.91085752399 0.0262190486241
2.2 0.014092 7.76125342443 0.0253949079546
2.2 0.014634 7.4998118658 0.0246210114944
2.2 0.015176 7.3067793667 0.0240403609185
2.2 0.015718 7.10027638151 0.0232076307434
2.2 0.01626 6.88328551476 0.0223882041098
2.2 0.016802 6.74410860518 0.0219663231945
2.2 0.017344 6.58983686852 0.0214348454316
2.2 0.017886 6.38358925777 0.0205922900167
2.2 0.018428 6.2329994878 0.0200103303435
2.2 0.01897 6.06823329461 0.0195357958344
2.2 0.019512 5.92199012008 0.0188917464577
2.4 0.001084 24.0472502167 0.0867587364262
2.4 0.001626 22.229852308 0.081077263869
2.4 0.002168 21.3418326185 0.0773647324074
2.4 0.00271 20.7417040395 0.0741639854338
2.4 0.003252 19.7279201324 0.0695860920455
2.4 0.003794 18.6878055705 0.0652866462359
2.4 0.004336 18.0703071168 0.0629501002144
2.4 0.004878 17.3008919313 0.0599205318655
2.4 0.00542 16.6339791134 0.0569288299434
2.4 0.005962 16.1596659707 0.0553406957662
2.4 0.006504 15.4620103213 0.0526167651431
2.4 0.007046 14.7958512624 0.0502835519829
2.4 0.007588 14.3532123447 0.0486802680533
2.4 0.00813 13.8137954144 0.0466322109324
2.4 0.008672 13.4318151738 0.0450558737678
2.4 0.009214 12.9987833733 0.0434096959806
2.4 0.009756 12.527579704 0.0415456623319
2.4 0.010298 12.1799501787 0.0401282992282
2.4 0.01084 11.7623369733 0.0388691542732
2.4 0.011382 11.4567475097 0.0373591279685
2.4 0.011924 11.1267957337 0.0363247555111
2.4 0.012466 10.8233069612 0.0353665236604
2.4 0.013008 10.4369112084 0.0340344062818
2.4 0.01355 10.154537355 0.0329365975362
2.4 0.014092 9.84496328062 0.0317217940675
2.4 0.014634 9.55045971356 0.0308225435868
2.4 0.015176 9.30247068574 0.029936434432
2.4 0.015718 9.06820745453 0.0289738839776
2.4 0.01626 8.84070630885 0.0281581304462
2.4 0.016802 8.6314828178 0.027367415323
2.4 0.017344 8.36888088309 0.0265277347339
2.4 0.017886 8.15957651391 0.0257280921218
2.4 0.018428 7.98651921937 0.0250022089469
2.4 0.01897 7.76768684466 0.0241774630846
2.4 0.019512 7.60157220531 0.023648889582
2.6 0.001084 30.6806296199 0.10981246749
2.6 0.001626 28.2607858872 0.102212262008
2.6 0.002168 27.0999482509 0.0975230427391
2.6 0.00271 26.2204112374 0.0928717403043
2.6 0.003252 24.7673403335 0.0864428490662
2.6 0.003794 23.6797773193 0.0820494063125
2.6 0.004336 22.7994759183 0.0786744878186
2.6 0.004878 21.7175563471 0.0743243688109
2.6 0.00542 20.8950068735 0.0708556516497
2.6 0.005962 20.1623137185 0.0680865711291
2.6 0.006504 19.2162131901 0.0646265779636
2.6 0.007046 18.4214240116 0.0619635210684
2.6 0.007588 18.0294045131 0.0606195854128
2.6 0.00813 17.1801259703 0.057285795348
2.6 0.008672 16.8493793894 0.0556910711717
2.6 0.009214 16.1499695847 0.053210384174
2.6 0.009756 15.7373975372 0.0510752982637
2.6 0.010298 15.1540488479 0.0493909303652
2.6 0.01084 14.7593910674 0.0476143684754
2.6 0.011382 14.3504263758 0.0460608612733
2.6 0.011924 13.9186023727 0.0447381327184
2.6 0.012466 13.4694812872 0.0431983272393
2.6 0.013008 13.0047969112 0.0415303653188
2.6 0.01355 12.6134734577 0.0400763491419
2.6 0.014092 12.2486950179 0.0388253909185
2.6 0.014634 11.9068737331 0.0379172421622
2.6 0.015176 11.6233362489 0.0365022415096
2.6 0.015718 11.3970199767 0.0356634443985
2.6 0.01626 11.0397787641 0.0344945937705
2.6 0.016802 10.6949058482 0.0333039885566
2.6 0.017344 10.4697724763 0.0323424133969
2.6 0.017886 10.2113374569 0.0312303851157
2.6 0.018428 9.94947249217 0.030456472838
2.6 0.01897 9.71277834056 0.0296124311057
2.6 0.019512 9.42502570436 0.0286269427317
2.8 0.001084 38.2978862321 0.136890088324
2.8 0.001626 35.2899168531 0.127168179463
2.8 0.002168 33.7526101313 0.12095871016
2.8 0.00271 32.4805163814 0.114434144063
2.8 0.003252 30.4208743658 0.105759443968
2.8 0.003794 29.3407062155 0.101413385278
2.8 0.004336 28.0152738454 0.0962532158749
2.8 0.004878 26.6391968116 0.0906946112802
2.8 0.00542 25.6778722769 0.0868778958896
2.8 0.005962 24.57998895 0.0827909895343
2.8 0.006504 23.3853661112 0.0784255546317
2.8 0.007046 22.6837563975 0.0760228524963
2.8 0.007588 22.0526730398 0.0737097786539
2.8 0.00813 21.1534416264 0.0699277177572
2.8 0.008672 20.5824195269 0.0675337317706
2.8 0.009214 19.7740779506 0.0646695923414
2.8 0.009756 19.2264271316 0.0619417306027
2.8 0.010298 18.4187254332 0.0598496911689
2.8 0.01084 18.105889621 0.0575351576085
2.8 0.011382 17.4527438796 0.0557632952393
2.8 0.011924 16.9604663951 0.0537262827582
2.8 0.012466 16.3751405191 0.0517388865196
2.8 0.013008 15.8939778064 0.0500309958136
2.8 0.01355 15.453250374 0.0481835186717
2.8 0.014092 15.0195667356 0.0469351890883
2.8 0.014634 14.5976714918 0.045222651835
2.8 0.015176 14.2554816823 0.0441226152771
2.8 0.015718 13.8376004416 0.0425161665629
2.8 0.01626 13.410932714 0.0410093035806
2.8 0.016802 13.1091593598 0.0400079308264
2.8 0.017344 12.8083579163 0.0388971216493
2.8 0.017886 12.4757574192 0.0376084405551
2.8 0.018428 12.1892526803 0.036519371956
2.8 0.01897 11.8583637207 0.0354405584534
2.8 0.019512 11.5199063523 0.0343568837353
3.0 0.001084 46.8662803026 0.168747427996
3.0 0.001626 43.1893396579 0.156268498586
3.0 0.002168 41.1983769041 0.149017361819
3.0 0.00271 39.4828783303 0.139755324966
3.0 0.003252 36.6852737391 0.127878358731
3.0 0.003794 35.6900571767 0.123775832315
3.0 0.004336 33.7306383864 0.116576287469
3.0 0.004878 32.1445530418 0.109896771027
3.0 0.00542 31.0235686623 0.105552400065
3.0 0.005962 29.4915781678 0.0995346558331
3.0 0.006504 28.1170318171 0.0940419158368
3.0 0.007046 27.5702211881 0.0923528310829
3.0 0.007588 26.4234023787 0.087938790179
3.0 0.00813 25.5425116554 0.0840936491607
3.0 0.008672 24.6338113879 0.0808551695998
3.0 0.009214 23.8703950219 0.0773917678691
3.0 0.009756 22.9416202671 0.0743313315307
3.0 0.010298 22.253595621 0.0717284551765
3.0 0.01084 21.6429342032 0.0691171314677
3.0 0.011382 20.8938924991 0.0663464800567
3.0 0.011924 20.2636200122 0.0638350617585
3.0 0.012466 19.686406805 0.0618616116757
3.0 0.013008 19.1440435977 0.0597432755158
3.0 0.01355 18.6038093149 0.0575167163508
3.0 0.014092 18.0317568391 0.0556005616259
3.0 0.014634 17.541855991 0.0539529654905
3.0 0.015176 17.0924723697 0.0525574395283
3.0 0.015718 16.5384812517 0.0504119085768
3.0 0.01626 16.086457142 0.0488983649048
3.0 0.016802 15.7412635281 0.047647207704
3.0 0.017344 15.3445418815 0.0461795160059
3.0 0.017886 15.0465884156 0.0448691617417
3.0 0.018428 14.6838067765 0.0435150952223
3.0 0.01897 14.2499652335 0.0421670158444
3.0 0.019512 14.0142470118 0.0410025378675
3.2 0.001084 56.832799819 0.207820270455
3.2 0.001626 52.3485829129 0.191416134613
3.2 0.002168 49.7196422981 0.18284616879
3.2 0.00271 47.4392246064 0.169000264269
3.2 0.003252 43.810410316 0.154010029425
3.2 0.003794 43.0402015767 0.150515379869
3.2 0.004336 40.2409777521 0.140625815132
3.2 0.004878 38.5607223728 0.133283713789
3.2 0.00542 37.1265502563 0.127542043579
3.2 0.005962 35.0849505099 0.119282102999
3.2 0.006504 33.450567717 0.112213381077
3.2 0.007046 33.1279417593 0.111813931592
3.2 0.007588 31.2452171709 0.104490034541
3.2 0.00813 30.5323931453 0.101068577966
3.2 0.008672 29.1349185621 0.0960772217739
3.2 0.009214 28.5474406429 0.0928426867393
3.2 0.009756 27.0941739425 0.0883381356497
3.2 0.010298 26.6189870215 0.085596407607
3.2 0.01084 25.6508187913 0.0820973513242
3.2 0.011382 24.7639642235 0.0783380157574
3.2 0.011924 24.1959576035 0.0761795946725
3.2 0.012466 23.4741385193 0.0740599173471
3.2 0.013008 22.8924363756 0.0707767342609
3.2 0.01355 22.1585610739 0.0686164102984
3.2 0.014092 21.4139214556 0.0658323048039
3.2 0.014634 20.9680687507 0.0646171120893
3.2 0.015176 20.2960771278 0.0619027445861
3.2 0.015718 19.6845871241 0.06030871377
3.2 0.01626 19.2079618809 0.0580901281475
3.2 0.016802 18.7567665129 0.0564407773997
3.2 0.017344 18.4649684469 0.055047040746
3.2 0.017886 18.0063725721 0.0532362075147
3.2 0.018428 17.431090454 0.0514513334118
3.2 0.01897 17.1197435964 0.0499743246408
3.2 0.019512 16.7295241999 0.0488752025516
3.4 0.001084 69.0934873538 0.255249782907
3.4 0.001626 63.5976206973 0.235903248575
3.4 0.002168 59.9854907746 0.223137146982
3.4 0.00271 56.9341483109 0.204803174151
3.4 0.003252 52.9416444457 0.188163528788
3.4 0.003794 51.6066579164 0.182367311999
3.4 0.004336 48.3240928187 0.170669305532
3.4 0.004878 46.3346602506 0.16199521983
3.4 0.00542 44.2568551027 0.153252442444
3.4 0.005962 41.865890036 0.143664575721
3.4 0.006504 40.1812151477 0.1364128299
3.4 0.007046 39.2570538982 0.133290551591
3.4 0.007588 37.4089589073 0.125896861597
3.4 0.00813 36.2929884749 0.120853148317
3.4 0.008672 34.879917772 0.115174588336
3.4 0.009214 33.8651908023 0.110956935871
3.4 0.009756 32.4918840062 0.105601380847
3.4 0.010298 31.6112559886 0.102067466287
3.4 0.01084 30.4306935175 0.097560616766
3.4 0.011382 29.5032938572 0.0937365172937
3.4 0.011924 28.7982143746 0.0912941720801
3.4 0.012466 28.0006493161 0.08780240504
3.4 0.013008 27.2286459805 0.0845684021879
3.4 0.01355 26.3136745499 0.0815276840978
3.4 0.014092 25.5666016007 0.0788802367887
3.4 0.014634 24.8510979151 0.0763372621346
3.4 0.015176 24.1123570225 0.0738576460172
3.4 0.015718 23.5209350779 0.0716431546584
3.4 0.01626 22.9518885334 0.069260463988
3.4 0.016802 22.5184155596 0.0672103356644
3.4 0.017344 21.9907065797 0.0650491444113
3.4 0.017886 21.2915031856 0.0627676157575
3.4 0.018428 20.811952447 0.0610787495704
3.4 0.01897 20.296809544 0.0592675117672
3.4 0.019512 19.8135120346 0.0576426570223
3.6 0.001084 83.9383777201 0.313940655376
3.6 0.001626 77.186879161 0.290467651321
3.6 0.002168 72.3580020691 0.271735093848
3.6 0.00271 68.328036309 0.248472271704
3.6 0.003252 64.0488597389 0.230267994419
3.6 0.003794 61.8052150737 0.221368600291
3.6 0.004336 58.0888942972 0.207328853231
3.6 0.004878 55.6112871988 0.19629451862
3.6 0.00542 52.7486048859 0.184461572775
3.6 0.005962 49.8975490634 0.173114507142
3.6 0.006504 48.2711067818 0.166339551239
3.6 0.007046 46.5223891894 0.159475856377
3.6 0.007588 44.7331383565 0.151499778042
3.6 0.00813 43.0783326691 0.144618656483
3.6 0.008672 41.8383073984 0.139580013496
3.6 0.009214 40.2098610374 0.132544234051
3.6 0.009756 38.8427707278 0.127220856126
3.6 0.010298 37.5782106964 0.12239702382
3.6 0.01084 36.0068089702 0.116024291146
3.6 0.011382 35.3025955286 0.112928001686
3.6 0.011924 34.2147661568 0.109091752973
3.6 0.012466 33.4706302886 0.104557921199
3.6 0.013008 32.4325361229 0.101822431455
3.6 0.01355 31.3068905305 0.0965260466892
3.6 0.014092 30.476196473 0.0943489603803
3.6 0.014634 29.5426218301 0.0906825054724
3.6 0.015176 28.8540057166 0.0881391539286
3.6 0.015718 28.1699422699 0.085417246174
3.6 0.01626 27.4525955927 0.0823339122607
3.6 0.016802 26.8722680353 0.0797258810766
3.6 0.017344 26.0506309584 0.0769764348284
3.6 0.017886 25.3557356037 0.0746660705186
3.6 0.018428 24.7505250126 0.0726204015714
3.6 0.01897 24.1145793617 0.0701765525549
3.6 0.019512 23.5749274118 0.0683080081808
3.8 0.001084 101.446316697 0.386802945033
3.8 0.001626 93.0936160716 0.357635780071
3.8 0.002168 86.8725582833 0.331238548174
3.8 0.00271 81.8574727312 0.302608528916
3.8 0.003252 77.3846142693 0.282401386059
3.8 0.003794 74.0908788463 0.26931242159
3.8 0.004336 70.0291374888 0.252889579255
3.8 0.004878 66.7962613488 0.238473818125
3.8 0.00542 63.0751096703 0.22356993396
3.8 0.005962 59.6852419244 0.209832276316
3.8 0.006504 58.0719967228 0.203313487552
3.8 0.007046 55.2599005167 0.191190491775
3.8 0.007588 53.6799718645 0.183076242201
3.8 0.00813 51.4070615586 0.174521046219
3.8 0.008672 50.3416682083 0.169888887776
3.8 0.009214 48.0485657002 0.159233434154
3.8 0.009756 46.4449740856 0.153688728643
3.8 0.010298 44.8339055943 0.147188741518
3.8 0.01084 43.0864234667 0.13965591167
3.8 0.011382 42.2385705733 0.135698341297
3.8 0.011924 40.9986948515 0.130808235905
3.8 0.012466 40.0023393962 0.126353986561
3.8 0.013008 38.7451148085 0.121304324004
3.8 0.01355 37.4982778837 0.116476947142
3.8 0.014092 36.3569928604 0.112330530371
3.8 0.014634 35.4572463416 0.108827200636
3.8 0.015176 34.6171907629 0.105561971551
3.8 0.015718 33.6615238742 0.101714849237
3.8 0.01626 32.776412623 0.0978503874704
3.8 0.016802 31.9609529593 0.0953815565192
3.8 0.017344 30.9987292783 0.0915526536632
3.8 0.017886 30.4156307638 0.0900104619046
3.8 0.018428 29.3281349044 0.0857503199871
3.8 0.01897 28.8617492088 0.0840484156607
3.8 0.019512 28.0888902052 0.0808893814323
4.0 0.001084 123.725404423 0.477361952165
4.0 0.001626 113.405313665 0.441142811977
4.0 0.002168 105.426233933 0.405351914638
4.0 0.00271 99.1062655708 0.370775880514
4.0 0.003252 94.0376252174 0.34756892542
4.0 0.003794 89.3233925351 0.328852167701
4.0 0.004336 84.819166863 0.309882280594
4.0 0.004878 80.5060376032 0.290945205425
4.0 0.00542 75.8609566307 0.272547841278
4.0 0.005962 71.8687357316 0.25542177317
4.0 0.006504 70.1701179642 0.248974404737
4.0 0.007046 66.2283795761 0.230880763312
4.0 0.007588 64.5591678809 0.222493678802
4.0 0.00813 62.0937252504 0.213302626131
4.0 0.008672 60.3924481247 0.205131192671
4.0 0.009214 57.8965748507 0.193994110858
4.0 0.009756 55.9001452157 0.186296108965
4.0 0.010298 53.6682721543 0.177224066778
4.0 0.01084 52.1698947586 0.169430487621
4.0 0.011382 50.6096211925 0.163585255753
4.0 0.011924 49.355217764 0.158363197785
4.0 0.012466 48.0407269789 0.152686258416
4.0 0.013008 46.5170118325 0.145874785083
4.0 0.01355 44.9156093975 0.140506817103
4.0 0.014092 43.7022627575 0.13550531437
4.0 0.014634 42.6224187054 0.131310881194
4.0 0.015176 41.5063981569 0.126468695541
4.0 0.015718 40.3593286416 0.121655243729
4.0 0.01626 39.3286575104 0.118068129247
4.0 0.016802 38.3371710845 0.11451689523
4.0 0.017344 37.4344950996 0.111084827525
4.0 0.017886 36.1589599161 0.106622380669
4.0 0.018428 35.3529122221 0.103984413403
4.0 0.01897 34.5717635796 0.100055395282
4.0 0.019512 33.5122141008 0.0961130659409
4.2 0.001084 149.609726606 0.590853908023
4.2 0.001626 136.962825276 0.545113851192
4.2 0.002168 127.117110346 0.498094125162
4.2 0.00271 119.404520078 0.455708461604
4.2 0.003252 113.830895945 0.429037653809
4.2 0.003794 107.60494844 0.402866653249
4.2 0.004336 102.655885561 0.380917759783
4.2 0.004878 96.9916243624 0.355731423145
4.2 0.00542 91.2957092984 0.333111140635
4.2 0.005962 87.0345184201 0.313774229732
4.2 0.006504 84.0945755669 0.301785656467
4.2 0.007046 80.0599864937 0.282162831157
4.2 0.007588 77.6089764899 0.271469888392
4.2 0.00813 75.1582294105 0.261425101772
4.2 0.008672 72.6970520178 0.249008795996
4.2 0.009214 69.6210533051 0.23584625233
4.2 0.009756 67.5323920494 0.227097602796
4.2 0.010298 64.252357513 0.21452782437
4.2 0.01084 63.1116097852 0.205909123553
4.2 0.011382 60.8837342794 0.198960808291
4.2 0.011924 59.500365482 0.192676852187
4.2 0.012466 57.8669715093 0.184468765785
4.2 0.013008 55.9323068775 0.17711513691
4.2 0.01355 54.1593211899 0.170375440476
4.2 0.014092 52.7498219653 0.164697484859
4.2 0.014634 51.2913310387 0.158596568733
4.2 0.015176 49.9302819421 0.152313253951
4.2 0.015718 48.4552892152 0.146402879011
4.2 0.01626 47.3775506472 0.143424499797
4.2 0.016802 46.1824565015 0.138211731975
4.2 0.017344 44.9414887765 0.133713043531
4.2 0.017886 43.559972622 0.128970772882
4.2 0.018428 42.6713929456 0.124805913663
4.2 0.01897 41.4990318237 0.119692153161
4.2 0.019512 40.692598216 0.11592293602
4.4 0.001084 181.568373341 0.732630073425
4.4 0.001626 166.055686275 0.67395936688
4.4 0.002168 154.119829166 0.613937897422
4.4 0.00271 144.609065937 0.561776274685
4.4 0.003252 138.249301558 0.530595787117
4.4 0.003794 129.954871097 0.494466662816
4.4 0.004336 124.70737546 0.470377384115
4.4 0.004878 117.096010437 0.436591494578
4.4 0.00542 110.283355812 0.40819853522
4.4 0.005962 105.732953653 0.387672626493
4.4 0.006504 101.213992643 0.367421232708
4.4 0.007046 97.1727316629 0.346835488914
4.4 0.007588 93.8506430561 0.332769091422
4.4 0.00813 91.3834576318 0.32038240265
4.4 0.008672 88.0629713543 0.304519636621
4.4 0.009214 84.2583570892 0.287953031489
4.4 0.009756 81.6596352078 0.277742109289
4.4 0.010298 78.164509727 0.262137878583
4.4 0.01084 76.1516635175 0.252116291566
4.4 0.011382 73.8431179605 0.244060039566
4.4 0.011924 72.0359742428 0.234506753658
4.4 0.012466 70.116246402 0.225006581413
4.4 0.013008 67.4296394452 0.216188815495
4.4 0.01355 65.6721412867 0.207302934783
4.4 0.014092 63.91064246 0.200566168446
4.4 0.014634 62.103102732 0.192375637459
4.4 0.015176 60.3807906608 0.184670712147
4.4 0.015718 58.8016290995 0.179548142288
4.4 0.01626 57.3435077306 0.17364059073
4.4 0.016802 55.943231304 0.168000660975
4.4 0.017344 54.138657118 0.161263107292
4.4 0.017886 52.8701563663 0.156476682573
4.4 0.018428 51.6522386059 0.150046352031
4.4 0.01897 50.3101811564 0.144928808952
4.4 0.019512 49.2608875996 0.140454635051
4.6 0.001084 219.021528261 0.907160106178
4.6 0.001626 200.237639121 0.831476309805
4.6 0.002168 186.041354122 0.756898568388
4.6 0.00271 174.651275262 0.692187549446
4.6 0.003252 167.510010858 0.656155476198
4.6 0.003794 156.665108901 0.607368935077
4.6 0.004336 150.932153353 0.579057043227
4.6 0.004878 141.220792351 0.536060656324
4.6 0.00542 133.385338922 0.501316937258
4.6 0.005962 128.317765218 0.478749966797
4.6 0.006504 122.033596829 0.44844022525
4.6 0.007046 118.160478159 0.426868934472
4.6 0.007588 113.80639979 0.408220851022
4.6 0.00813 111.007361531 0.392327991171
4.6 0.008672 106.596833293 0.372438457242
4.6 0.009214 102.496721259 0.354759008762
4.6 0.009756 98.4487145472 0.338454527582
4.6 0.010298 95.1303336385 0.32101667671
4.6 0.01084 92.2054041716 0.310478760519
4.6 0.011382 89.4159415082 0.298731083237
4.6 0.011924 87.3092099775 0.286432250545
4.6 0.012466 84.7573841648 0.275362306598
4.6 0.013008 81.7801869618 0.263752368592
4.6 0.01355 79.698744866 0.253583687991
4.6 0.014092 77.4860363164 0.24425255871
4.6 0.014634 75.447299981 0.233392431867
4.6 0.015176 73.2487986087 0.22598415323
4.6 0.015718 71.4725061153 0.219390790997
4.6 0.01626 69.648317581 0.210989332414
4.6 0.016802 67.7729522806 0.203913974387
4.6 0.017344 65.808301561 0.196212718743
4.6 0.017886 64.1900096681 0.188784719764
4.6 0.018428 62.5549975257 0.18249404065
4.6 0.01897 61.095551622 0.175269270005
4.6 0.019512 59.661232551 0.170717718091
