2.2 0.184924702397 15875.1706189 1.61285462478
2.4 0.231425921518 16214.9666535 1.61128932841
2.6 0.285929695332 15930.2603929 1.60826481705
2.8 0.349252333224 15290.823232 1.60555959958
3.0 0.422242531447 14160.8737065 1.60074153711
3.2 0.505780851386 12999.638095 1.59406342389
3.4 0.600779232412 11897.4277111 1.58622782384
3.6 0.708180535481 10826.1467146 1.57646548608
3.8 0.828958114192 9899.66394464 1.5658989771
4.0 0.9641154105 9239.52930724 1.55602927646
4.2 1.1146855727 8789.51110673 1.54817701281
4.4 1.28173109358 8469.67749817 1.54217472742
4.6 1.46634346696 8019.2761063 1.53931104549
