2.2 0.294479400147 15197.0370438 1.61421001122
2.4 0.377575293403 15531.8558534 1.61338812457
2.6 0.477287721261 15262.7420244 1.61013833901
2.8 0.595734504445 14655.7839802 1.60773695551
3.0 0.735166947198 13585.0117523 1.60351359517
3.2 0.89797056158 12476.8850874 1.59705943479
3.4 1.08666575818 11424.2294192 1.5893408174
3.6 1.30390850638 10400.6275515 1.57946526662
3.8 1.55249096683 9520.73916427 1.5694094956
4.0 1.83534209858 8895.66950154 1.56033053139
4.2 2.15552824283 8464.37581637 1.5521530881
4.4 2.5162536852 8155.60235034 1.54589520344
4.6 2.92086119803 7710.46147287 1.54164221085
