2.2 0.001084 38.1598387015 0.127105115926
2.2 0.001626 35.2897806407 0.118297060573
2.2 0.002168 33.5662899649 0.111855590877
2.2 0.00271 32.4651985612 0.107295741929
2.2 0.003252 30.9665062073 0.101649555685
2.2 0.003794 29.0833365752 0.0947359302349
2.2 0.004336 28.0341300423 0.0913378657327
2.2 0.004878 26.8171196513 0.0869477155856
2.2 0.00542 25.5278125557 0.0819584774314
2.2 0.005962 24.4819214376 0.0790010062612
2.2 0.006504 23.4262089148 0.0754574655615
2.2 0.007046 22.308987262 0.0715630544463
2.2 0.007588 21.3149442062 0.0682719623216
2.2 0.00813 20.46759188 0.0656268164428
2.2 0.008672 19.6864057726 0.0631056830512
2.2 0.009214 19.1666436639 0.0609788624466
2.2 0.009756 18.2779886836 0.0579923782017
2.2 0.010298 17.8073134487 0.0561991192109
2.2 0.01084 17.0082272812 0.0536251005962
2.2 0.011382 16.3918886253 0.0516017280457
2.2 0.011924 15.8522073326 0.0497881896821
2.2 0.012466 15.3456326008 0.0481384772093
2.2 0.013008 14.7970161225 0.0464098998901
2.2 0.01355 14.1696004231 0.0443518843251
2.2 0.014092 13.8297915542 0.0430445717514
2.2 0.014634 13.2685809522 0.0412360224642
2.2 0.015176 12.8301363092 0.0399660430563
2.2 0.015718 12.4388200365 0.038522602819
2.2 0.01626 12.0354193987 0.0370717659882
2.2 0.016802 11.7331806294 0.0361277850368
2.2 0.017344 11.3816878055 0.0350209970126
2.2 0.017886 10.9389716435 0.0335045344464
2.2 0.018428 10.6090108203 0.032387706416
2.2 0.01897 10.3043951612 0.0314482503961
2.2 0.019512 9.96994257984 0.0303608236421
2.4 0.001084 49.3154827826 0.162545841833
2.4 0.001626 45.5450874503 0.151974269891
2.4 0.002168 43.4636276624 0.144085728216
2.4 0.00271 41.8322684609 0.137291845183
2.4 0.003252 39.5491734738 0.128678767317
2.4 0.003794 37.395123407 0.120833953286
2.4 0.004336 36.0007515671 0.116195739259
2.4 0.004878 34.2220400627 0.110148433221
2.4 0.00542 32.6499889752 0.104243056686
2.4 0.005962 31.4273659541 0.100625516126
2.4 0.006504 29.9001237886 0.0955488180578
2.4 0.007046 28.3780732323 0.0901269371826
2.4 0.007588 27.3947349513 0.0871252149189
2.4 0.00813 26.2394939341 0.0831386867796
2.4 0.008672 25.4322554529 0.0802033335269
2.4 0.009214 24.5130662855 0.0770569120412
2.4 0.009756 23.5097669111 0.0734135310821
2.4 0.010298 22.7275794942 0.0706060670534
2.4 0.01084 21.7422544012 0.0678684230143
2.4 0.011382 21.1201986345 0.0653591220368
2.4 0.011924 20.3314748554 0.0628672077664
2.4 0.012466 19.6952781106 0.0608072140142
2.4 0.013008 18.9083209326 0.0580757136698
2.4 0.01355 18.33402914 0.0561783901146
2.4 0.014092 17.6725938137 0.0538373158408
2.4 0.014634 17.0411064805 0.0519697721001
2.4 0.015176 16.5120531294 0.0502201908008
2.4 0.015718 16.0328500487 0.0484174435086
2.4 0.01626 15.5690017686 0.0469212721642
2.4 0.016802 15.1068376716 0.0454969039
2.4 0.017344 14.5662538052 0.043895624338
2.4 0.017886 14.0890197219 0.0422710294294
2.4 0.018428 13.715761869 0.0408114552917
2.4 0.01897 13.2755167906 0.0394913684204
2.4 0.019512 12.8879527112 0.038118404329
2.6 0.001084 62.4023660163 0.204881032858
2.6 0.001626 57.5738869533 0.191431158075
2.6 0.002168 54.951707239 0.181842240687
2.6 0.00271 52.6417227801 0.172036627
2.6 0.003252 49.5151961057 0.160141019239
2.6 0.003794 47.240410358 0.152011767993
2.6 0.004336 45.2584086901 0.145325923378
2.6 0.004878 42.8394185496 0.136843083055
2.6 0.00542 40.9290128182 0.129978791912
2.6 0.005962 39.1981289354 0.124589373975
2.6 0.006504 37.1319509449 0.11770892002
2.6 0.007046 35.3556338175 0.111404438368
2.6 0.007588 34.4671259387 0.109318111186
2.6 0.00813 32.6678965334 0.102736263078
2.6 0.008672 32.0226811274 0.100123873199
2.6 0.009214 30.4794548962 0.0948392681247
2.6 0.009756 29.6021965901 0.0908413934331
2.6 0.010298 28.2664296567 0.0871448146448
2.6 0.01084 27.4155078917 0.0838313494233
2.6 0.011382 26.5065538172 0.0807770310806
2.6 0.011924 25.5781956505 0.0779458598255
2.6 0.012466 24.6873404523 0.0748609959869
2.6 0.013008 23.7752188169 0.0717778978272
2.6 0.01355 22.9819035042 0.0691847793634
2.6 0.014092 22.181516666 0.0665757084447
2.6 0.014634 21.4269444189 0.0643151508781
2.6 0.015176 20.8297097412 0.0619059618808
2.6 0.015718 20.2783255529 0.0600700593982
2.6 0.01626 19.6268170734 0.0584540716592
2.6 0.016802 18.9062604489 0.0558299665384
2.6 0.017344 18.3810404866 0.0540038539365
2.6 0.017886 17.8474735629 0.0520495493948
2.6 0.018428 17.3175690592 0.0505151918132
2.6 0.01897 16.8246665874 0.0488550083749
2.6 0.019512 16.2017709242 0.0469287983957
2.8 0.001084 77.3901747459 0.256000145439
2.8 0.001626 71.4815811551 0.238802977624
2.8 0.002168 68.1290680586 0.226692814596
2.8 0.00271 64.9636097688 0.212775933393
2.8 0.003252 60.7949360169 0.196983182775
2.8 0.003794 58.5287269959 0.188952847948
2.8 0.004336 55.6311377467 0.179141994145
2.8 0.004878 52.65248137 0.168151287857
2.8 0.00542 50.426679064 0.160478611328
2.8 0.005962 47.9980097969 0.152723745067
2.8 0.006504 45.4052181713 0.143535692465
2.8 0.007046 43.7373142979 0.138048329392
2.8 0.007588 42.3243632734 0.133889593251
2.8 0.00813 40.4800773995 0.126747275893
2.8 0.008672 39.2798319599 0.122221870094
2.8 0.009214 37.5411841856 0.116004241015
2.8 0.009756 36.4310783234 0.111235191465
2.8 0.010298 34.6393596582 0.106646409791
2.8 0.01084 33.9135573631 0.102644608016
2.8 0.011382 32.4738753365 0.098917910203
2.8 0.011924 31.5175411616 0.0949094480967
2.8 0.012466 30.3423629317 0.0906804697806
2.8 0.013008 29.4354976265 0.0881167542965
2.8 0.01355 28.5162393161 0.0842652669299
2.8 0.014092 27.5254239175 0.0812450389838
2.8 0.014634 26.6135283739 0.0780289679202
2.8 0.015176 25.8583393898 0.0759288820416
2.8 0.015718 25.0863335059 0.0734768820898
2.8 0.01626 24.1971949991 0.0703294281365
2.8 0.016802 23.493301445 0.0680743273402
2.8 0.017344 22.8332168497 0.0660730241124
2.8 0.017886 22.152153151 0.0637821399136
2.8 0.018428 21.5516576867 0.0616176643705
2.8 0.01897 20.8347227491 0.0594239335103
2.8 0.019512 20.1198329957 0.0573238645412
3.0 0.001084 94.5777105482 0.317934370448
3.0 0.001626 87.4343762518 0.295803126638
3.0 0.002168 83.21530819 0.281344018495
3.0 0.00271 79.0784047889 0.261421800134
3.0 0.003252 73.6753653914 0.240727810119
3.0 0.003794 71.5572643511 0.233502153293
3.0 0.004336 67.3505544489 0.219102002956
3.0 0.004878 64.0270005697 0.206117886661
3.0 0.00542 61.2964849776 0.197289854177
3.0 0.005962 58.0325101744 0.185632716239
3.0 0.006504 54.9789924522 0.173670355525
3.0 0.007046 53.561545908 0.169967573563
3.0 0.007588 51.1686192655 0.1614881419
3.0 0.00813 49.4102572953 0.154593584185
3.0 0.008672 47.4533011162 0.147779944008
3.0 0.009214 45.9553099037 0.141405502571
3.0 0.009756 44.0570990127 0.135446201547
3.0 0.010298 42.5115718435 0.130111603012
3.0 0.01084 41.1511194643 0.124965964025
3.0 0.011382 39.6063261755 0.119374605325
3.0 0.011924 38.3309910605 0.114437452609
3.0 0.012466 37.1600930314 0.110925259654
3.0 0.013008 36.0749349755 0.106937697747
3.0 0.01355 34.9030496077 0.102124642737
3.0 0.014092 33.6355810466 0.098214728105
3.0 0.014634 32.593974925 0.0950062314671
3.0 0.015176 31.7071583291 0.092397361991
3.0 0.015718 30.6559271394 0.088676489209
3.0 0.01626 29.587524756 0.0851831577059
3.0 0.016802 28.8090892072 0.0829894239768
3.0 0.017344 27.9810548102 0.0804973810538
3.0 0.017886 27.3070921939 0.0777742352879
3.0 0.018428 26.495039025 0.0748665488408
3.0 0.01897 25.5246174661 0.0721740001363
3.0 0.019512 24.9646734567 0.0698801940821
3.2 0.001084 114.864557045 0.39582457008
3.2 0.001626 106.231016276 0.367023841963
3.2 0.002168 100.690355869 0.348597712806
3.2 0.00271 95.5546688713 0.320860449737
3.2 0.003252 88.7471453941 0.295167441919
3.2 0.003794 86.9792397372 0.288735518643
3.2 0.004336 81.053724099 0.268205712785
3.2 0.004878 77.6308825304 0.254250349325
3.2 0.00542 74.0451169067 0.242176072988
3.2 0.005962 69.8661483226 0.226017970172
3.2 0.006504 66.17703383 0.210997224629
3.2 0.007046 65.1815231742 0.209535416097
3.2 0.007588 61.486832646 0.195097005762
3.2 0.00813 60.0871409909 0.189318990833
3.2 0.008672 57.0490382844 0.178361068025
3.2 0.009214 56.0953276129 0.173500025252
3.2 0.009756 53.0308078321 0.164099891212
3.2 0.010298 51.7115086048 0.158362645036
3.2 0.01084 49.6644309572 0.151539923559
3.2 0.011382 47.9182829048 0.14399246023
3.2 0.011924 46.6214363614 0.139802828547
3.2 0.012466 45.2335843912 0.135958429627
3.2 0.013008 44.1089734043 0.129506910527
3.2 0.01355 42.3269468204 0.124316548917
3.2 0.014092 40.8828004138 0.119333504168
3.2 0.014634 39.8119682682 0.116355860009
3.2 0.015176 38.6375734677 0.111843452704
3.2 0.015718 37.135086382 0.107645237917
3.2 0.01626 36.1073902519 0.103866411662
3.2 0.016802 35.1485867638 0.101207543779
3.2 0.017344 34.4671004825 0.0981072628546
3.2 0.017886 33.4580458574 0.0943754441857
3.2 0.018428 32.1636298498 0.0905494852099
3.2 0.01897 31.4208455022 0.0874346410645
3.2 0.019512 30.794514774 0.0859820385382
3.4 0.001084 139.797152819 0.493165426921
3.4 0.001626 129.285147575 0.458290240995
3.4 0.002168 121.83475517 0.431321252365
3.4 0.00271 115.430448464 0.395811899666
3.4 0.003252 108.102521336 0.367581317806
3.4 0.003794 105.164069969 0.356261000112
3.4 0.004336 98.3379700895 0.331327151194
3.4 0.004878 94.2888915456 0.314877046378
3.4 0.00542 89.4029148109 0.296536342533
3.4 0.005962 84.363084477 0.277097630937
3.4 0.006504 80.6640111751 0.262427686831
3.4 0.007046 78.4931439239 0.255061525224
3.4 0.007588 74.8545237932 0.240181464654
3.4 0.00813 72.5725783043 0.230676572237
3.4 0.008672 69.6454007738 0.219532382705
3.4 0.009214 67.7721091064 0.212128379368
3.4 0.009756 64.7489353929 0.201129343285
3.4 0.010298 62.5847362424 0.193462769147
3.4 0.01084 60.1945267538 0.184413392436
3.4 0.011382 58.2696966691 0.176888602596
3.4 0.011924 56.724691266 0.171960677459
3.4 0.012466 55.19675415 0.165389999289
3.4 0.013008 53.4686416691 0.15831260559
3.4 0.01355 51.4984238224 0.152013014769
3.4 0.014092 49.9313739735 0.146760942193
3.4 0.014634 48.4626435189 0.141567537278
3.4 0.015176 46.8827388301 0.136271513487
3.4 0.015718 45.4749725135 0.131706425658
3.4 0.01626 44.2297074834 0.127652563164
3.4 0.016802 43.3065117248 0.123600768643
3.4 0.017344 42.1583108136 0.119197411932
3.4 0.017886 40.60837586 0.114193625031
3.4 0.018428 39.5729383571 0.110572009636
3.4 0.01897 38.6234366275 0.107556963235
3.4 0.019512 37.6620095169 0.104554193622
3.6 0.001084 170.535754989 0.618019120559
3.6 0.001626 157.647930536 0.574018802484
3.6 0.002168 147.990990427 0.535161021293
3.6 0.00271 139.911559656 0.491111795894
3.6 0.003252 132.059190903 0.45971104061
3.6 0.003794 127.287664808 0.441512065559
3.6 0.004336 119.70686072 0.411907137023
3.6 0.004878 114.529605708 0.390229199997
3.6 0.00542 108.126201619 0.365227625627
3.6 0.005962 102.123418032 0.342136762851
3.6 0.006504 98.4537317245 0.327696968662
3.6 0.007046 94.7159045576 0.312500870555
3.6 0.007588 91.2783899791 0.296770467783
3.6 0.00813 87.754522622 0.28300261847
3.6 0.008672 85.3555408487 0.273652959919
3.6 0.009214 82.147980695 0.260672132222
3.6 0.009756 78.8215439275 0.248960832781
3.6 0.010298 75.9899590361 0.238270737063
3.6 0.01084 72.8594729431 0.22606402242
3.6 0.011382 71.1826069871 0.21916844545
3.6 0.011924 69.0266696527 0.211680836182
3.6 0.012466 67.5811697743 0.202883327783
3.6 0.013008 65.0397386326 0.195392994866
3.6 0.01355 62.9471248997 0.1864897726
3.6 0.014092 61.0024595115 0.180364773362
3.6 0.014634 59.196203305 0.173333475285
3.6 0.015176 57.5110121144 0.167754768076
3.6 0.015718 55.8426673925 0.162081315636
3.6 0.01626 54.3467466814 0.15650367979
3.6 0.016802 53.0648415993 0.151026745263
3.6 0.017344 51.3222146128 0.145168682588
3.6 0.017886 49.8186755753 0.139956392588
3.6 0.018428 48.6665381252 0.13617645762
3.6 0.01897 47.3046208627 0.131675017132
3.6 0.019512 46.2254360093 0.127997111962
3.8 0.001084 207.182420466 0.778130893412
3.8 0.001626 191.470975517 0.721921941733
3.8 0.002168 179.242539613 0.667511759489
3.8 0.00271 169.586159547 0.614179015773
3.8 0.003252 161.415957172 0.578556228749
3.8 0.003794 154.625754646 0.550533979642
3.8 0.004336 146.50143365 0.515953021325
3.8 0.004878 139.744894048 0.4868167159
3.8 0.00542 131.564119866 0.454837991149
3.8 0.005962 124.559795258 0.426755707493
3.8 0.006504 120.564596113 0.411585681755
3.8 0.007046 114.87965091 0.385942096801
3.8 0.007588 111.807513866 0.370177641576
3.8 0.00813 106.792007014 0.351608037979
3.8 0.008672 105.018471885 0.343525812525
3.8 0.009214 100.209261748 0.32344833226
3.8 0.009756 96.2182915605 0.309688982911
3.8 0.010298 92.9193481586 0.296152072149
3.8 0.01084 89.2913900376 0.281156238448
3.8 0.011382 87.2507244623 0.272067464262
3.8 0.011924 84.7980688001 0.262139594653
3.8 0.012466 82.5833775982 0.252331273712
3.8 0.013008 79.8618366274 0.241736912247
3.8 0.01355 77.3147647877 0.231750718081
3.8 0.014092 74.895060229 0.222659655017
3.8 0.014634 72.8478160307 0.215336337161
3.8 0.015176 70.7293774357 0.20763400719
3.8 0.015718 68.6578085989 0.200213705575
3.8 0.01626 66.7884000528 0.192866079518
3.8 0.016802 65.068097563 0.186886867525
3.8 0.017344 62.896079348 0.17842517993
3.8 0.017886 61.9055924856 0.175134126284
3.8 0.018428 59.5620742764 0.167157632165
3.8 0.01897 58.4684694012 0.163630123584
3.8 0.019512 56.9233887192 0.156650712466
4.0 0.001084 254.908913475 0.986121350262
4.0 0.001626 235.61700298 0.91400424871
4.0 0.002168 220.162849045 0.83978942061
4.0 0.00271 208.288970023 0.775188804623
4.0 0.003252 198.990929713 0.733518951177
4.0 0.003794 189.376763655 0.692035802653
4.0 0.004336 180.439408324 0.651991825843
4.0 0.004878 171.390336298 0.611856536797
4.0 0.00542 161.037562815 0.570831225537
4.0 0.005962 153.215081402 0.536800209657
4.0 0.006504 148.423819306 0.520520381263
4.0 0.007046 140.851899486 0.483076219212
4.0 0.007588 137.391039046 0.465916368382
4.0 0.00813 132.018507291 0.444537906319
4.0 0.008672 128.835999504 0.430029457868
4.0 0.009214 123.209503507 0.407186501131
4.0 0.009756 118.653089878 0.389092247164
4.0 0.010298 114.104824887 0.370290805258
4.0 0.01084 110.611839904 0.353226308198
4.0 0.011382 107.298460622 0.340226891987
4.0 0.011924 104.799508853 0.329057302196
4.0 0.012466 101.523771048 0.315568098852
4.0 0.013008 98.6702537725 0.302283398351
4.0 0.01355 95.3138074298 0.290269181368
4.0 0.014092 92.56979576 0.279412992477
4.0 0.014634 89.9469440403 0.269785462144
4.0 0.015176 87.3301064044 0.258836916427
4.0 0.015718 84.8620868015 0.249168032552
4.0 0.01626 82.7219509038 0.241584818564
4.0 0.016802 80.4998610558 0.233143395807
4.0 0.017344 78.727576874 0.225985891614
4.0 0.017886 76.0541564272 0.216942137404
4.0 0.018428 74.1683841036 0.210712766543
4.0 0.01897 72.5504148399 0.202031148472
4.0 0.019512 70.1699103233 0.193879043843
4.2 0.001084 311.915545089 1.25851123061
4.2 0.001626 288.481499355 1.16389708567
4.2 0.002168 269.638450311 1.06560922305
4.2 0.00271 255.437196656 0.986614461857
4.2 0.003252 245.10947954 0.93656494749
4.2 0.003794 232.348499526 0.876081343068
4.2 0.004336 222.762647568 0.831048486431
4.2 0.004878 210.754105859 0.774043889798
4.2 0.00542 197.855635179 0.721194618559
4.2 0.005962 189.786891184 0.684798761479
4.2 0.006504 182.405728202 0.656195055808
4.2 0.007046 174.587497407 0.615363487221
4.2 0.007588 169.282727416 0.589857899552
4.2 0.00813 164.233908039 0.566673746976
4.2 0.008672 159.116943201 0.544442374982
4.2 0.009214 152.10279659 0.514234940933
4.2 0.009756 147.319788379 0.495004850329
4.2 0.010298 140.776445844 0.466647620988
4.2 0.01084 137.50384858 0.446934415161
4.2 0.011382 133.003583914 0.430520681495
4.2 0.011924 129.890973851 0.416429181439
4.2 0.012466 126.089156063 0.398138249836
4.2 0.013008 122.335908346 0.382418123785
4.2 0.01355 118.493465525 0.367145998851
4.2 0.014092 115.005146027 0.354036760549
4.2 0.014634 111.756693157 0.340430301586
4.2 0.015176 108.561265039 0.324899094693
4.2 0.015718 105.647119672 0.313977523538
4.2 0.01626 103.242741552 0.306355759236
4.2 0.016802 100.645107141 0.295201252327
4.2 0.017344 98.1718838931 0.285606725866
4.2 0.017886 94.9281176751 0.273977097036
4.2 0.018428 92.7856930261 0.264383956357
4.2 0.01897 90.2751242905 0.253881713611
4.2 0.019512 88.2635491113 0.246448121449
4.4 0.001084 383.775502982 1.61698309514
4.4 0.001626 355.322443443 1.49008888109
4.4 0.002168 332.75834067 1.36395899576
4.4 0.00271 315.41353637 1.26627473038
4.4 0.003252 303.604123526 1.2050865156
4.4 0.003794 286.442854194 1.11755964739
4.4 0.004336 276.688074735 1.07014480378
4.4 0.004878 260.333148675 0.987987770585
4.4 0.00542 245.329729741 0.922271316651
4.4 0.005962 236.322486907 0.882760902941
4.4 0.006504 225.865896259 0.83586533903
4.4 0.007046 217.907858751 0.792071162495
4.4 0.007588 210.458203569 0.754274644972
4.4 0.00813 205.663495543 0.727858703737
4.4 0.008672 198.315854361 0.697036852724
4.4 0.009214 189.592084767 0.655730389928
4.4 0.009756 183.687723901 0.633310468971
4.4 0.010298 176.436826987 0.59652712129
4.4 0.01084 171.390486252 0.571845648512
4.4 0.011382 166.60462015 0.552817216272
4.4 0.011924 162.140805373 0.530896197768
4.4 0.012466 157.89556003 0.509709947877
4.4 0.013008 152.792522924 0.489318365093
4.4 0.01355 148.251929547 0.468559707353
4.4 0.014092 144.114720883 0.452442658585
4.4 0.014634 140.353574831 0.433594753719
4.4 0.015176 136.508520373 0.41520484314
4.4 0.015718 133.260302049 0.403999116092
4.4 0.01626 130.07256638 0.39117208096
4.4 0.016802 127.098893823 0.378153623359
4.4 0.017344 122.804296817 0.36204298604
4.4 0.017886 119.626294813 0.348217876575
4.4 0.018428 116.633469827 0.336398043882
4.4 0.01897 113.849878533 0.324175212373
4.4 0.019512 111.213584535 0.314162439694
4.6 0.001084 471.529798931 2.08986951488
4.6 0.001626 437.086218455 1.91835583673
4.6 0.002168 410.670063217 1.76143379694
4.6 0.00271 390.049490597 1.63884285646
4.6 0.003252 376.739738773 1.56366289628
4.6 0.003794 354.11621054 1.43931437765
4.6 0.004336 343.579463398 1.38121227384
4.6 0.004878 322.568891424 1.27278837095
4.6 0.00542 306.027096586 1.19469186772
4.6 0.005962 295.10216807 1.14610529594
4.6 0.006504 281.27182772 1.07549555761
4.6 0.007046 273.452031727 1.02848040071
4.6 0.007588 263.525988966 0.975551309335
4.6 0.00813 257.997932181 0.941135363794
4.6 0.008672 248.123717811 0.895808736855
4.6 0.009214 238.529239286 0.852364890981
4.6 0.009756 229.984887915 0.814191995333
4.6 0.010298 221.979725398 0.769813043949
4.6 0.01084 215.220024194 0.74208587823
4.6 0.011382 209.503554442 0.716615929321
4.6 0.011924 203.59966631 0.684914878152
4.6 0.012466 198.31471437 0.659644803619
4.6 0.013008 192.106887835 0.631742676323
4.6 0.01355 186.604103827 0.605891136067
4.6 0.014092 182.154115408 0.583268975337
4.6 0.014634 177.436070195 0.557327277946
4.6 0.015176 173.095609289 0.540162675011
4.6 0.015718 169.136742969 0.523548049898
4.6 0.01626 165.074556554 0.504845022173
4.6 0.016802 160.502758389 0.485683568977
4.6 0.017344 155.650379214 0.464775416165
4.6 0.017886 151.297815653 0.448742509763
4.6 0.018428 148.062837015 0.433933694962
4.6 0.01897 144.359305986 0.418384893165
4.6 0.019512 141.385785919 0.405337483938
