2.2 0.001084 18.0127661039 0.0641527363742
2.2 0.001626 16.8357243183 0.0600863587231
2.2 0.002168 16.1996401314 0.0574613233441
2.2 0.00271 15.8372869336 0.0557149408464
2.2 0.003252 15.2134828156 0.0530208780941
2.2 0.003794 14.343670534 0.049409932639
2.2 0.004336 13.9154848674 0.0479600510221
2.2 0.004878 13.4037808771 0.0457360122618
2.2 0.00542 12.8736965939 0.0434422318708
2.2 0.005962 12.4611149226 0.0421855742078
2.2 0.006504 11.9778092098 0.0404541522553
2.2 0.007046 11.4816928121 0.0386474766464
2.2 0.007588 11.036671271 0.0371020812584
2.2 0.00813 10.6391670317 0.0357955625794
2.2 0.008672 10.2895364754 0.034622337925
2.2 0.009214 10.042792013 0.0334871365634
2.2 0.009756 9.62922674237 0.0321753665991
2.2 0.010298 9.39124688986 0.0311238888286
2.2 0.01084 9.05795389185 0.029994016188
2.2 0.011382 8.74464797536 0.028818043522
2.2 0.011924 8.48775874979 0.0278352894376
2.2 0.012466 8.26065049641 0.0271020293751
2.2 0.013008 7.99676077874 0.0263312524092
2.2 0.01355 7.70003844634 0.0253225389412
2.2 0.014092 7.53223360502 0.0245514182192
2.2 0.014634 7.27593849958 0.023781298403
2.2 0.015176 7.07093744324 0.0232298649583
2.2 0.015718 6.85893990392 0.0223243582358
2.2 0.01626 6.64291192722 0.0215339289305
2.2 0.016802 6.48885415422 0.021043172665
2.2 0.017344 6.32272816265 0.0204500354927
2.2 0.017886 6.11487600432 0.0196472529062
2.2 0.018428 5.95051947206 0.0190543190706
2.2 0.01897 5.78166371266 0.0185578398092
2.2 0.019512 5.62108731721 0.0179017039542
2.4 0.001084 23.6284238611 0.0826505486165
2.4 0.001626 22.015366245 0.0777515148417
2.4 0.002168 21.2652106078 0.074628506722
2.4 0.00271 20.7150429015 0.0718383033723
2.4 0.003252 19.6939892034 0.0674958885001
2.4 0.003794 18.6749251864 0.0634394408317
2.4 0.004336 18.1069192997 0.0613599311331
2.4 0.004878 17.3349392774 0.0584070660173
2.4 0.00542 16.6516690718 0.0554653639519
2.4 0.005962 16.1653868326 0.0540499058934
2.4 0.006504 15.4263682624 0.0512943088149
2.4 0.007046 14.755955866 0.0491070083444
2.4 0.007588 14.3112066759 0.0475585237349
2.4 0.00813 13.7755825175 0.0456357806378
2.4 0.008672 13.385782606 0.0440846449309
2.4 0.009214 12.9403640584 0.0425084127706
2.4 0.009756 12.4561801283 0.0407090090716
2.4 0.010298 12.09322022 0.039234024938
2.4 0.01084 11.6616132923 0.0379950520682
2.4 0.011382 11.3286648516 0.0364754922393
2.4 0.011924 11.0115015657 0.0355420040322
2.4 0.012466 10.6831056143 0.0345605788763
2.4 0.013008 10.2889198582 0.0332702267776
2.4 0.01355 9.99873066702 0.0321666074823
2.4 0.014092 9.67517333064 0.0309003893739
2.4 0.014634 9.36261137749 0.0299946282667
2.4 0.015176 9.09396602888 0.0290870812626
2.4 0.015718 8.84592474297 0.0281350492465
2.4 0.01626 8.60724843539 0.0273490284263
2.4 0.016802 8.37755953311 0.0264687804353
2.4 0.017344 8.10967031803 0.0256126567785
2.4 0.017886 7.87713646493 0.0247766658348
2.4 0.018428 7.69612547553 0.0240170844768
2.4 0.01897 7.46857586689 0.0232115516663
2.4 0.019512 7.2801971378 0.0226387126998
2.6 0.001084 30.2216468573 0.104295965253
2.6 0.001626 28.0808074066 0.0978411380163
2.6 0.002168 27.125722061 0.0940445832935
2.6 0.00271 26.2906654076 0.0899166585838
2.6 0.003252 24.816979514 0.083849153496
2.6 0.003794 23.7587114847 0.0798454163611
2.6 0.004336 22.90340963 0.0767230526225
2.6 0.004878 21.8114210082 0.072522067165
2.6 0.00542 21.0033360789 0.069306694429
2.6 0.005962 20.2821856046 0.066737678464
2.6 0.006504 19.2961357781 0.063310252272
2.6 0.007046 18.5035024429 0.0607405804268
2.6 0.007588 18.1022624514 0.0594452983728
2.6 0.00813 17.2464088445 0.0563302577003
2.6 0.008672 16.8978641995 0.0546781692242
2.6 0.009214 16.1848217219 0.0523307101713
2.6 0.009756 15.7325935623 0.0501418173157
2.6 0.010298 15.1323165118 0.048529728909
2.6 0.01084 14.7001722844 0.0467321588178
2.6 0.011382 14.2795085465 0.0452571203825
2.6 0.011924 13.834066384 0.0439273493502
2.6 0.012466 13.3626605728 0.0423435416753
2.6 0.013008 12.889334584 0.0407145515494
2.6 0.01355 12.4903879467 0.0392392990868
2.6 0.014092 12.1105018813 0.0379270624696
2.6 0.014634 11.7527456318 0.0370154033697
2.6 0.015176 11.467114267 0.0357703257268
2.6 0.015718 11.1871459505 0.0347810395587
2.6 0.01626 10.8220775807 0.0335984512297
2.6 0.016802 10.4627176008 0.032441510502
2.6 0.017344 10.2262866764 0.0314169693591
2.6 0.017886 9.95849839178 0.0302601794474
2.6 0.018428 9.67883561363 0.0294870706689
2.6 0.01897 9.42568652048 0.0286613908778
2.6 0.019512 9.12092538351 0.027604659537
2.8 0.001084 37.6505435941 0.129618783392
2.8 0.001626 35.0105226463 0.121394034849
2.8 0.002168 33.7757968257 0.116471771027
2.8 0.00271 32.5545033028 0.110629996747
2.8 0.003252 30.4906494981 0.102401041685
2.8 0.003794 29.5027407903 0.0986807253114
2.8 0.004336 28.2024376196 0.0938331918423
2.8 0.004878 26.8187897568 0.0885002788467
2.8 0.00542 25.8838245493 0.0849475621048
2.8 0.005962 24.7775389798 0.0810132542671
2.8 0.006504 23.5425426094 0.0767781994763
2.8 0.007046 22.8428673117 0.0745781851502
2.8 0.007588 22.2143585455 0.0723959539042
2.8 0.00813 21.2762411903 0.0686410721349
2.8 0.008672 20.7039456104 0.0663572826406
2.8 0.009214 19.9049646498 0.0636176418995
2.8 0.009756 19.327032964 0.0608737784525
2.8 0.010298 18.5013894228 0.0588922526914
2.8 0.01084 18.1298569555 0.0564898048675
2.8 0.011382 17.4803492207 0.0549156344093
2.8 0.011924 16.9434779846 0.0526578978396
2.8 0.012466 16.3221951874 0.0507000154439
2.8 0.013008 15.8372489875 0.0491472847733
2.8 0.01355 15.3790055258 0.0471643508177
2.8 0.014092 14.9249418878 0.0459411308099
2.8 0.014634 14.5096447156 0.0443224778706
2.8 0.015176 14.1284788059 0.043202601804
2.8 0.015718 13.6901984777 0.0415415194605
2.8 0.01626 13.2526309394 0.040094439082
2.8 0.016802 12.924945073 0.0390634048468
2.8 0.017344 12.6069145435 0.0379041893628
2.8 0.017886 12.2563290619 0.0366173936063
2.8 0.018428 11.9363172763 0.0355103288053
2.8 0.01897 11.5683915824 0.0343691821851
2.8 0.019512 11.2048712072 0.0332770669427
3.0 0.001084 46.0073631115 0.158711344099
3.0 0.001626 42.7969259012 0.148260198356
3.0 0.002168 41.1809652469 0.142578823872
3.0 0.00271 39.5251520702 0.134328710101
3.0 0.003252 36.7611634219 0.123265284154
3.0 0.003794 35.9150511583 0.120090583938
3.0 0.004336 33.9298291876 0.113017383386
3.0 0.004878 32.3633723997 0.106791098054
3.0 0.00542 31.2823075477 0.102882317446
3.0 0.005962 29.7198133864 0.097014557426
3.0 0.006504 28.2920220872 0.0916010892799
3.0 0.007046 27.7798047386 0.0902908869218
3.0 0.007588 26.6105706979 0.0860492927774
3.0 0.00813 25.7019777375 0.0823368588452
3.0 0.008672 24.7957030634 0.0792321999618
3.0 0.009214 24.0181097841 0.0758139458489
3.0 0.009756 23.0870911844 0.0728375363136
3.0 0.010298 22.3980547456 0.0703040944921
3.0 0.01084 21.7627163218 0.0677898231685
3.0 0.011382 20.9726908527 0.0650149694347
3.0 0.011924 20.3058675867 0.0624937984594
3.0 0.012466 19.706550954 0.0606411652483
3.0 0.013008 19.140699591 0.0585389317912
3.0 0.01355 18.5786909105 0.0563156564858
3.0 0.014092 17.9915921218 0.0544422940227
3.0 0.014634 17.4728622794 0.0527223999047
3.0 0.015176 16.994903259 0.0513241109228
3.0 0.015718 16.4395095626 0.049310247177
3.0 0.01626 15.9828004253 0.0479156025239
3.0 0.016802 15.5977140338 0.0465120953497
3.0 0.017344 15.1706018896 0.0450818104146
3.0 0.017886 14.8495044606 0.0437982036184
3.0 0.018428 14.4358477927 0.0423257991424
3.0 0.01897 13.9763507047 0.0409975013448
3.0 0.019512 13.7137329118 0.0398923573184
3.2 0.001084 55.5043883192 0.19404753953
3.2 0.001626 51.5954241154 0.180286630968
3.2 0.002168 49.4824909372 0.173971538771
3.2 0.00271 47.2548856554 0.16135912251
3.2 0.003252 43.6880515208 0.147557274695
3.2 0.003794 43.1189280289 0.145119977367
3.2 0.004336 40.2706970683 0.135446584216
3.2 0.004878 38.6214326341 0.12862583104
3.2 0.00542 37.2632868027 0.123397644143
3.2 0.005962 35.2084647973 0.115582696275
3.2 0.006504 33.5238854036 0.108522814261
3.2 0.007046 33.3163378807 0.108712214217
3.2 0.007588 31.3890693482 0.10146412039
3.2 0.00813 30.6452577921 0.0982532710281
3.2 0.008672 29.2992330607 0.0935670709351
3.2 0.009214 28.6327143338 0.0902140015483
3.2 0.009756 27.1985988832 0.0861413842623
3.2 0.010298 26.7185211759 0.0834105424674
3.2 0.01084 25.6819954113 0.0800478754875
3.2 0.011382 24.7935277277 0.0764642125708
3.2 0.011924 24.1882063497 0.0743245791955
3.2 0.012466 23.4417938918 0.072164553112
3.2 0.013008 22.8400050285 0.0689190443903
3.2 0.01355 22.103243379 0.0669370560512
3.2 0.014092 21.3209473206 0.0641181634647
3.2 0.014634 20.8365151076 0.0628148494573
3.2 0.015176 20.169230561 0.0603376261796
3.2 0.015718 19.5712466951 0.0588940920017
3.2 0.01626 19.0464582738 0.0565813152825
3.2 0.016802 18.5635485057 0.054898795113
3.2 0.017344 18.2406670041 0.0535144500774
3.2 0.017886 17.7562569466 0.0517022264749
3.2 0.018428 17.171168271 0.0500150166537
3.2 0.01897 16.8337383886 0.048485732711
3.2 0.019512 16.4047798453 0.047378693862
3.4 0.001084 66.8976850366 0.236553806263
3.4 0.001626 62.1328532508 0.220231732663
3.4 0.002168 59.1563497261 0.210507890405
3.4 0.00271 56.200431709 0.193924236876
3.4 0.003252 52.3790308233 0.178772785184
3.4 0.003794 51.2702280542 0.174234722536
3.4 0.004336 47.9950019869 0.162952707168
3.4 0.004878 46.0898951297 0.154942151946
3.4 0.00542 44.0879001841 0.146871719038
3.4 0.005962 41.7009222434 0.137884535911
3.4 0.006504 40.0590574333 0.13106098817
3.4 0.007046 39.2083880839 0.128440478725
3.4 0.007588 37.3091500971 0.121252094007
3.4 0.00813 36.1871009528 0.116547396389
3.4 0.008672 34.7975124378 0.11123483844
3.4 0.009214 33.7471376536 0.107119161906
3.4 0.009756 32.408723684 0.102148023858
3.4 0.010298 31.5248160785 0.0987021554613
3.4 0.01084 30.3116020374 0.0943836435211
3.4 0.011382 29.3593152716 0.0906263414783
3.4 0.011924 28.63015855 0.0882049637651
3.4 0.012466 27.8111945035 0.0848706385703
3.4 0.013008 27.0318569752 0.081821037051
3.4 0.01355 26.1154760552 0.0789027888719
3.4 0.014092 25.3420299658 0.0763049118294
3.4 0.014634 24.6052416431 0.0739024585153
3.4 0.015176 23.8727182392 0.0715067525377
3.4 0.015718 23.2751231831 0.0693475559973
3.4 0.01626 22.6823958448 0.0670317716279
3.4 0.016802 22.2278828455 0.065047659397
3.4 0.017344 21.6879647216 0.0629253138133
3.4 0.017886 20.9919964882 0.0607289659149
3.4 0.018428 20.4861981054 0.0590336014077
3.4 0.01897 19.9441703965 0.0571585407002
3.4 0.019512 19.4608467788 0.0557072825503
3.6 0.001084 80.569074283 0.288601986396
3.6 0.001626 74.7797982116 0.269126058439
3.6 0.002168 70.7248196933 0.254194381156
3.6 0.00271 66.841193695 0.233330265091
3.6 0.003252 62.8306414613 0.217047678029
3.6 0.003794 60.8334897621 0.209609425942
3.6 0.004336 57.1888417597 0.19630398909
3.6 0.004878 54.8228350693 0.186097015156
3.6 0.00542 52.0925728342 0.175225536695
3.6 0.005962 49.3051484204 0.164664814491
3.6 0.006504 47.7919697848 0.158601217138
3.6 0.007046 46.1137427429 0.152232310468
3.6 0.007588 44.2881439913 0.144518623178
3.6 0.00813 42.6757724014 0.138369316102
3.6 0.008672 41.4331826837 0.133508759022
3.6 0.009214 39.8534638547 0.126927078943
3.6 0.009756 38.5169956102 0.121826854372
3.6 0.010298 37.2589119156 0.117443850554
3.6 0.01084 35.6274906743 0.111222498969
3.6 0.011382 34.8922762631 0.108103235496
3.6 0.011924 33.7715322083 0.104451592744
3.6 0.012466 32.9942536817 0.10028994752
3.6 0.013008 31.9769959953 0.0978683069855
3.6 0.01355 30.8612381476 0.0927345708582
3.6 0.014092 30.0104358217 0.0905708709342
3.6 0.014634 29.0762608079 0.0871448197247
3.6 0.015176 28.3998633965 0.0846871919414
3.6 0.015718 27.7164848468 0.0820437911257
3.6 0.01626 26.9916904507 0.0790884117936
3.6 0.016802 26.3885141821 0.0765885947636
3.6 0.017344 25.6001983472 0.0740846118172
3.6 0.017886 24.908203448 0.0718168538994
3.6 0.018428 24.2788602543 0.0696772996121
3.6 0.01897 23.6186531051 0.0673841717798
3.6 0.019512 23.067100952 0.0656657349188
3.8 0.001084 96.6431937775 0.352884396796
3.8 0.001626 89.510752488 0.329060465255
3.8 0.002168 84.1828341334 0.307431795408
3.8 0.00271 79.4169346104 0.281854060444
3.8 0.003252 75.2751397712 0.263971576775
3.8 0.003794 72.2588917186 0.252488536636
3.8 0.004336 68.3634748007 0.237275727061
3.8 0.004878 65.3441492255 0.224275098977
3.8 0.00542 61.7917826246 0.210538289668
3.8 0.005962 58.5466055389 0.197864959562
3.8 0.006504 57.0931231934 0.192345619454
3.8 0.007046 54.3320996656 0.180879870722
3.8 0.007588 52.7507709076 0.173177697017
3.8 0.00813 50.5778959852 0.165769938885
3.8 0.008672 49.4561503412 0.161068848696
3.8 0.009214 47.2681651604 0.151269438904
3.8 0.009756 45.6679017984 0.145865634777
3.8 0.010298 44.0826698655 0.140099606285
3.8 0.01084 42.2799623464 0.132734693637
3.8 0.011382 41.4120167553 0.12880752207
3.8 0.011924 40.156269972 0.124284773509
3.8 0.012466 39.1692005368 0.120417741058
3.8 0.013008 37.9474216452 0.115657013754
3.8 0.01355 36.7049650819 0.110978428299
3.8 0.014092 35.5689785944 0.107042870354
3.8 0.014634 34.6810904217 0.103773635506
3.8 0.015176 33.8624925707 0.100622349264
3.8 0.015718 32.9272416856 0.097004637559
3.8 0.01626 32.0364670624 0.0933395441933
3.8 0.016802 31.2430592124 0.0910886667304
3.8 0.017344 30.3340245566 0.0875927412105
3.8 0.017886 29.7342301248 0.0858509946204
3.8 0.018428 28.6423611606 0.0817098865
3.8 0.01897 28.1557879369 0.0803047510184
3.8 0.019512 27.3809534241 0.0772617045925
4.0 0.001084 116.979606099 0.432390513307
4.0 0.001626 108.202299669 0.403231968124
4.0 0.002168 101.30556712 0.37326034571
4.0 0.00271 95.3632526985 0.342423101538
4.0 0.003252 90.7904070157 0.322421446949
4.0 0.003794 86.4680901566 0.305931413103
4.0 0.004336 82.187817096 0.28867777976
4.0 0.004878 78.1703404025 0.271535270057
4.0 0.00542 73.7631484773 0.254992185997
4.0 0.005962 69.9510399218 0.239157360257
4.0 0.006504 68.4497233949 0.233698950558
4.0 0.007046 64.5880680715 0.216675009829
4.0 0.007588 62.9767385202 0.209074464591
4.0 0.00813 60.5887341699 0.200858256672
4.0 0.008672 58.9091589357 0.193212588428
4.0 0.009214 56.4988124196 0.182806853006
4.0 0.009756 54.5265601766 0.175657703677
4.0 0.010298 52.3143031679 0.167231308971
4.0 0.01084 50.8059379856 0.159755284858
4.0 0.011382 49.2484578006 0.154216755021
4.0 0.011924 48.0115251006 0.149646524725
4.0 0.012466 46.7557553387 0.144452287131
4.0 0.013008 45.2870470757 0.137847055327
4.0 0.01355 43.6975424151 0.132968923408
4.0 0.014092 42.5118164893 0.128193912875
4.0 0.014634 41.472933355 0.124415401793
4.0 0.015176 40.375294259 0.119805436719
4.0 0.015718 39.2317712299 0.11521171507
4.0 0.01626 38.2256569622 0.111936809272
4.0 0.016802 37.2639785838 0.10871744182
4.0 0.017344 36.3707038674 0.10534840404
4.0 0.017886 35.1268919801 0.100938065032
4.0 0.018428 34.3389407008 0.0986618938784
4.0 0.01897 33.5464664715 0.0950076606406
4.0 0.019512 32.4911988938 0.0913508014746
4.2 0.001084 140.420273577 0.531529271274
4.2 0.001626 129.703526551 0.494724755114
4.2 0.002168 121.191740333 0.455337211976
4.2 0.00271 114.013329609 0.417767411438
4.2 0.003252 109.043207195 0.394916109245
4.2 0.003794 103.348192763 0.371984340926
4.2 0.004336 98.7543007029 0.352456572512
4.2 0.004878 93.4801475422 0.32954338661
4.2 0.00542 88.1231973942 0.309601185653
4.2 0.005962 84.0953802477 0.291668864173
4.2 0.006504 81.3907741197 0.281056893548
4.2 0.007046 77.482677086 0.262893899904
4.2 0.007588 75.1375998037 0.253352895179
4.2 0.00813 72.7576533785 0.244186911058
4.2 0.008672 70.4184241709 0.232806130729
4.2 0.009214 67.4021792459 0.220468451118
4.2 0.009756 65.4318399288 0.212899006065
4.2 0.010298 62.1284847497 0.200847197669
4.2 0.01084 61.0365477454 0.192830860991
4.2 0.011382 58.8310813728 0.186412322658
4.2 0.011924 57.5305253873 0.180957809236
4.2 0.012466 55.9670039045 0.173245838203
4.2 0.013008 54.0677470441 0.166283193481
4.2 0.01355 52.349190541 0.160003956156
4.2 0.014092 51.0023653978 0.154838341554
4.2 0.014634 49.6172473637 0.149181375877
4.2 0.015176 48.2833739529 0.143326282167
4.2 0.015718 46.8550715361 0.137760104966
4.2 0.01626 45.7926116007 0.13529370428
4.2 0.016802 44.6075217763 0.130312554132
4.2 0.017344 43.3739935159 0.125859960976
4.2 0.017886 42.0432623911 0.121539158903
4.2 0.018428 41.1665174477 0.11780606282
4.2 0.01897 40.0140975175 0.113139204863
4.2 0.019512 39.2130002978 0.109577393718
4.4 0.001084 169.168652605 0.654412682058
4.4 0.001626 156.12427675 0.607612174905
4.4 0.002168 145.791557082 0.557265632639
4.4 0.00271 137.060841304 0.511254307122
4.4 0.003252 131.503693696 0.484986788299
4.4 0.003794 123.881167032 0.453261627705
4.4 0.004336 119.097357402 0.431817832223
4.4 0.004878 112.074814775 0.401627079414
4.4 0.00542 105.67265957 0.376575243617
4.4 0.005962 101.439498097 0.35784638468
4.4 0.006504 97.1928768224 0.339698461657
4.4 0.007046 93.3265350904 0.320821685988
4.4 0.007588 90.1561702282 0.308391663219
4.4 0.00813 87.7780527626 0.29715300398
4.4 0.008672 84.6494429157 0.282675730126
4.4 0.009214 80.8799316032 0.267225027899
4.4 0.009756 78.4699836671 0.258457660176
4.4 0.010298 75.001549516 0.243720750028
4.4 0.01084 73.0798558025 0.234514453185
4.4 0.011382 70.8647105019 0.227405627692
4.4 0.011924 69.1872496026 0.218763111096
4.4 0.012466 67.2976814898 0.209651521336
4.4 0.013008 64.6925118767 0.201637750421
4.4 0.01355 63.0372173408 0.193444896245
4.4 0.014092 61.3576723921 0.187329291376
4.4 0.014634 59.6257240429 0.179785661125
4.4 0.015176 57.9460006849 0.172762114501
4.4 0.015718 56.4207410956 0.168122745676
4.4 0.01626 54.9966431908 0.16267720829
4.4 0.016802 53.6400090962 0.157113412421
4.4 0.017344 51.8640185016 0.150888015442
4.4 0.017886 50.6871011448 0.146702148222
4.4 0.018428 49.4695264667 0.140830428661
4.4 0.01897 48.1951115896 0.136202707409
4.4 0.019512 47.1929998582 0.131816032062
4.6 0.001084 202.70225 0.805107897099
4.6 0.001626 186.994180174 0.744729459747
4.6 0.002168 174.683523342 0.682261945257
4.6 0.00271 164.308409905 0.625647692935
4.6 0.003252 158.202605299 0.595624267579
4.6 0.003794 148.211824432 0.552911665313
4.6 0.004336 143.004535171 0.527815598628
4.6 0.004878 134.076421201 0.489617020406
4.6 0.00542 126.7544028 0.458775809262
4.6 0.005962 122.084671426 0.438869791527
4.6 0.006504 116.160140087 0.411482622127
4.6 0.007046 112.433392787 0.391921502381
4.6 0.007588 108.373284734 0.375628074574
4.6 0.00813 105.749044812 0.361269815403
4.6 0.008672 101.59732545 0.343341128393
4.6 0.009214 97.7301524013 0.32740164058
4.6 0.009756 93.8574082032 0.312517568078
4.6 0.010298 90.6462496439 0.296258532259
4.6 0.01084 87.8253893857 0.286849988438
4.6 0.011382 85.2234532664 0.276586845886
4.6 0.011924 83.2539521074 0.265317002364
4.6 0.012466 80.7846171876 0.254941517684
4.6 0.013008 77.9697178809 0.244324225092
4.6 0.01355 76.004296542 0.235155706982
4.6 0.014092 73.8893995087 0.226730943279
4.6 0.014634 71.8410364709 0.216780958866
4.6 0.015176 69.7929434227 0.210345207976
4.6 0.015718 68.0298966402 0.204162412163
4.6 0.01626 66.2890639842 0.196293727946
4.6 0.016802 64.4857877016 0.189625884917
4.6 0.017344 62.6448182037 0.182747494922
4.6 0.017886 61.0809427813 0.17580477173
4.6 0.018428 59.5398927633 0.17026140604
4.6 0.01897 58.1428738684 0.163318312745
4.6 0.019512 56.8271068286 0.159134722366
