2.2 0.294479400147 16189.774516 1.34056162614
2.4 0.377575293403 16571.7055101 1.33714124263
2.6 0.477287721261 16311.3607648 1.33225719179
2.8 0.595734504445 15655.55055 1.32685271533
3.0 0.735166947198 14527.2129895 1.32190569864
3.2 0.89797056158 13337.4980266 1.31319710467
3.4 1.08666575818 12210.8015401 1.30312748228
3.6 1.30390850638 11129.5836502 1.29413115926
3.8 1.55249096683 10152.8848408 1.27929593
4.0 1.83534209858 9496.25936179 1.27016006694
4.2 2.15552824283 9034.7936689 1.25983585301
4.4 2.5162536852 8717.55511112 1.25348587575
4.6 2.92086119803 8229.78322556 1.24780384798
