2.2 0.184924702397 16189.774516 1.34056162614
2.4 0.231425921518 16571.7055101 1.33714124263
2.6 0.285929695332 16311.3607648 1.33225719179
2.8 0.349252333224 15655.55055 1.32685271533
3.0 0.422242531447 14527.2129895 1.32190569864
3.2 0.505780851386 13337.4980266 1.31319710467
3.4 0.600779232412 12210.8015401 1.30312748228
3.6 0.708180535481 11129.5836502 1.29413115926
3.8 0.828958114192 10152.8848408 1.27929593
4.0 0.9641154105 9496.25936179 1.27016006694
4.2 1.1146855727 9034.7936689 1.25983585301
4.4 1.28173109358 8717.55511112 1.25348587575
4.6 1.46634346696 8229.78322556 1.24780384798
