2.2 0.001084 33.3309446772 0.114565500673
2.2 0.001626 30.9793960718 0.107008319557
2.2 0.002168 29.6254168364 0.101798630431
2.2 0.00271 28.7781471297 0.0980084497031
2.2 0.003252 27.5286766549 0.0928316579026
2.2 0.003794 25.9287675592 0.0865202823347
2.2 0.004336 25.0750850929 0.0836708723115
2.2 0.004878 24.0278322798 0.0796928890433
2.2 0.00542 22.9432964633 0.0753509270507
2.2 0.005962 22.1245243437 0.0728639589967
2.2 0.006504 21.1933894401 0.0696190947619
2.2 0.007046 20.2246542147 0.066154081329
2.2 0.007588 19.3792168125 0.063267219231
2.2 0.00813 18.6441347708 0.0608749064195
2.2 0.008672 17.9758121295 0.0586217729593
2.2 0.009214 17.5397967952 0.0568146846487
2.2 0.009756 16.7449639329 0.0541010982797
2.2 0.010298 16.3348270959 0.0523816826764
2.2 0.01084 15.6707863627 0.0501957491124
2.2 0.011382 15.1281418873 0.0483048253564
2.2 0.011924 14.673308584 0.0466708110184
2.2 0.012466 14.2372899226 0.0452403505721
2.2 0.013008 13.7400619802 0.043693490819
2.2 0.01355 13.1979730391 0.0418612246047
2.2 0.014092 12.8981750032 0.0406850603731
2.2 0.014634 12.4170971978 0.0391142744096
2.2 0.015176 12.0238104041 0.0380415702537
2.2 0.015718 11.682180178 0.0366751054308
2.2 0.01626 11.3402078913 0.0354269552504
2.2 0.016802 11.0697466812 0.0345496447752
2.2 0.017344 10.7587631501 0.0334974970511
2.2 0.017886 10.3800124602 0.0321496294265
2.2 0.018428 10.085661814 0.0311308081001
2.2 0.01897 9.81317033337 0.03024150978
2.2 0.019512 9.51513839404 0.0292612285058
2.4 0.001084 44.5047154473 0.151407400008
2.4 0.001626 41.2881941223 0.14210598614
2.4 0.002168 39.5695852493 0.135402868973
2.4 0.00271 38.2325402143 0.129280953975
2.4 0.003252 36.2571452841 0.121143470257
2.4 0.003794 34.3871967935 0.113898410848
2.4 0.004336 33.2064954405 0.109744341309
2.4 0.004878 31.6114086716 0.103917717216
2.4 0.00542 30.2256184293 0.0985021954157
2.4 0.005962 29.1913894194 0.0953733981728
2.4 0.006504 27.7730324828 0.0904497904974
2.4 0.007046 26.4157342641 0.0856277014421
2.4 0.007588 25.5521859961 0.0827980326698
2.4 0.00813 24.5317688982 0.0790799868759
2.4 0.008672 23.7997928062 0.0763630903504
2.4 0.009214 22.9543980282 0.0734157977705
2.4 0.009756 22.0597806927 0.0700342181135
2.4 0.010298 21.3845554492 0.0674696848617
2.4 0.01084 20.5021231041 0.0648884631722
2.4 0.011382 19.9637162777 0.0625122076455
2.4 0.011924 19.3092445473 0.0605023390854
2.4 0.012466 18.692493806 0.0585304504284
2.4 0.013008 17.9808055778 0.0559530438607
2.4 0.01355 17.4555347163 0.0542317788526
2.4 0.014092 16.8564322226 0.0520390516858
2.4 0.014634 16.2709532146 0.0503158744019
2.4 0.015176 15.7846347701 0.0486619584402
2.4 0.015718 15.3696857661 0.0470199629429
2.4 0.01626 14.9659189548 0.04569861094
2.4 0.016802 14.5382883717 0.0442686552743
2.4 0.017344 14.0703965223 0.0428500213022
2.4 0.017886 13.6268465682 0.0413004884024
2.4 0.018428 13.3030289789 0.0398742696862
2.4 0.01897 12.905546886 0.038730635675
2.4 0.019512 12.558473721 0.0375132859044
2.6 0.001084 58.0732517018 0.196967830695
2.6 0.001626 53.7656552482 0.184621902376
2.6 0.002168 51.441076872 0.175795308088
2.6 0.00271 49.4510499998 0.166517102506
2.6 0.003252 46.6615140365 0.155141330097
2.6 0.003794 44.6385902568 0.147515413693
2.6 0.004336 42.846942375 0.141075949255
2.6 0.004878 40.6132496999 0.132756725382
2.6 0.00542 38.9040366263 0.126308524606
2.6 0.005962 37.3729832134 0.121351047959
2.6 0.006504 35.4251127575 0.114728149457
2.6 0.007046 33.8070237249 0.108758794873
2.6 0.007588 32.9734501575 0.10658574356
2.6 0.00813 31.3306945742 0.100338978959
2.6 0.008672 30.6825019435 0.0976902461126
2.6 0.009214 29.2394848354 0.092692384025
2.6 0.009756 28.4210621712 0.0888344455941
2.6 0.010298 27.1810189076 0.085332794615
2.6 0.01084 26.4015152159 0.0820569877522
2.6 0.011382 25.5877338165 0.079294318591
2.6 0.011924 24.7328720823 0.0766344787653
2.6 0.012466 23.8939649389 0.0735344601104
2.6 0.013008 23.0498478313 0.0705479933415
2.6 0.01355 22.3215153576 0.0680954516166
2.6 0.014092 21.5719094365 0.0655814633027
2.6 0.014634 20.8648759315 0.0634458903021
2.6 0.015176 20.3490439669 0.0613037464511
2.6 0.015718 19.824085626 0.0594863653868
2.6 0.01626 19.1990549364 0.0577547427034
2.6 0.016802 18.5564159091 0.0554597367016
2.6 0.017344 18.0911147023 0.0537222514776
2.6 0.017886 17.5959118592 0.0517166836817
2.6 0.018428 17.1003306568 0.0503127823688
2.6 0.01897 16.6536562825 0.0488374255089
2.6 0.019512 16.0706970333 0.0469727724784
2.8 0.001084 74.2027594907 0.254125134412
2.8 0.001626 68.7627588074 0.237826406169
2.8 0.002168 65.6087217977 0.226133026951
2.8 0.00271 62.7817930453 0.212347587963
2.8 0.003252 58.9216581914 0.196601498625
2.8 0.003794 56.8781159858 0.188940238046
2.8 0.004336 54.1691494519 0.179101560983
2.8 0.004878 51.3260034563 0.168056470411
2.8 0.00542 49.2351653997 0.160586934377
2.8 0.005962 46.9102950914 0.152925138689
2.8 0.006504 44.4107575018 0.143763987161
2.8 0.007046 42.84039783 0.138322097336
2.8 0.007588 41.4994128716 0.134146878446
2.8 0.00813 39.7251481775 0.127004578465
2.8 0.008672 38.5626197882 0.122476991012
2.8 0.009214 36.9182716764 0.116523462476
2.8 0.009756 35.8678010424 0.111680162297
2.8 0.010298 34.1597297101 0.107134940907
2.8 0.01084 33.4760032285 0.103078865067
2.8 0.011382 32.1264339425 0.0996075560453
2.8 0.011924 31.2049621982 0.0953491064005
2.8 0.012466 30.0494795025 0.0910532087888
2.8 0.013008 29.2144816458 0.0888603218927
2.8 0.01355 28.3032309152 0.0848362542438
2.8 0.014092 27.3663647404 0.0818326272277
2.8 0.014634 26.5236756937 0.0787992564099
2.8 0.015176 25.7921953105 0.0767367605139
2.8 0.015718 25.0428289768 0.0741620177098
2.8 0.01626 24.2065168737 0.0711748893833
2.8 0.016802 23.5431381387 0.0690283050761
2.8 0.017344 22.9260075414 0.067004277012
2.8 0.017886 22.2923497188 0.0647532535427
2.8 0.018428 21.7193346528 0.0626566459727
2.8 0.01897 21.0137393565 0.0604676974247
2.8 0.019512 20.3083417865 0.0583237934426
3.0 0.001084 93.5939991824 0.326061451996
3.0 0.001626 86.7506211909 0.30427659253
3.0 0.002168 82.5396804369 0.289389238205
3.0 0.00271 78.7129988398 0.269217412188
3.0 0.003252 73.539039191 0.248012580273
3.0 0.003794 71.5240701271 0.240896410331
3.0 0.004336 67.4215597818 0.225714724304
3.0 0.004878 64.1526596098 0.212498182093
3.0 0.00542 61.5037515842 0.203623544743
3.0 0.005962 58.2728193835 0.191575724387
3.0 0.006504 55.2435455212 0.179203256589
3.0 0.007046 53.8625446046 0.175294269702
3.0 0.007588 51.5356215384 0.166640633433
3.0 0.00813 49.7549632552 0.159426923275
3.0 0.008672 47.8020530439 0.152404051073
3.0 0.009214 46.3363273369 0.145993534481
3.0 0.009756 44.4903653261 0.139792585981
3.0 0.010298 42.9768361232 0.134205305087
3.0 0.01084 41.6328826929 0.128977090724
3.0 0.011382 40.1309658949 0.123336097465
3.0 0.011924 38.8931983179 0.118313043666
3.0 0.012466 37.7538083856 0.114741302658
3.0 0.013008 36.6934041737 0.110631327388
3.0 0.01355 35.525630058 0.1055898998
3.0 0.014092 34.2808042308 0.101568279004
3.0 0.014634 33.2589576493 0.0983100356236
3.0 0.015176 32.3605663064 0.0956333674974
3.0 0.015718 31.3277519399 0.0919936953705
3.0 0.01626 30.2883197176 0.0884983072371
3.0 0.016802 29.4906579423 0.086023314511
3.0 0.017344 28.6889608126 0.0835064848669
3.0 0.017886 28.0292322556 0.080783723171
3.0 0.018428 27.2226449135 0.0778895616885
3.0 0.01897 26.2657641944 0.0749722240168
3.0 0.019512 25.7298331579 0.0726647157546
3.2 0.001084 117.303970801 0.419766440793
3.2 0.001626 108.715072369 0.390408759507
3.2 0.002168 103.014707989 0.370799166099
3.2 0.00271 98.0994139335 0.341430720416
3.2 0.003252 91.3537771156 0.314497368833
3.2 0.003794 89.5618111994 0.307793366039
3.2 0.004336 83.6425977754 0.285664501528
3.2 0.004878 80.1329893392 0.270920030761
3.2 0.00542 76.494393299 0.258134129941
3.2 0.005962 72.2386686094 0.240979805285
3.2 0.006504 68.4585845918 0.224880688019
3.2 0.007046 67.478253581 0.22309338022
3.2 0.007588 63.740935591 0.207806456809
3.2 0.00813 62.2600593434 0.201514095305
3.2 0.008672 59.1796304113 0.189734090401
3.2 0.009214 58.1936658534 0.18481116413
3.2 0.009756 55.0869840349 0.17445942747
3.2 0.010298 53.7187625498 0.168542122154
3.2 0.01084 51.606306379 0.161177302657
3.2 0.011382 49.9324977177 0.153564713827
3.2 0.011924 48.6025870232 0.148870586403
3.2 0.012466 47.2360491856 0.144755368793
3.2 0.013008 46.0655020882 0.137800406114
3.2 0.01355 44.2565096902 0.132142617792
3.2 0.014092 42.8424701557 0.127133416948
3.2 0.014634 41.7144751105 0.123731181112
3.2 0.015176 40.455014974 0.118998662218
3.2 0.015718 38.9696220708 0.114918310641
3.2 0.01626 37.8300262157 0.110538599934
3.2 0.016802 36.8534184168 0.107850736026
3.2 0.017344 36.1372908181 0.104370296235
3.2 0.017886 35.143489572 0.100698681437
3.2 0.018428 33.7868312774 0.0965095027637
3.2 0.01897 33.0695467839 0.0931221891134
3.2 0.019512 32.4449242456 0.0915644441201
3.4 0.001084 147.544274787 0.542285727322
3.4 0.001626 136.624550752 0.504840691077
3.4 0.002168 128.742983312 0.474844339557
3.4 0.00271 122.428096298 0.436369442901
3.4 0.003252 114.944812226 0.405485377178
3.4 0.003794 111.8742069 0.393052614298
3.4 0.004336 104.833966047 0.365495694691
3.4 0.004878 100.531667789 0.347301162419
3.4 0.00542 95.3479998578 0.326878002676
3.4 0.005962 90.0504192708 0.305641242314
3.4 0.006504 86.1922352578 0.289705098023
3.4 0.007046 83.8633346666 0.280940913934
3.4 0.007588 80.0219285978 0.264512143673
3.4 0.00813 77.5874200383 0.253881831338
3.4 0.008672 74.4838247479 0.241650767045
3.4 0.009214 72.5106415645 0.233473326282
3.4 0.009756 69.3322686493 0.221468774597
3.4 0.010298 67.0196141085 0.212948367636
3.4 0.01084 64.5168571598 0.202976610862
3.4 0.011382 62.5357025937 0.194659796687
3.4 0.011924 60.9625142301 0.188990423553
3.4 0.012466 59.3807086652 0.181698122252
3.4 0.013008 57.5728831164 0.173891816263
3.4 0.01355 55.5666034077 0.167100965111
3.4 0.014092 53.8866369515 0.161284873858
3.4 0.014634 52.2435215311 0.155444810139
3.4 0.015176 50.5571071741 0.149722201619
3.4 0.015718 49.0052296289 0.144547660907
3.4 0.01626 47.6625102166 0.140203832043
3.4 0.016802 46.6442059094 0.135651513333
3.4 0.017344 45.4445948529 0.130779495065
3.4 0.017886 43.8214307428 0.125280875795
3.4 0.018428 42.780642318 0.121305890713
3.4 0.01897 41.7863214249 0.117725302054
3.4 0.019512 40.8190334604 0.114618864256
3.6 0.001084 186.056499488 0.704424335679
3.6 0.001626 172.2661821 0.655600185573
3.6 0.002168 161.68251747 0.610472167528
3.6 0.00271 153.49486112 0.561858667123
3.6 0.003252 145.303741389 0.526396747721
3.6 0.003794 140.155939438 0.505295570233
3.6 0.004336 132.030011328 0.471203640734
3.6 0.004878 126.350960634 0.446446263594
3.6 0.00542 119.394174883 0.417952495423
3.6 0.005962 112.900960594 0.391747462246
3.6 0.006504 108.885994378 0.375067305852
3.6 0.007046 104.743902217 0.357147379797
3.6 0.007588 100.974027397 0.338912293516
3.6 0.00813 97.1116501858 0.323229953774
3.6 0.008672 94.4686284582 0.31220788284
3.6 0.009214 91.0359100049 0.297554697385
3.6 0.009756 87.3415249369 0.284177169109
3.6 0.010298 84.286276802 0.271932347313
3.6 0.01084 80.8763213732 0.257911519068
3.6 0.011382 79.0384048002 0.249636695433
3.6 0.011924 76.7179202868 0.240892757837
3.6 0.012466 75.0937245855 0.230957240647
3.6 0.013008 72.3781132324 0.22247939895
3.6 0.01355 70.1768162111 0.212526271414
3.6 0.014092 67.899774341 0.204858679833
3.6 0.014634 65.9375360325 0.197108850068
3.6 0.015176 64.0396757842 0.190565029692
3.6 0.015718 62.0972822052 0.183819299981
3.6 0.01626 60.4663058576 0.177743525022
3.6 0.016802 58.9685338992 0.171130550484
3.6 0.017344 57.131826252 0.164691712012
3.6 0.017886 55.5087757828 0.158710431328
3.6 0.018428 54.2683244216 0.154131313626
3.6 0.01897 52.7858033262 0.149000966753
3.6 0.019512 51.642736394 0.144868333083
3.8 0.001084 234.276773431 0.921752157071
3.8 0.001626 216.873230314 0.857276515945
3.8 0.002168 203.120766019 0.79147547334
3.8 0.00271 192.997034368 0.730557258862
3.8 0.003252 184.167641925 0.688960494963
3.8 0.003794 176.595374894 0.654940715213
3.8 0.004336 167.530580116 0.613376064187
3.8 0.004878 159.906993336 0.579021914688
3.8 0.00542 150.620739187 0.540940510837
3.8 0.005962 142.874860234 0.508087963658
3.8 0.006504 138.215740222 0.489505439374
3.8 0.007046 131.838184488 0.458785679042
3.8 0.007588 128.397956602 0.440027867005
3.8 0.00813 122.645027421 0.41760177536
3.8 0.008672 120.611319773 0.407233222554
3.8 0.009214 115.230219818 0.384541481
3.8 0.009756 110.519556946 0.367379804323
3.8 0.010298 106.843093804 0.351339277756
3.8 0.01084 102.748965133 0.333117446893
3.8 0.011382 100.417630028 0.321744108699
3.8 0.011924 97.7015422426 0.309881281229
3.8 0.012466 95.2152654222 0.298700938207
3.8 0.013008 92.1849808566 0.286122968969
3.8 0.01355 89.2231248077 0.273882821452
3.8 0.014092 86.4145645489 0.262890397742
3.8 0.014634 84.0534692391 0.254131590335
3.8 0.015176 81.4829129821 0.244334967192
3.8 0.015718 79.1552094591 0.235954527936
3.8 0.01626 76.9509811081 0.226795408288
3.8 0.016802 75.029994348 0.219897740146
3.8 0.017344 72.6625111347 0.210220476865
3.8 0.017886 71.5054468838 0.205538387502
3.8 0.018428 68.8377857338 0.196089953551
3.8 0.01897 67.5536495071 0.191874127962
3.8 0.019512 65.830501941 0.183471148856
4.0 0.001084 298.671175733 1.21749918672
4.0 0.001626 276.631712343 1.13089018162
4.0 0.002168 258.851609071 1.03736956462
4.0 0.00271 246.046154482 0.960790719502
4.0 0.003252 235.759481354 0.910545121079
4.0 0.003794 224.828664597 0.858501660826
4.0 0.004336 214.518999527 0.80836495127
4.0 0.004878 204.011497243 0.758903293072
4.0 0.00542 191.74781081 0.707705136301
4.0 0.005962 182.875283142 0.667032405978
4.0 0.006504 176.863458317 0.645209830784
4.0 0.007046 168.175528811 0.599217211466
4.0 0.007588 164.108031759 0.578145493449
4.0 0.00813 157.635643226 0.550228967919
4.0 0.008672 153.975100734 0.53229073322
4.0 0.009214 147.297787988 0.504426840854
4.0 0.009756 141.868514204 0.481489037875
4.0 0.010298 136.613988311 0.45812112535
4.0 0.01084 132.489741711 0.436405756291
4.0 0.011382 128.634885967 0.419481393032
4.0 0.011924 125.707408834 0.405786974523
4.0 0.012466 121.902011236 0.389501268767
4.0 0.013008 118.50049379 0.372843562377
4.0 0.01355 114.459254567 0.357655258503
4.0 0.014092 111.111607128 0.343755699606
4.0 0.014634 107.853453747 0.331396709051
4.0 0.015176 104.698947117 0.317392623984
4.0 0.015718 101.789896997 0.305597451697
4.0 0.01626 99.2211405826 0.296099888491
4.0 0.016802 96.6690737239 0.286103798055
4.0 0.017344 94.6128572419 0.276808767038
4.0 0.017886 91.5036165762 0.265295754678
4.0 0.018428 89.1681035527 0.2570058991
4.0 0.01897 87.231133141 0.246549278114
4.0 0.019512 84.4785216871 0.236755641699
4.2 0.001084 379.667996859 1.6256372364
4.2 0.001626 352.040658093 1.50554686735
4.2 0.002168 329.869678633 1.37750661547
4.2 0.00271 314.025290307 1.28071869512
4.2 0.003252 302.186718281 1.21708818791
4.2 0.003794 287.162673227 1.13847636667
4.2 0.004336 275.877295937 1.07992086429
4.2 0.004878 261.498378004 1.00534118431
4.2 0.00542 245.495016822 0.935832725339
4.2 0.005962 236.157858951 0.892026120013
4.2 0.006504 226.723353184 0.852342217322
4.2 0.007046 217.403715858 0.800497238593
4.2 0.007588 210.76152122 0.766891744001
4.2 0.00813 204.468922739 0.734776096681
4.2 0.008672 198.29560395 0.706588148854
4.2 0.009214 189.679937419 0.666609267926
4.2 0.009756 183.817955973 0.642300903524
4.2 0.010298 176.043748576 0.604203922051
4.2 0.01084 171.871012853 0.578646738681
4.2 0.011382 166.457433793 0.556440341579
4.2 0.011924 162.747531462 0.53823521084
4.2 0.012466 157.965046208 0.514729482439
4.2 0.013008 153.309086676 0.494104186318
4.2 0.01355 148.507273361 0.473468056397
4.2 0.014092 144.007691453 0.456117323827
4.2 0.014634 139.977749872 0.43782113668
4.2 0.015176 135.960782749 0.41755222291
4.2 0.015718 132.445821427 0.403826668321
4.2 0.01626 129.347377179 0.393159703286
4.2 0.016802 126.278134801 0.379030672833
4.2 0.017344 123.272224883 0.365706945223
4.2 0.017886 119.262292708 0.350262493511
4.2 0.018428 116.491776015 0.337692959255
4.2 0.01897 113.539775859 0.32469426034
4.2 0.019512 110.870347659 0.314782842147
4.4 0.001084 486.427034797 2.19525527853
4.4 0.001626 451.946518519 2.02623249508
4.4 0.002168 424.891812558 1.85717410863
4.4 0.00271 404.946291476 1.73318399567
4.4 0.003252 390.95926462 1.65044347241
4.4 0.003794 369.763928222 1.52968193401
4.4 0.004336 358.09375943 1.46475310479
4.4 0.004878 337.774217426 1.35177827708
4.4 0.00542 318.541634619 1.26193473343
4.4 0.005962 307.618981986 1.21183585212
4.4 0.006504 294.06720978 1.14558096329
4.4 0.007046 284.136695412 1.08748179403
4.4 0.007588 274.331253573 1.03410112561
4.4 0.00813 268.138500429 0.994923308761
4.4 0.008672 258.592834347 0.953709687854
4.4 0.009214 247.572092069 0.895926174802
4.4 0.009756 240.115751469 0.866509553797
4.4 0.010298 231.137484894 0.814932426065
4.4 0.01084 224.541098984 0.780134207005
4.4 0.011382 218.695935374 0.753726742147
4.4 0.011924 212.851249559 0.723224052686
4.4 0.012466 206.969530763 0.693919681674
4.4 0.013008 200.786008918 0.665842051337
4.4 0.01355 194.488838968 0.637299662234
4.4 0.014092 189.053452806 0.614132282177
4.4 0.014634 184.383563721 0.587900907451
4.4 0.015176 179.396226193 0.56346979127
4.4 0.015718 175.239585092 0.54744189693
4.4 0.01626 171.189561079 0.529161304688
4.4 0.016802 167.444658766 0.510672231782
4.4 0.017344 161.861667056 0.488586379216
4.4 0.017886 157.568196596 0.468663579833
4.4 0.018428 153.584366593 0.452840189812
4.4 0.01897 150.226205492 0.436802988191
4.4 0.019512 146.585432773 0.422344142627
4.6 0.001084 624.701237238 3.00069766266
4.6 0.001626 581.932041491 2.76045611928
4.6 0.002168 549.472843167 2.54314842756
4.6 0.00271 524.790922977 2.38245350438
4.6 0.003252 508.617415498 2.27259342437
4.6 0.003794 479.322560561 2.09083142561
4.6 0.004336 466.290370503 2.00586819112
4.6 0.004878 439.126297615 1.84709933096
4.6 0.00542 417.404689289 1.73813469427
4.6 0.005962 403.353129882 1.67023600545
4.6 0.006504 384.894033677 1.56485082026
4.6 0.007046 374.601836976 1.50094804793
4.6 0.007588 360.93538201 1.42095614553
4.6 0.00813 353.39668587 1.36622272905
4.6 0.008672 340.408784186 1.30327621079
4.6 0.009214 327.897353328 1.24018413859
4.6 0.009756 316.811331514 1.18435047147
4.6 0.010298 305.983383914 1.11641829479
4.6 0.01084 297.104117875 1.07497356687
4.6 0.011382 289.853162339 1.03833245199
4.6 0.011924 281.241102771 0.991134587493
4.6 0.012466 273.969952543 0.954424537514
4.6 0.013008 265.774598853 0.914273915871
4.6 0.01355 257.75475778 0.875011569813
4.6 0.014092 252.046047585 0.841261811371
4.6 0.014634 245.445575589 0.804154770538
4.6 0.015176 240.103814427 0.780303343442
4.6 0.015718 234.385950191 0.751594371204
4.6 0.01626 229.280529172 0.725185880832
4.6 0.016802 223.114757274 0.697196170205
4.6 0.017344 216.442373467 0.66588902096
4.6 0.017886 210.220847729 0.641296674056
4.6 0.018428 206.144282798 0.621104564984
4.6 0.01897 200.884659826 0.598854583855
4.6 0.019512 196.86746587 0.5791389415
