2.2 0.184924702397 15598.5458474 1.34011592227
2.4 0.231425921518 16001.8637005 1.33934614223
2.6 0.285929695332 15701.9955759 1.33250230249
2.8 0.349252333224 15097.0892404 1.32721227827
3.0 0.422242531447 13987.6157984 1.32164708372
3.2 0.505780851386 12860.2980708 1.3136332852
3.4 0.600779232412 11774.7022736 1.30319110682
3.6 0.708180535481 10736.1990169 1.29310723156
3.8 0.828958114192 9837.80697934 1.2829193667
4.0 0.9641154105 9193.21763324 1.27283244559
4.2 1.1146855727 8748.11957485 1.26150395134
4.4 1.28173109358 8439.25961045 1.25422934722
4.6 1.46634346696 7992.64419557 1.25145613484
