2.2 0.001084 18.5960593059 0.0664381854729
2.2 0.001626 17.254444265 0.0614548552941
2.2 0.002168 16.495332751 0.0582884385026
2.2 0.00271 16.0882918843 0.0564220163421
2.2 0.003252 15.4811021773 0.0538202586095
2.2 0.003794 14.6165426522 0.0503307973946
2.2 0.004336 14.1144206638 0.0486574551721
2.2 0.004878 13.5966174682 0.0469291500856
2.2 0.00542 13.0292265538 0.0441680346196
2.2 0.005962 12.5507410611 0.0425556533729
2.2 0.006504 12.1044217641 0.0410305824587
2.2 0.007046 11.5900167752 0.0391824712406
2.2 0.007588 11.089275132 0.0373065115832
2.2 0.00813 10.6672971012 0.0358970477416
2.2 0.008672 10.2988915028 0.034926000545
2.2 0.009214 10.0105684913 0.0335840408832
2.2 0.009756 9.58403991762 0.0319019665814
2.2 0.010298 9.43600378358 0.0314123718345
2.2 0.01084 9.07445747657 0.030174822779
2.2 0.011382 8.78074023625 0.029154531098
2.2 0.011924 8.49062571672 0.028039391604
2.2 0.012466 8.25381286691 0.0272281936799
2.2 0.013008 8.03307815075 0.0266481334301
2.2 0.01355 7.71840903597 0.0256151746407
2.2 0.014092 7.52511002476 0.0247796191524
2.2 0.014634 7.24871976854 0.0237942503384
2.2 0.015176 7.06000167652 0.0232250246711
2.2 0.015718 6.87266817745 0.0225365751361
2.2 0.01626 6.67295085345 0.0217091425803
2.2 0.016802 6.53200518366 0.0211981238682
2.2 0.017344 6.35719254617 0.020591959016
2.2 0.017886 6.13606371854 0.0197809165212
2.2 0.018428 5.99156981234 0.0193219108315
2.2 0.01897 5.81041014062 0.0187379033894
2.2 0.019512 5.63008698443 0.018148875029
2.4 0.001084 24.4349863502 0.0862716943846
2.4 0.001626 22.5838507985 0.0800158890539
2.4 0.002168 21.6261722399 0.0760233203481
2.4 0.00271 21.036504463 0.0732892546475
2.4 0.003252 20.0619836886 0.0692312676198
2.4 0.003794 19.0067708793 0.065060914286
2.4 0.004336 18.3575022097 0.0626466895299
2.4 0.004878 17.6090516956 0.0595729742991
2.4 0.00542 16.8484160497 0.0562965769484
2.4 0.005962 16.2784052506 0.0548619133613
2.4 0.006504 15.6200183486 0.0522992738863
2.4 0.007046 14.9255895137 0.0498333414955
2.4 0.007588 14.3405080065 0.0477497298776
2.4 0.00813 13.8012660227 0.0460363669633
2.4 0.008672 13.4160829752 0.0445582134958
2.4 0.009214 12.9782876855 0.0428546538664
2.4 0.009756 12.5414761327 0.041245023453
2.4 0.010298 12.1920334468 0.0399067799425
2.4 0.01084 11.7004460253 0.0382334183241
2.4 0.011382 11.3551961965 0.0370078244716
2.4 0.011924 10.994052519 0.0356121267183
2.4 0.012466 10.7530259343 0.0348890661802
2.4 0.013008 10.2673205929 0.0333794710682
2.4 0.01355 10.023664314 0.0322988892969
2.4 0.014092 9.70450903796 0.0311718308565
2.4 0.014634 9.40638133054 0.0302970531301
2.4 0.015176 9.13589174966 0.0293453078963
2.4 0.015718 8.85207071483 0.0281949705171
2.4 0.01626 8.61749699778 0.0273778420466
2.4 0.016802 8.43867092288 0.0269067507682
2.4 0.017344 8.12234191759 0.025707394426
2.4 0.017886 7.91294780592 0.0249494744732
2.4 0.018428 7.70045337566 0.0242575853293
2.4 0.01897 7.46605737734 0.0234729559616
2.4 0.019512 7.28186925946 0.0227878297083
2.6 0.001084 31.3062038125 0.108742007673
2.6 0.001626 28.8886443314 0.101297337487
2.6 0.002168 27.7594728225 0.0965928591806
2.6 0.00271 26.8647910867 0.0924543033143
2.6 0.003252 25.3566075001 0.0863036631105
2.6 0.003794 24.1418178521 0.0815982534116
2.6 0.004336 23.2403633105 0.078281332837
2.6 0.004878 22.2028342227 0.0742567698002
2.6 0.00542 21.3185601871 0.0708060446076
2.6 0.005962 20.569707015 0.0683768005714
2.6 0.006504 19.6143411864 0.0649914514543
2.6 0.007046 18.7372959095 0.061916926988
2.6 0.007588 18.1601964529 0.0600908190349
2.6 0.00813 17.3615601132 0.0571692737623
2.6 0.008672 17.0341101029 0.0557156817401
2.6 0.009214 16.288273279 0.0531181222711
2.6 0.009756 15.8353531868 0.0510138985185
2.6 0.010298 15.2171992238 0.0491371887599
2.6 0.01084 14.7608889171 0.0474865703433
2.6 0.011382 14.3292576369 0.045796912311
2.6 0.011924 13.911581302 0.0444052497733
2.6 0.012466 13.4524562588 0.0428602936464
2.6 0.013008 12.9945214995 0.0411541595527
2.6 0.01355 12.627408305 0.039771671052
2.6 0.014092 12.1996018365 0.0383510998521
2.6 0.014634 11.8271064763 0.0373520131529
2.6 0.015176 11.5137774056 0.0360891176806
2.6 0.015718 11.1416529437 0.0347935608179
2.6 0.01626 10.9057150859 0.033936076627
2.6 0.016802 10.5221151453 0.0328104631033
2.6 0.017344 10.221010019 0.0316930557475
2.6 0.017886 9.97858196595 0.0307299302079
2.6 0.018428 9.69948584555 0.0297676425834
2.6 0.01897 9.45814808723 0.0289175092908
2.6 0.019512 9.18068770512 0.0279915120326
2.8 0.001084 39.1038894175 0.134823992829
2.8 0.001626 36.0229991948 0.125931813588
2.8 0.002168 34.6176191435 0.120080679851
2.8 0.00271 33.2947963131 0.113822815755
2.8 0.003252 31.2398767375 0.105509101701
2.8 0.003794 30.0158573115 0.100762814291
2.8 0.004336 28.6759136144 0.0959817264907
2.8 0.004878 27.3038143651 0.090735567533
2.8 0.00542 26.2686314929 0.0868295261931
2.8 0.005962 25.1762849465 0.0830374002677
2.8 0.006504 23.9449204455 0.078714984822
2.8 0.007046 23.0533454473 0.0756752085883
2.8 0.007588 22.3153636689 0.0730457278906
2.8 0.00813 21.4504634 0.0696174057492
2.8 0.008672 20.8691624041 0.0674601809355
2.8 0.009214 20.0176179945 0.0642053742629
2.8 0.009756 19.467483292 0.0617785262249
2.8 0.010298 18.6390739436 0.0596375542422
2.8 0.01084 18.2227209049 0.0574259647684
2.8 0.011382 17.565237456 0.055424899408
2.8 0.011924 17.0724543858 0.0538900518423
2.8 0.012466 16.4310084843 0.0515400091638
2.8 0.013008 15.9239505815 0.0497185429028
2.8 0.01355 15.4226002663 0.0478359672245
2.8 0.014092 14.9257972076 0.0465824928599
2.8 0.014634 14.5248479324 0.0448404017105
2.8 0.015176 14.1797050106 0.0435419781385
2.8 0.015718 13.779211806 0.0423498982512
2.8 0.01626 13.3312416411 0.040840514438
2.8 0.016802 12.960910624 0.039429579417
2.8 0.017344 12.6355361318 0.0381165001571
2.8 0.017886 12.2883104219 0.0369560163163
2.8 0.018428 11.9654252278 0.0359696405532
2.8 0.01897 11.6122114457 0.0348247165859
2.8 0.019512 11.2492303865 0.0336997383695
3.0 0.001084 47.7968414392 0.165487055162
3.0 0.001626 44.0278773035 0.154266929206
3.0 0.002168 42.175730637 0.146533532498
3.0 0.00271 40.3990412243 0.137948051854
3.0 0.003252 37.6830873672 0.12736260184
3.0 0.003794 36.56255836 0.122942836635
3.0 0.004336 34.6262907388 0.115840872461
3.0 0.004878 32.9312556384 0.109108518628
3.0 0.00542 31.7503363552 0.104720165453
3.0 0.005962 30.1706569397 0.0993827649905
3.0 0.006504 28.6859206864 0.0939588571403
3.0 0.007046 27.9438453255 0.0916555009738
3.0 0.007588 26.8110978444 0.087372071842
3.0 0.00813 25.9789338734 0.0838700292046
3.0 0.008672 24.9977981 0.0804115368328
3.0 0.009214 24.1979254621 0.0768196709041
3.0 0.009756 23.2598133573 0.073808433467
3.0 0.010298 22.5433530617 0.0710176591823
3.0 0.01084 21.8896256925 0.0684629934055
3.0 0.011382 21.1676770135 0.0661715617922
3.0 0.011924 20.4823995261 0.0636598014542
3.0 0.012466 19.7873178265 0.0611781817096
3.0 0.013008 19.2037125151 0.0590186054643
3.0 0.01355 18.6159218576 0.0570473024853
3.0 0.014092 18.0395280764 0.0551008050253
3.0 0.014634 17.5632556618 0.0532340479582
3.0 0.015176 17.1077496919 0.0517768259413
3.0 0.015718 16.5641577952 0.0499043418809
3.0 0.01626 16.0661495122 0.0481208103603
3.0 0.016802 15.683181766 0.0468074288623
3.0 0.017344 15.2685725162 0.0453879277798
3.0 0.017886 14.8464156325 0.0439400870839
3.0 0.018428 14.4671298673 0.0426303618808
3.0 0.01897 13.9590728043 0.0410588905682
3.0 0.019512 13.7062485659 0.0400877286664
3.2 0.001084 57.7281419359 0.202038442959
3.2 0.001626 53.168153886 0.187593861581
3.2 0.002168 50.7510979448 0.17835293758
3.2 0.00271 48.4237176023 0.166451098086
3.2 0.003252 44.830626937 0.1524957745
3.2 0.003794 43.9106421621 0.148640174589
3.2 0.004336 41.112338636 0.138550602488
3.2 0.004878 39.2254869312 0.130664263669
3.2 0.00542 37.843047106 0.125878981115
3.2 0.005962 35.6829481356 0.117914568852
3.2 0.006504 34.0006481146 0.11116345837
3.2 0.007046 33.5508120231 0.110598188687
3.2 0.007588 31.7372769856 0.103331359759
3.2 0.00813 30.9973767017 0.0999617509131
3.2 0.008672 29.5486837219 0.095271182491
3.2 0.009214 28.9180415031 0.0912068930186
3.2 0.009756 27.4230069528 0.0875548270717
3.2 0.010298 26.981004924 0.0843266444527
3.2 0.01084 25.8829005029 0.0809649569015
3.2 0.011382 25.1321210182 0.0779189764785
3.2 0.011924 24.3134249539 0.0748385400205
3.2 0.012466 23.6207640172 0.0727303570946
3.2 0.013008 22.9470425413 0.0695189351073
3.2 0.01355 22.1695916896 0.0672854075596
3.2 0.014092 21.4594204025 0.0646008157837
3.2 0.014634 20.9560209146 0.0634485528085
3.2 0.015176 20.3138835757 0.060781529822
3.2 0.015718 19.60710845 0.0582588851351
3.2 0.01626 19.2111232881 0.0570080649228
3.2 0.016802 18.6780721863 0.0552975706823
3.2 0.017344 18.1987792712 0.053397571841
3.2 0.017886 17.8333320203 0.0518660615743
3.2 0.018428 17.1457089159 0.0500121778475
3.2 0.01897 16.8104755685 0.0483668808438
3.2 0.019512 16.5223332389 0.0477400897742
3.4 0.001084 69.5594361197 0.246466613032
3.4 0.001626 64.1024247752 0.227998571756
3.4 0.002168 60.8252287414 0.216252968026
3.4 0.00271 57.6769181283 0.199645787331
3.4 0.003252 53.7047837854 0.183826496442
3.4 0.003794 52.2808736891 0.178249749552
3.4 0.004336 48.9205846168 0.166304313202
3.4 0.004878 46.766963281 0.157362465455
3.4 0.00542 44.7743489175 0.1502324226
3.4 0.005962 42.2498241032 0.140139440504
3.4 0.006504 40.5626186733 0.133465447443
3.4 0.007046 39.6402338135 0.130791067182
3.4 0.007588 37.7213828307 0.122963836647
3.4 0.00813 36.5657154881 0.118298458675
3.4 0.008672 35.1494366498 0.112797222885
3.4 0.009214 34.0794020838 0.108380844338
3.4 0.009756 32.6840228493 0.103774591576
3.4 0.010298 31.80847058 0.099850710823
3.4 0.01084 30.6285511532 0.0954195062197
3.4 0.011382 29.7003853658 0.0916322140234
3.4 0.011924 28.8601526097 0.088862632316
3.4 0.012466 28.0398515081 0.085635871589
3.4 0.013008 27.178929173 0.0821484814062
3.4 0.01355 26.2393648921 0.0790898300923
3.4 0.014092 25.5003603769 0.0767465332491
3.4 0.014634 24.8260296 0.0743610908957
3.4 0.015176 24.0095594724 0.0714482194188
3.4 0.015718 23.3214539941 0.0690991716544
3.4 0.01626 22.7385747201 0.067096916052
3.4 0.016802 22.2179180998 0.0651088765787
3.4 0.017344 21.7161157976 0.0628608669094
3.4 0.017886 21.0369566482 0.0607811277853
3.4 0.018428 20.5257452713 0.0587573253913
3.4 0.01897 20.1304856156 0.0574931850722
3.4 0.019512 19.5916589857 0.0556520972414
3.6 0.001084 83.8832772933 0.30059144208
3.6 0.001626 77.2600546371 0.277764462266
3.6 0.002168 72.8949198939 0.261805236087
3.6 0.00271 68.7374158696 0.239864084636
3.6 0.003252 64.3879876606 0.222395894643
3.6 0.003794 62.1625970385 0.214069353412
3.6 0.004336 58.3029885666 0.200260202305
3.6 0.004878 55.7308046624 0.189875931854
3.6 0.00542 52.9232559963 0.179115242175
3.6 0.005962 50.0109467717 0.167093289675
3.6 0.006504 48.4151643692 0.160859732383
3.6 0.007046 46.7172499594 0.154605301603
3.6 0.007588 44.9303237838 0.147029739299
3.6 0.00813 43.1596503011 0.1399109504
3.6 0.008672 41.919790312 0.134541520926
3.6 0.009214 40.1592824222 0.128125334721
3.6 0.009756 38.8811915522 0.123080233198
3.6 0.010298 37.5174538865 0.117992335245
3.6 0.01084 36.147387291 0.112148027969
3.6 0.011382 35.2469843491 0.108793723043
3.6 0.011924 34.206653791 0.10561479437
3.6 0.012466 33.3834953346 0.100884667314
3.6 0.013008 32.1726843198 0.0973485352194
3.6 0.01355 31.0772401702 0.0933121222922
3.6 0.014092 30.329524028 0.0910326879854
3.6 0.014634 29.3785624992 0.0873048572804
3.6 0.015176 28.4241101634 0.0845782639246
3.6 0.015718 27.6890904429 0.0815937097143
3.6 0.01626 27.0828795455 0.0793796361117
3.6 0.016802 26.5443580756 0.0767095060179
3.6 0.017344 25.7473703709 0.0739936099705
3.6 0.017886 24.9764393565 0.0713189812019
3.6 0.018428 24.4525192435 0.0693360172834
3.6 0.01897 23.8631287268 0.0675028153829
3.6 0.019512 23.2122923454 0.0650781155993
3.8 0.001084 100.611262371 0.366887967422
3.8 0.001626 92.55106098 0.339295543902
3.8 0.002168 86.888300484 0.316972115364
3.8 0.00271 81.7099940464 0.28944703174
3.8 0.003252 77.0902896371 0.270261987118
3.8 0.003794 73.9455683386 0.258409712957
3.8 0.004336 69.6455950274 0.242239240675
3.8 0.004878 66.4327820833 0.228807696113
3.8 0.00542 62.7626602966 0.214331573454
3.8 0.005962 59.3661722578 0.200308549787
3.8 0.006504 57.8812317407 0.194632418144
3.8 0.007046 55.1804831643 0.183713849622
3.8 0.007588 53.5867529022 0.176234246448
3.8 0.00813 51.0141077701 0.165938619634
3.8 0.008672 50.1898082892 0.16228015772
3.8 0.009214 47.6521361583 0.152047703394
3.8 0.009756 46.2124173483 0.146754346753
3.8 0.010298 44.4961636231 0.140131449091
3.8 0.01084 42.9454395766 0.133651735998
3.8 0.011382 41.9755263343 0.130341178313
3.8 0.011924 40.7916939029 0.125218687639
3.8 0.012466 39.6442753024 0.119985554918
3.8 0.013008 38.2550202382 0.115419741889
3.8 0.01355 37.0952222258 0.111340932332
3.8 0.014092 35.984326153 0.107417455943
3.8 0.014634 34.9035991836 0.103831400014
3.8 0.015176 33.9878892513 0.100339731499
3.8 0.015718 33.0695750588 0.0970189342458
3.8 0.01626 32.4732211215 0.0936885854677
3.8 0.016802 31.5613801194 0.0904252643279
3.8 0.017344 30.4234158002 0.0866409025683
3.8 0.017886 29.8971974365 0.0847934638669
3.8 0.018428 29.0022040107 0.0818197507709
3.8 0.01897 28.3787584949 0.0796263080642
3.8 0.019512 27.5980251143 0.0766229025472
4.0 0.001084 121.864823853 0.449269800382
4.0 0.001626 111.948100676 0.415402318308
4.0 0.002168 104.680187783 0.384688598988
4.0 0.00271 98.1707934052 0.351049085606
4.0 0.003252 93.0958871106 0.330017556636
4.0 0.003794 88.4543550488 0.312898494744
4.0 0.004336 83.6962184173 0.294353652479
4.0 0.004878 79.4987480035 0.276512835601
4.0 0.00542 74.7665455381 0.258145996227
4.0 0.005962 70.8481189065 0.241728394516
4.0 0.006504 69.4570869495 0.236392472548
4.0 0.007046 65.695892231 0.220033792701
4.0 0.007588 63.9180078055 0.211239604119
4.0 0.00813 61.2920478448 0.201026789414
4.0 0.008672 59.7162184089 0.194232534995
4.0 0.009214 57.0859525094 0.183571160544
4.0 0.009756 55.0662415908 0.176135195342
4.0 0.010298 52.8622375503 0.16729447145
4.0 0.01084 51.4877065336 0.161406915227
4.0 0.011382 50.0780273185 0.156103235654
4.0 0.011924 48.8796434598 0.149415313371
4.0 0.012466 47.2760579409 0.144097548177
4.0 0.013008 45.6930197866 0.137139760786
4.0 0.01355 44.3066680005 0.133058799289
4.0 0.014092 42.970195257 0.127815885148
4.0 0.014634 41.9008467838 0.123917440245
4.0 0.015176 40.7551568618 0.119541811641
4.0 0.015718 39.6637452121 0.115046849857
4.0 0.01626 38.7180609125 0.111095593611
4.0 0.016802 37.4764232089 0.106663728206
4.0 0.017344 36.655205394 0.104007280378
4.0 0.017886 35.5356570757 0.100038592527
4.0 0.018428 34.8358540543 0.0976099976071
4.0 0.01897 33.8117152393 0.0938512350296
4.0 0.019512 33.0573733073 0.090827116225
4.2 0.001084 146.180723137 0.552192443345
4.2 0.001626 134.046680981 0.509574919208
4.2 0.002168 125.039434368 0.46844035122
4.2 0.00271 117.308980521 0.428076380987
4.2 0.003252 111.903518537 0.40445161494
4.2 0.003794 105.700822012 0.38032310547
4.2 0.004336 100.565959894 0.358673555579
4.2 0.004878 95.1151206407 0.335346193907
4.2 0.00542 89.3026841318 0.312691978081
4.2 0.005962 85.0938036635 0.294762528847
4.2 0.006504 82.6212453502 0.28464204105
4.2 0.007046 78.8190358624 0.266340732072
4.2 0.007588 76.2649157109 0.254709801618
4.2 0.00813 73.8616317582 0.245089637379
4.2 0.008672 71.3001614896 0.233395769062
4.2 0.009214 68.3247686508 0.222157041242
4.2 0.009756 65.9416977183 0.212301531192
4.2 0.010298 62.9820977634 0.200663650098
4.2 0.01084 61.9475319851 0.194776303151
4.2 0.011382 59.9208581193 0.187280083679
4.2 0.011924 58.5328447522 0.180106721336
4.2 0.012466 56.6313513588 0.172660794112
4.2 0.013008 54.74628464 0.165194744932
4.2 0.01355 53.0223797113 0.158977944408
4.2 0.014092 51.6833903317 0.153806338187
4.2 0.014634 50.2873037393 0.148292090005
4.2 0.015176 48.7418365517 0.142387822499
4.2 0.015718 47.3836242417 0.136557403376
4.2 0.01626 46.2070956415 0.132819049273
4.2 0.016802 44.9389081951 0.127656608472
4.2 0.017344 43.9405127729 0.124510963743
4.2 0.017886 42.5697912809 0.119495818153
4.2 0.018428 41.6666805524 0.115906205835
4.2 0.01897 40.5130453453 0.111378551674
4.2 0.019512 39.4892961384 0.106934342088
4.4 0.001084 176.114526669 0.680023480731
4.4 0.001626 161.245808946 0.625816183118
4.4 0.002168 150.1476207 0.572129577998
4.4 0.00271 140.916056618 0.523881806284
4.4 0.003252 134.89271611 0.496863557728
4.4 0.003794 126.748638921 0.463846640471
4.4 0.004336 121.131709001 0.439032305396
4.4 0.004878 114.064151713 0.409062862755
4.4 0.00542 107.215574391 0.381014511955
4.4 0.005962 102.645900917 0.361443908892
4.4 0.006504 98.6691922962 0.343517935371
4.4 0.007046 94.932510403 0.324211143376
4.4 0.007588 91.4162754341 0.309384884182
4.4 0.00813 89.2217431751 0.299507732851
4.4 0.008672 85.5277313483 0.282443459442
4.4 0.009214 81.9645937123 0.268981131956
4.4 0.009756 79.1674234821 0.257231229503
4.4 0.010298 76.1710555521 0.243943739169
4.4 0.01084 74.2530275258 0.234894829779
4.4 0.011382 72.1442828927 0.226551138863
4.4 0.011924 70.2079587848 0.217495851781
4.4 0.012466 68.059286703 0.207893193495
4.4 0.013008 65.5423798546 0.199300427626
4.4 0.01355 63.7504896094 0.191838104379
4.4 0.014092 62.073762635 0.185383494408
4.4 0.014634 60.2632235423 0.17763411498
4.4 0.015176 58.486737651 0.170231809294
4.4 0.015718 56.9751705479 0.164970452148
4.4 0.01626 55.5125638672 0.159348188644
4.4 0.016802 54.4354591732 0.155046304133
4.4 0.017344 52.3486106806 0.147700697446
4.4 0.017886 51.3759117572 0.144273358353
4.4 0.018428 50.0435655305 0.137945798754
4.4 0.01897 48.6422799147 0.132700381443
4.4 0.019512 47.7006888588 0.128123834532
4.6 0.001084 211.286264967 0.83713181031
4.6 0.001626 193.204515383 0.767790811992
4.6 0.002168 179.911102719 0.699919468024
4.6 0.00271 169.044434604 0.64159656349
4.6 0.003252 162.358543327 0.610905236428
4.6 0.003794 151.956049942 0.565536635546
4.6 0.004336 145.49566014 0.536973389591
4.6 0.004878 136.603444783 0.498462401803
4.6 0.00542 128.659962015 0.464577306938
4.6 0.005962 123.620867728 0.443284481042
4.6 0.006504 117.91492853 0.415500795017
4.6 0.007046 114.320636354 0.395821323272
4.6 0.007588 109.733525689 0.377056032937
4.6 0.00813 107.450786003 0.364488491259
4.6 0.008672 102.725707491 0.343857966475
4.6 0.009214 98.6502818258 0.327055902273
4.6 0.009756 94.8099771945 0.311435505859
4.6 0.010298 92.0547824553 0.296215572931
4.6 0.01084 89.0093139749 0.284823333931
4.6 0.011382 86.8653110639 0.275559555593
4.6 0.011924 84.3863986986 0.262363920182
4.6 0.012466 81.8011623817 0.251883359132
4.6 0.013008 78.930104361 0.241373251028
4.6 0.01355 76.7430695418 0.232534048163
4.6 0.014092 74.5353279017 0.223316633888
4.6 0.014634 72.3967583286 0.213641670195
4.6 0.015176 70.3061664612 0.204867048599
4.6 0.015718 68.7443323259 0.200373861421
4.6 0.01626 67.1007970549 0.193007753552
4.6 0.016802 65.2794759474 0.185946756991
4.6 0.017344 63.3401790853 0.179083341271
4.6 0.017886 61.9112335009 0.172074757083
4.6 0.018428 60.0141135832 0.165342500954
4.6 0.01897 58.9640129852 0.159845861434
4.6 0.019512 57.441111892 0.154043229641
