2.2 0.184924702397 16292.0190422 1.34495774024
2.4 0.231425921518 16609.4794428 1.33667273167
2.6 0.285929695332 16379.3766489 1.33456770636
2.8 0.349252333224 15721.43088 1.32864777205
3.0 0.422242531447 14578.3324343 1.32397248656
3.2 0.505780851386 13370.9127123 1.3141343845
3.4 0.600779232412 12250.9100986 1.30564886984
3.6 0.708180535481 11147.6113701 1.29465262541
3.8 0.828958114192 10205.7458703 1.28376480201
4.0 0.9641154105 9521.75369576 1.27124084581
4.2 1.1146855727 9055.04491286 1.2614236739
4.4 1.28173109358 8729.84027052 1.25433036211
4.6 1.46634346696 8258.3384071 1.25037157925
