2.2 0.184924702397 23809.9074792 1.34028246087
2.4 0.231425921518 24430.9850712 1.33820407358
2.6 0.285929695332 24074.9862412 1.33374030375
2.8 0.349252333224 23216.3957039 1.33173652599
3.0 0.422242531447 21577.408224 1.32707797716
3.2 0.505780851386 19842.7890211 1.31734019234
3.4 0.600779232412 18224.8754047 1.30797342658
3.6 0.708180535481 16703.8422182 1.30065449244
3.8 0.828958114192 15342.3595086 1.28927381298
4.0 0.9641154105 14387.7891727 1.27858748885
4.2 1.1146855727 13722.1162779 1.26807596581
4.4 1.28173109358 13253.8816581 1.26013103634
4.6 1.46634346696 12553.2875312 1.25525086325
