2.2 0.001084 17.8758491653 0.0641785741596
2.2 0.001626 16.8751887165 0.0606810030546
2.2 0.002168 16.5716141885 0.0591444019299
2.2 0.00271 16.2481567194 0.0573889679222
2.2 0.003252 15.3010600233 0.0532325298698
2.2 0.003794 14.6853495704 0.050848045934
2.2 0.004336 14.1726614939 0.048786748271
2.2 0.004878 13.6064386269 0.0463400496468
2.2 0.00542 13.1560573111 0.044807124367
2.2 0.005962 12.6636162826 0.0431968843123
2.2 0.006504 12.0920318643 0.041084399755
2.2 0.007046 11.6445850656 0.0395379139254
2.2 0.007588 11.2461333587 0.038060932637
2.2 0.00813 10.8565119416 0.0366630422199
2.2 0.008672 10.580538696 0.0354745997742
2.2 0.009214 10.1224692497 0.0339686370342
2.2 0.009756 9.85307582899 0.0327214507113
2.2 0.010298 9.49373306205 0.0316959154978
2.2 0.01084 9.220240881 0.0304477495153
2.2 0.011382 8.9857601252 0.0295617599072
2.2 0.011924 8.68276091904 0.0288480841262
2.2 0.012466 8.36570361572 0.0276016012077
2.2 0.013008 8.10892468294 0.0267085727746
2.2 0.01355 7.83057812936 0.0256893001278
2.2 0.014092 7.58530716526 0.0249445432792
2.2 0.014634 7.38123653196 0.0241169965716
2.2 0.015176 7.17182718425 0.0234402459345
2.2 0.015718 6.98308353269 0.0227419265889
2.2 0.01626 6.78044968837 0.0219415018204
2.2 0.016802 6.56455498792 0.0211667605079
2.2 0.017344 6.38305827646 0.0205387726426
2.2 0.017886 6.21346091058 0.019933474408
2.2 0.018428 6.03434092403 0.0192709375031
2.2 0.01897 5.86517717387 0.0187645230151
2.2 0.019512 5.68247713938 0.018038621529
2.4 0.001084 23.431578741 0.0828787265845
2.4 0.001626 22.1195426435 0.0788456077024
2.4 0.002168 21.7115097661 0.0768384782766
2.4 0.00271 21.2030422994 0.0739783527846
2.4 0.003252 19.7742888854 0.0678650178351
2.4 0.003794 19.2947376727 0.0661777149791
2.4 0.004336 18.4360781812 0.0625788807273
2.4 0.004878 17.636644446 0.0591674486826
2.4 0.00542 17.1471673519 0.0574887127926
2.4 0.005962 16.3650256637 0.054749316797
2.4 0.006504 15.607311501 0.052194012327
2.4 0.007046 15.1581010928 0.0505810040213
2.4 0.007588 14.5931395608 0.0485376025287
2.4 0.00813 14.1494946962 0.0466397800465
2.4 0.008672 13.6523661714 0.0449725212642
2.4 0.009214 13.1984024645 0.043195128516
2.4 0.009756 12.7338148314 0.0416696835447
2.4 0.010298 12.302183498 0.0400419306643
2.4 0.01084 11.9732910564 0.0387529915615
2.4 0.011382 11.6073952459 0.0377469641685
2.4 0.011924 11.1939677256 0.0362899439073
2.4 0.012466 10.8094660509 0.0348364381718
2.4 0.013008 10.4620365257 0.033559788075
2.4 0.01355 10.1265111526 0.0324350103924
2.4 0.014092 9.83197112623 0.031573138861
2.4 0.014634 9.57925239024 0.0305755363746
2.4 0.015176 9.30782685891 0.0296257362419
2.4 0.015718 9.00096282459 0.0285753318876
2.4 0.01626 8.7206271315 0.0276641429919
2.4 0.016802 8.48085002898 0.0267898456269
2.4 0.017344 8.24590960575 0.0257976302669
2.4 0.017886 8.00488275717 0.0251341234227
2.4 0.018428 7.78267411159 0.02441785755
2.4 0.01897 7.54241709464 0.0235422716102
2.4 0.019512 7.33388706298 0.0227095946945
2.6 0.001084 29.9906060965 0.105174934771
2.6 0.001626 28.3482551276 0.0995695646075
2.6 0.002168 27.8251081588 0.0969833546117
2.6 0.00271 26.9515588648 0.0925872221476
2.6 0.003252 25.0125426958 0.0847847551737
2.6 0.003794 24.7140987427 0.0839461303931
2.6 0.004336 23.2547940155 0.0778305929489
2.6 0.004878 22.2986986609 0.0742271628885
2.6 0.00542 21.7742062276 0.0721738409904
2.6 0.005962 20.4974809113 0.0677592470126
2.6 0.006504 19.630376897 0.0647477093552
2.6 0.007046 19.3709820002 0.0639564067604
2.6 0.007588 18.3270064828 0.060263201432
2.6 0.00813 17.8917513224 0.0580391475539
2.6 0.008672 17.1288020756 0.0559139272641
2.6 0.009214 16.6883110475 0.0532959387083
2.6 0.009756 15.9509859271 0.0518864361166
2.6 0.010298 15.6196223726 0.0494991185369
2.6 0.01084 15.0707894794 0.0481940457178
2.6 0.011382 14.5519106421 0.0460608911862
2.6 0.011924 14.0089408559 0.0443371495103
2.6 0.012466 13.5816929357 0.0429210686903
2.6 0.013008 13.1527203235 0.0410484760402
2.6 0.01355 12.7797534516 0.0401079836136
2.6 0.014092 12.4347716754 0.0389249164682
2.6 0.014634 12.054186867 0.0377190692434
2.6 0.015176 11.6500330699 0.0360914706274
2.6 0.015718 11.2985161219 0.03501183013
2.6 0.01626 11.0134470839 0.0339354997118
2.6 0.016802 10.7165135482 0.0327000616524
2.6 0.017344 10.4450933784 0.0319282352554
2.6 0.017886 10.1581415437 0.0307992371188
2.6 0.018428 9.76051138332 0.0296549464065
2.6 0.01897 9.53355067755 0.0288530139911
2.6 0.019512 9.29467159055 0.0281175577211
2.8 0.001084 37.4861807066 0.130931834132
2.8 0.001626 35.4406989818 0.123710507873
2.8 0.002168 34.5934885313 0.120559538158
2.8 0.00271 33.2724873217 0.113295804028
2.8 0.003252 31.0986348899 0.104644686057
2.8 0.003794 30.5535805017 0.102770335372
2.8 0.004336 28.734908684 0.0958593471128
2.8 0.004878 27.6326867574 0.0915468674275
2.8 0.00542 26.6643764695 0.0880312263853
2.8 0.005962 25.173132893 0.0825240798158
2.8 0.006504 24.3264051637 0.0797293256236
2.8 0.007046 23.8081763426 0.0780369063107
2.8 0.007588 22.675995237 0.0735238783592
2.8 0.00813 21.9933188723 0.0708614128763
2.8 0.008672 21.2036966784 0.0678725027081
2.8 0.009214 20.4577652581 0.0650306213688
2.8 0.009756 19.7535527977 0.0627676897505
2.8 0.010298 19.2036958319 0.060459710683
2.8 0.01084 18.4823766653 0.0580511290675
2.8 0.011382 17.8436024884 0.0556254765506
2.8 0.011924 17.2916050605 0.053910588117
2.8 0.012466 16.7549286737 0.0518376211401
2.8 0.013008 16.2255554096 0.0499744944899
2.8 0.01355 15.742161187 0.0483451886441
2.8 0.014092 15.3020813079 0.0470366231265
2.8 0.014634 14.8047526939 0.045194908717
2.8 0.015176 14.3619867995 0.0437741058306
2.8 0.015718 13.998258036 0.0423505579567
2.8 0.01626 13.6003037117 0.0409812788298
2.8 0.016802 13.2985242776 0.0399446065532
2.8 0.017344 12.9229569711 0.038561535475
2.8 0.017886 12.4080656995 0.0370824077281
2.8 0.018428 12.1388520783 0.0360004726003
2.8 0.01897 11.8192951685 0.0352136025836
2.8 0.019512 11.491771522 0.0339326048673
3.0 0.001084 45.956376392 0.16119945158
3.0 0.001626 43.4438026926 0.152213653689
3.0 0.002168 42.1073953081 0.147357956106
3.0 0.00271 40.1357787076 0.136787551728
3.0 0.003252 37.8497835971 0.127824631072
3.0 0.003794 36.8316964194 0.12416239586
3.0 0.004336 34.7285461787 0.116356991879
3.0 0.004878 33.4582045448 0.111179553353
3.0 0.00542 32.0041825179 0.105659134096
3.0 0.005962 30.3253076856 0.0991680482618
3.0 0.006504 29.66068748 0.0968843148134
3.0 0.007046 28.5336473522 0.0928150119565
3.0 0.007588 27.434282947 0.0884149477243
3.0 0.00813 26.4288478629 0.0848353008123
3.0 0.008672 25.6209823796 0.0811031018782
3.0 0.009214 24.4547014497 0.0778382522192
3.0 0.009756 23.9363065167 0.0751454044138
3.0 0.010298 23.0292067749 0.0723658987539
3.0 0.01084 22.1550507709 0.0688238188797
3.0 0.011382 21.5798633148 0.0668010552852
3.0 0.011924 20.9493773551 0.0646959230819
3.0 0.012466 20.3343561122 0.061835528148
3.0 0.013008 19.6843144861 0.0599991807355
3.0 0.01355 19.0083893971 0.0576973800031
3.0 0.014092 18.451506022 0.0560093220383
3.0 0.014634 17.8438421097 0.0539123638093
3.0 0.015176 17.3665545352 0.0523103593373
3.0 0.015718 16.9052605331 0.0506170321831
3.0 0.01626 16.4985190866 0.0491662203742
3.0 0.016802 16.088174415 0.0474252964833
3.0 0.017344 15.5675226723 0.0457837506406
3.0 0.017886 15.1582229174 0.0443362009176
3.0 0.018428 14.7553954235 0.0431398887388
3.0 0.01897 14.3945654759 0.0419591893222
3.0 0.019512 13.9748970682 0.0403779789627
3.2 0.001084 55.6145230127 0.197429604309
3.2 0.001626 52.484322629 0.186558728151
3.2 0.002168 50.5228683809 0.179022966479
3.2 0.00271 47.8583615812 0.164810980667
3.2 0.003252 45.5351421165 0.155672754162
3.2 0.003794 43.8102689942 0.149383813805
3.2 0.004336 41.473857485 0.140448315691
3.2 0.004878 39.9219121645 0.133635823269
3.2 0.00542 37.9651706924 0.126233520745
3.2 0.005962 36.0452955396 0.118307090375
3.2 0.006504 35.6572912701 0.116848730775
3.2 0.007046 33.6876378393 0.109964751282
3.2 0.007588 32.7476642195 0.105661814726
3.2 0.00813 31.369745297 0.100949607043
3.2 0.008672 30.4345418091 0.0968017231427
3.2 0.009214 29.1390954453 0.0926058019378
3.2 0.009756 28.3995642196 0.0893512192566
3.2 0.010298 27.2470092856 0.0854194596359
3.2 0.01084 26.3557848821 0.0816998712113
3.2 0.011382 25.6848377083 0.079395968548
3.2 0.011924 24.9669067308 0.0762949496889
3.2 0.012466 24.2363573426 0.073700714563
3.2 0.013008 23.3763381313 0.0706947462901
3.2 0.01355 22.7018361283 0.0687067122719
3.2 0.014092 21.8803166516 0.0660154771295
3.2 0.014634 21.2926174487 0.0640727645982
3.2 0.015176 20.733958534 0.0620009663241
3.2 0.015718 20.1865899288 0.0601138841925
3.2 0.01626 19.7441434839 0.0579690524836
3.2 0.016802 19.2022503874 0.0561402075582
3.2 0.017344 18.6370423994 0.0544039834179
3.2 0.017886 18.1601919485 0.0524958401383
3.2 0.018428 17.6929655981 0.0509568651681
3.2 0.01897 17.2296395618 0.0494774593101
3.2 0.019512 16.8838004853 0.0479934422437
3.4 0.001084 67.0666969986 0.241229803974
3.4 0.001626 63.1490803187 0.228034563283
3.4 0.002168 60.348474694 0.216132935065
3.4 0.00271 56.9321543494 0.198510285853
3.4 0.003252 54.6195385751 0.189078935005
3.4 0.003794 52.0106175219 0.179299187528
3.4 0.004336 49.4675719998 0.169231637904
3.4 0.004878 47.4195677451 0.159998348767
3.4 0.00542 44.8752977311 0.150495361149
3.4 0.005962 42.7461149431 0.141691735306
3.4 0.006504 42.2217691492 0.139658995796
3.4 0.007046 39.913632967 0.130968183453
3.4 0.007588 38.64792571 0.125656597532
3.4 0.00813 37.2591692254 0.120665109738
3.4 0.008672 35.9287659536 0.115090413779
3.4 0.009214 34.675188398 0.110090043956
3.4 0.009756 33.5631955369 0.106396814545
3.4 0.010298 32.065542632 0.100394114456
3.4 0.01084 31.3597962713 0.0971389231609
3.4 0.011382 30.3873323761 0.0940493504668
3.4 0.011924 29.6646863652 0.0905116898044
3.4 0.012466 28.6982612473 0.0876682066123
3.4 0.013008 27.6938700691 0.083646380843
3.4 0.01355 26.8122228183 0.0812650391015
3.4 0.014092 26.0089943509 0.0782789828178
3.4 0.014634 25.390121156 0.075930269473
3.4 0.015176 24.7050813596 0.0734624585332
3.4 0.015718 24.1173389187 0.0707337388145
3.4 0.01626 23.4697881358 0.0685421391601
3.4 0.016802 22.716987012 0.0664316917416
3.4 0.017344 22.2065167958 0.0643418392114
3.4 0.017886 21.5227878489 0.0616077532299
3.4 0.018428 21.0973583329 0.0605781174698
3.4 0.01897 20.5340431448 0.0584949101523
3.4 0.019512 20.0194544226 0.0564493529105
3.6 0.001084 80.6648431185 0.294694551741
3.6 0.001626 75.7395957352 0.278269680007
3.6 0.002168 71.9188349429 0.260801457286
3.6 0.00271 67.744654467 0.239467634248
3.6 0.003252 65.3255432103 0.229198486676
3.6 0.003794 61.6992257608 0.215318507483
3.6 0.004336 59.0347443861 0.204119478602
3.6 0.004878 56.2301356852 0.192008289813
3.6 0.00542 53.1017762713 0.180354595771
3.6 0.005962 51.0774230867 0.171917503356
3.6 0.006504 49.5567274862 0.165797819321
3.6 0.007046 47.3589464571 0.156221511949
3.6 0.007588 45.690933699 0.150238325978
3.6 0.00813 44.3400783793 0.144845406736
3.6 0.008672 42.4958126062 0.136811420523
3.6 0.009214 41.032429299 0.131253244644
3.6 0.009756 39.6695864207 0.126453571076
3.6 0.010298 37.9585806368 0.119324426147
3.6 0.01084 37.0935496918 0.115512974292
3.6 0.011382 36.0447010451 0.111544805439
3.6 0.011924 35.0916538352 0.108318217487
3.6 0.012466 33.8940787672 0.103099626985
3.6 0.013008 32.7506219245 0.0994645523374
3.6 0.01355 31.6987746625 0.0958272051177
3.6 0.014092 31.0012498557 0.0930288029892
3.6 0.014634 30.1693474594 0.0899202662021
3.6 0.015176 29.3311588833 0.0866692396096
3.6 0.015718 28.569144954 0.0837758970381
3.6 0.01626 27.7867568394 0.0812850133909
3.6 0.016802 27.0800856031 0.0786658547302
3.6 0.017344 26.1931149949 0.0750072665259
3.6 0.017886 25.6990308496 0.0738480711453
3.6 0.018428 24.9710659399 0.0711516421183
3.6 0.01897 24.261400297 0.068734846378
3.6 0.019512 23.6893025668 0.0661373203866
3.8 0.001084 96.7102658488 0.360772258192
3.8 0.001626 90.5033839848 0.339756245051
3.8 0.002168 85.5836201969 0.315838646498
3.8 0.00271 80.578582766 0.289430703151
3.8 0.003252 78.0868137497 0.278453461658
3.8 0.003794 73.3653334809 0.259824606693
3.8 0.004336 70.4311373316 0.246978141027
3.8 0.004878 66.7387358942 0.231554861393
3.8 0.00542 63.0424755722 0.217268796571
3.8 0.005962 61.0167658556 0.20883544631
3.8 0.006504 58.3502851046 0.197458963108
3.8 0.007046 56.3881802524 0.187706919335
3.8 0.007588 54.1677574703 0.180727506947
3.8 0.00813 52.7132801457 0.174008939894
3.8 0.008672 50.4781428746 0.164017091011
3.8 0.009214 48.6543335252 0.157387860562
3.8 0.009756 46.7096611645 0.149973834337
3.8 0.010298 45.3013498173 0.142910770591
3.8 0.01084 43.898845312 0.137656913597
3.8 0.011382 42.8364547153 0.133880028848
3.8 0.011924 41.6423622587 0.128980328574
3.8 0.012466 40.1915057492 0.122848589028
3.8 0.013008 38.8388362058 0.118332936682
3.8 0.01355 37.8292902933 0.114634067088
3.8 0.014092 36.833017821 0.110709372436
3.8 0.014634 35.7821532658 0.106557997781
3.8 0.015176 34.6940858118 0.102001846414
3.8 0.015718 33.8995021115 0.100300490317
3.8 0.01626 32.9952075549 0.0964822578656
3.8 0.016802 32.0190071324 0.0926891198927
3.8 0.017344 31.1520469178 0.0899224437699
3.8 0.017886 30.4121621632 0.0872250384747
3.8 0.018428 29.5035549988 0.0839420932768
3.8 0.01897 28.9513108264 0.0811684584922
3.8 0.019512 28.2056140312 0.0780457183291
4.0 0.001084 116.761404431 0.442306072857
4.0 0.001626 108.974695887 0.41530490146
4.0 0.002168 102.751972327 0.384161246953
4.0 0.00271 96.6341464256 0.351531483756
4.0 0.003252 93.8552098899 0.339733740532
4.0 0.003794 88.0615393814 0.316004478706
4.0 0.004336 84.3304954971 0.29957474935
4.0 0.004878 79.587595621 0.280610073386
4.0 0.00542 75.3339289902 0.263291654798
4.0 0.005962 73.1031583198 0.254406759244
4.0 0.006504 69.1250812278 0.236133475928
4.0 0.007046 67.2578113419 0.227243542613
4.0 0.007588 64.8051837439 0.218772432909
4.0 0.00813 62.8173172041 0.208975499411
4.0 0.008672 60.0954809925 0.197549957687
4.0 0.009214 58.2550108496 0.19045945663
4.0 0.009756 55.2473310167 0.179377097658
4.0 0.010298 54.2139032936 0.171761195739
4.0 0.01084 52.4091006724 0.16639890648
4.0 0.011382 51.1444633554 0.161102564598
4.0 0.011924 49.6833417847 0.153960914041
4.0 0.012466 47.7704868139 0.147412000094
4.0 0.013008 46.4290474395 0.141778823358
4.0 0.01355 45.2891632398 0.138090051841
4.0 0.014092 43.9794314064 0.132106091175
4.0 0.014634 42.6778733502 0.126815407174
4.0 0.015176 41.5577103868 0.123337862125
4.0 0.015718 40.491029358 0.119586238364
4.0 0.01626 39.333838467 0.114869190473
4.0 0.016802 38.0500254542 0.110522528529
4.0 0.017344 37.2334831681 0.10788806303
4.0 0.017886 36.2156285939 0.1035537497
4.0 0.018428 35.4095910774 0.10008187868
4.0 0.01897 34.6236653055 0.0965545559544
4.0 0.019512 33.7946917006 0.0929013778363
4.2 0.001084 140.030097947 0.544489949688
4.2 0.001626 130.382204915 0.508902992399
4.2 0.002168 122.771963996 0.469326337335
4.2 0.00271 115.418937165 0.428787097527
4.2 0.003252 111.990473408 0.413434227786
4.2 0.003794 105.495364564 0.385553594555
4.2 0.004336 100.862624498 0.364481637576
4.2 0.004878 94.8841369098 0.340794051895
4.2 0.00542 90.1387768396 0.319956052188
4.2 0.005962 87.3858366834 0.309453397281
4.2 0.006504 82.770434613 0.286993569168
4.2 0.007046 80.2111394038 0.276038065651
4.2 0.007588 77.6560449384 0.26518859282
4.2 0.00813 75.0543920941 0.252639504321
4.2 0.008672 71.5463189058 0.238271419265
4.2 0.009214 69.5882605401 0.230694056968
4.2 0.009756 66.3636941793 0.216813445349
4.2 0.010298 64.6691088034 0.208448879305
4.2 0.01084 62.7550481187 0.202285518947
4.2 0.011382 61.2710567793 0.19427321075
4.2 0.011924 59.419785604 0.185638691618
4.2 0.012466 57.1215862992 0.177950884355
4.2 0.013008 55.7212306951 0.171807228164
4.2 0.01355 54.1808262166 0.165537019952
4.2 0.014092 52.5592679424 0.158306412866
4.2 0.014634 51.0071330886 0.153319644322
4.2 0.015176 49.7142869935 0.14893686154
4.2 0.015718 48.3266346502 0.143078852165
4.2 0.01626 46.8610456226 0.137550993857
4.2 0.016802 45.6941075015 0.133819477111
4.2 0.017344 44.4839969656 0.127976471579
4.2 0.017886 43.4658436588 0.124329223319
4.2 0.018428 42.5430037399 0.119681430682
4.2 0.01897 41.5382734485 0.115531069237
4.2 0.019512 40.3785850221 0.111499223191
4.4 0.001084 168.603335321 0.671216363213
4.4 0.001626 156.744033063 0.624057248144
4.4 0.002168 147.575785419 0.575087563137
4.4 0.00271 138.872223117 0.525853009079
4.4 0.003252 134.276509973 0.504973118298
4.4 0.003794 126.967415339 0.472458352188
4.4 0.004336 120.878885838 0.444559679897
4.4 0.004878 113.343706557 0.414213982134
4.4 0.00542 108.326433514 0.391423072272
4.4 0.005962 104.249226426 0.374395910726
4.4 0.006504 99.5264679739 0.350533232544
4.4 0.007046 96.1384767521 0.335957858161
4.4 0.007588 93.4657204137 0.322735611412
4.4 0.00813 89.9676407741 0.306991457998
4.4 0.008672 86.2524476895 0.291368553501
4.4 0.009214 82.9135617461 0.278444901437
4.4 0.009756 80.0183898384 0.262868604726
4.4 0.010298 77.541776021 0.25498185805
4.4 0.01084 75.3180274101 0.245258247974
4.4 0.011382 73.5809324786 0.235403756784
4.4 0.011924 70.9763917775 0.225143090411
4.4 0.012466 68.7960865524 0.214991409171
4.4 0.013008 67.0626302216 0.208611502985
4.4 0.01355 65.0028763221 0.199305199742
4.4 0.014092 63.0998760901 0.191929063851
4.4 0.014634 61.3652363319 0.18648319413
4.4 0.015176 59.631189844 0.179117826153
4.4 0.015718 57.99397307 0.172452300787
4.4 0.01626 56.4154788606 0.166606197158
4.4 0.016802 54.8947621829 0.160079136803
4.4 0.017344 53.587251356 0.154710756982
4.4 0.017886 52.2925328009 0.148159640818
4.4 0.018428 51.1890422848 0.144352875971
4.4 0.01897 49.7997238169 0.138408857318
4.4 0.019512 48.2622308188 0.133149697955
4.6 0.001084 201.848956662 0.82550676699
4.6 0.001626 187.537837488 0.764255985363
4.6 0.002168 176.748685553 0.704834105344
4.6 0.00271 167.005357002 0.647334338831
4.6 0.003252 160.707499753 0.617517659157
4.6 0.003794 152.715913406 0.580022859115
4.6 0.004336 144.535680225 0.542619648011
4.6 0.004878 135.420837205 0.503705161922
4.6 0.00542 130.201491832 0.480417549348
4.6 0.005962 124.446850409 0.453880403022
4.6 0.006504 119.788869264 0.428643588236
4.6 0.007046 115.494742316 0.409501872983
4.6 0.007588 112.35943974 0.392567157552
4.6 0.00813 107.802335098 0.372257884244
4.6 0.008672 104.127838801 0.357440761925
4.6 0.009214 98.9981011885 0.336048447476
4.6 0.009756 96.319836713 0.320237120315
4.6 0.010298 93.2065979489 0.310733598733
4.6 0.01084 90.6205927273 0.297530633386
4.6 0.011382 88.5931046827 0.285349612916
4.6 0.011924 85.0085411285 0.272954285258
4.6 0.012466 82.9619933363 0.261149921386
4.6 0.013008 80.6163068907 0.252132190676
4.6 0.01355 78.185107436 0.240944349566
4.6 0.014092 76.0551312813 0.234300040146
4.6 0.014634 73.7990832093 0.225233492477
4.6 0.015176 71.7362019305 0.216398860411
4.6 0.015718 69.9859880239 0.209688768517
4.6 0.01626 67.9892114545 0.20109203934
4.6 0.016802 65.9704687041 0.192281147074
4.6 0.017344 64.576334682 0.186275027209
4.6 0.017886 63.07922781 0.179545715175
4.6 0.018428 61.6786897451 0.173031356134
4.6 0.01897 59.6156311174 0.165510044956
4.6 0.019512 58.1752538461 0.160305057239
