2.2 0.001084 19.0581238941 0.0671406289178
2.2 0.001626 17.7922848226 0.062844094871
2.2 0.002168 17.1058418736 0.0600463434402
2.2 0.00271 16.7112248915 0.058152073385
2.2 0.003252 16.0343293235 0.0552858197889
2.2 0.003794 15.0862145736 0.0514648916083
2.2 0.004336 14.6190009221 0.0498644651246
2.2 0.004878 14.0696387199 0.0475846743078
2.2 0.00542 13.4833120483 0.0450284476774
2.2 0.005962 13.0244851155 0.0437402545664
2.2 0.006504 12.4926355164 0.0418830392313
2.2 0.007046 11.9470542228 0.0399537642391
2.2 0.007588 11.4589704439 0.0383007603855
2.2 0.00813 11.0277317141 0.0369053467754
2.2 0.008672 10.6489503317 0.0356832474906
2.2 0.009214 10.3701060377 0.0344171751626
2.2 0.009756 9.91343993507 0.0330025026425
2.2 0.010298 9.65285101327 0.031862305549
2.2 0.01084 9.28777598318 0.0306806894606
2.2 0.011382 8.94483403502 0.0294236215882
2.2 0.011924 8.6590128505 0.02833918947
2.2 0.012466 8.40502203914 0.0275350837409
2.2 0.013008 8.11638802077 0.026718047709
2.2 0.01355 7.79345503579 0.0256344439792
2.2 0.014092 7.59869529218 0.0247850818032
2.2 0.014634 7.31517339879 0.0239264051896
2.2 0.015176 7.10062559695 0.0233400473889
2.2 0.015718 6.8703427608 0.0223655565609
2.2 0.01626 6.63666788715 0.0215107372721
2.2 0.016802 6.46506213616 0.0209733330235
2.2 0.017344 6.28436048347 0.020343472882
2.2 0.017886 6.06210420321 0.0194832904673
2.2 0.018428 5.87573097989 0.0188042561773
2.2 0.01897 5.68583223943 0.0182716132271
2.2 0.019512 5.50905468458 0.0175728649341
2.4 0.001084 24.9801038306 0.0863524093897
2.4 0.001626 23.2662531466 0.0812311394917
2.4 0.002168 22.4654955585 0.0778982101014
2.4 0.00271 21.8747999988 0.0749766742778
2.4 0.003252 20.7646402014 0.0704163163475
2.4 0.003794 19.6491584974 0.0660894332426
2.4 0.004336 19.0374978081 0.0638800082566
2.4 0.004878 18.2123971392 0.0608016868829
2.4 0.00542 17.4624516999 0.0576889300458
2.4 0.005962 16.9301242598 0.0561893649158
2.4 0.006504 16.1093936966 0.0531988633174
2.4 0.007046 15.3888159561 0.0508973836697
2.4 0.007588 14.9048223864 0.049272683123
2.4 0.00813 14.3215252531 0.0472206569192
2.4 0.008672 13.8942440484 0.0455771496122
2.4 0.009214 13.410617414 0.0439159563163
2.4 0.009756 12.8780528685 0.0419789973898
2.4 0.010298 12.4692070512 0.0403628621725
2.4 0.01084 11.9975545353 0.0390238562113
2.4 0.011382 11.6136948259 0.0373356341425
2.4 0.011924 11.260888166 0.0363326640516
2.4 0.012466 10.902302831 0.0352881598889
2.4 0.013008 10.477183977 0.0339034126154
2.4 0.01355 10.1554945003 0.0327009074369
2.4 0.014092 9.80389941228 0.0313328539545
2.4 0.014634 9.47360404878 0.0303554842748
2.4 0.015176 9.18653032939 0.0293872546182
2.4 0.015718 8.91167973048 0.0283428626097
2.4 0.01626 8.64333772091 0.0274672477531
2.4 0.016802 8.38634035776 0.0265510418063
2.4 0.017344 8.09177050727 0.0256155860099
2.4 0.017886 7.84267141763 0.0247279139076
2.4 0.018428 7.62651352468 0.0238861954404
2.4 0.01897 7.37480357749 0.0230184422952
2.4 0.019512 7.16534886839 0.0223940866028
2.6 0.001084 31.973212606 0.108893217599
2.6 0.001626 29.7072973068 0.102147403317
2.6 0.002168 28.718474882 0.098202828294
2.6 0.00271 27.8021071407 0.093937877209
2.6 0.003252 26.1889090278 0.0875769959844
2.6 0.003794 25.0423301564 0.0833667350232
2.6 0.004336 24.1264329278 0.0800841522691
2.6 0.004878 22.9469972702 0.0756457232686
2.6 0.00542 22.0617658952 0.072230211651
2.6 0.005962 21.2753970057 0.0694792231386
2.6 0.006504 20.199338548 0.0658122872196
2.6 0.007046 19.3458747842 0.0630962034251
2.6 0.007588 18.9124951442 0.0617843782008
2.6 0.00813 17.9724686119 0.0584696998993
2.6 0.008672 17.5857248739 0.05671955685
2.6 0.009214 16.8194170569 0.0542597055289
2.6 0.009756 16.3198784821 0.0518843320737
2.6 0.010298 15.6776588466 0.0501706417679
2.6 0.01084 15.1919418909 0.0482083221576
2.6 0.011382 14.7202443078 0.0465870290933
2.6 0.011924 14.2326416162 0.0451457969279
2.6 0.012466 13.7208699689 0.0434764861139
2.6 0.013008 13.2021769084 0.0417222281703
2.6 0.01355 12.75829822 0.0400723683354
2.6 0.014092 12.3489780297 0.038699611902
2.6 0.014634 11.9686724298 0.0377671336906
2.6 0.015176 11.6316720187 0.0363558373205
2.6 0.015718 11.3216806612 0.0352743507886
2.6 0.01626 10.9239213685 0.0340486085363
2.6 0.016802 10.5295234163 0.0327398124635
2.6 0.017344 10.2419085986 0.0315957093989
2.6 0.017886 9.94751739447 0.0303801733641
2.6 0.018428 9.63206802027 0.0295107077943
2.6 0.01897 9.35356866492 0.0286149841415
2.6 0.019512 9.02686156183 0.0274940006681
2.8 0.001084 39.9323175161 0.135189342671
2.8 0.001626 37.1526640437 0.126786884346
2.8 0.002168 35.88409738 0.121725425849
2.8 0.00271 34.5329123984 0.11563465583
2.8 0.003252 32.2936471052 0.107060842878
2.8 0.003794 31.2096954304 0.103137083735
2.8 0.004336 29.8071788398 0.098050574429
2.8 0.004878 28.3134344928 0.0924674658946
2.8 0.00542 27.2979190791 0.0887199994393
2.8 0.005962 26.0960390229 0.0845464925378
2.8 0.006504 24.7558479145 0.0800557069602
2.8 0.007046 23.9936433302 0.0777360893989
2.8 0.007588 23.304409154 0.0754293010913
2.8 0.00813 22.2741345764 0.0714194160894
2.8 0.008672 21.6311624218 0.0689904836297
2.8 0.009214 20.7611320665 0.0660867915368
2.8 0.009756 20.1275854929 0.0631671712914
2.8 0.010298 19.2407207469 0.0610830240794
2.8 0.01084 18.8175540293 0.0584902282103
2.8 0.011382 18.0894542658 0.0567373005267
2.8 0.011924 17.5018708678 0.0543688663179
2.8 0.012466 16.827481149 0.052307925912
2.8 0.013008 16.2823002257 0.0505667672285
2.8 0.01355 15.7784156121 0.0484121911415
2.8 0.014092 15.2848794949 0.0471410579543
2.8 0.014634 14.8125728705 0.0453945279716
2.8 0.015176 14.3913080146 0.0441592339639
2.8 0.015718 13.9164644036 0.0423862183205
2.8 0.01626 13.4386459577 0.0408356486582
2.8 0.016802 13.0740204579 0.0396875124586
2.8 0.017344 12.7121651219 0.0383965976224
2.8 0.017886 12.3174255673 0.0369825489694
2.8 0.018428 11.9636112177 0.035787964019
2.8 0.01897 11.5685179884 0.0345976467899
2.8 0.019512 11.1730794768 0.0334200575772
3.0 0.001084 48.9002635154 0.16563345968
3.0 0.001626 45.5427777409 0.154907242686
3.0 0.002168 43.889173188 0.149147239449
3.0 0.00271 42.0314413557 0.140503213252
3.0 0.003252 39.0185294646 0.128934546893
3.0 0.003794 38.1076257185 0.125621423131
3.0 0.004336 35.9590274548 0.118176905597
3.0 0.004878 34.261257056 0.111715235358
3.0 0.00542 33.1005647268 0.107555547779
3.0 0.005962 31.4040663261 0.101394995061
3.0 0.006504 29.8629304713 0.0956908355946
3.0 0.007046 29.2974498435 0.0943737605064
3.0 0.007588 28.010205063 0.0898428681086
3.0 0.00813 27.0156595635 0.0859254800867
3.0 0.008672 26.0205612699 0.0825615399752
3.0 0.009214 25.1555863415 0.0788614201658
3.0 0.009756 24.1272065022 0.0757300752331
3.0 0.010298 23.3713597289 0.0730548326822
3.0 0.01084 22.6710468489 0.0703976222763
3.0 0.011382 21.8069189844 0.0674497473774
3.0 0.011924 21.0750707328 0.0647320747238
3.0 0.012466 20.4048284811 0.062707139207
3.0 0.013008 19.7785373102 0.0604410639722
3.0 0.01355 19.1647789188 0.058093004892
3.0 0.014092 18.5204117813 0.0560798678315
3.0 0.014634 17.953815779 0.0542021781035
3.0 0.015176 17.4343572765 0.0526742173549
3.0 0.015718 16.8285712357 0.0504784348312
3.0 0.01626 16.3254832248 0.0490151906749
3.0 0.016802 15.887491316 0.0475036688583
3.0 0.017344 15.3970817708 0.0458795651476
3.0 0.017886 15.0314371442 0.0444872432582
3.0 0.018428 14.5760935216 0.0429549494417
3.0 0.01897 14.0581021958 0.0414946024765
3.0 0.019512 13.7449350469 0.040249932574
3.2 0.001084 59.1766353908 0.202328836427
3.2 0.001626 55.1067518959 0.188427943393
3.2 0.002168 52.941503176 0.182031845167
3.2 0.00271 50.4086327447 0.168807196662
3.2 0.003252 46.5325106163 0.154311633409
3.2 0.003794 45.9051631904 0.151854846327
3.2 0.004336 42.822261018 0.141632670159
3.2 0.004878 41.0134151427 0.134480174052
3.2 0.00542 39.5683185049 0.129059551532
3.2 0.005962 37.311706589 0.120790128263
3.2 0.006504 35.4962324019 0.113381203164
3.2 0.007046 35.2517478864 0.11369529911
3.2 0.007588 33.129616175 0.10589055228
3.2 0.00813 32.2979157088 0.102508248013
3.2 0.008672 30.8394789311 0.0975058957449
3.2 0.009214 30.0903422836 0.0939238324872
3.2 0.009756 28.527762684 0.0896988951305
3.2 0.010298 28.0097661112 0.0867627724214
3.2 0.01084 26.873716175 0.0832124463047
3.2 0.011382 25.8830626399 0.0792786742272
3.2 0.011924 25.1997556046 0.0770272965102
3.2 0.012466 24.3697551476 0.0746893648691
3.2 0.013008 23.7104855248 0.0712718460781
3.2 0.01355 22.9039915692 0.0691645109024
3.2 0.014092 22.0601791842 0.0661179490333
3.2 0.014634 21.5174482422 0.064742426875
3.2 0.015176 20.7949472594 0.0620217398754
3.2 0.015718 20.1348431147 0.0604267393972
3.2 0.01626 19.5729104068 0.0580812936727
3.2 0.016802 18.9959758509 0.0561420957261
3.2 0.017344 18.61914076 0.054625410546
3.2 0.017886 18.0773835924 0.0526727194481
3.2 0.018428 17.4445350416 0.0509080911775
3.2 0.01897 17.0453343732 0.0492213689091
3.2 0.019512 16.5762133267 0.0480014181067
3.4 0.001084 71.5635067404 0.246435309037
3.4 0.001626 66.5903273196 0.229863762868
3.4 0.002168 63.4812558392 0.219998378166
3.4 0.00271 60.1258930217 0.20261199681
3.4 0.003252 55.9639725505 0.186847072502
3.4 0.003794 54.7431644858 0.182178088522
3.4 0.004336 51.173515527 0.170282215265
3.4 0.004878 49.0909477728 0.161864991981
3.4 0.00542 46.9413658105 0.153456211427
3.4 0.005962 44.3104694704 0.143898670101
3.4 0.006504 42.5232653572 0.136718626965
3.4 0.007046 41.5903627569 0.134121960656
3.4 0.007588 39.4787091501 0.126384190621
3.4 0.00813 38.2405303627 0.12151017402
3.4 0.008672 36.7248581324 0.115883297411
3.4 0.009214 35.5648004509 0.11141857207
3.4 0.009756 34.1156966901 0.10620929173
3.4 0.010298 33.1611529471 0.102568832689
3.4 0.01084 31.8216520174 0.0980008213949
3.4 0.011382 30.7462105737 0.0939442499295
3.4 0.011924 29.905859041 0.0913580551163
3.4 0.012466 28.9831692796 0.087838727431
3.4 0.013008 28.1251992394 0.0846045010467
3.4 0.01355 27.125644486 0.0814749313808
3.4 0.014092 26.280435669 0.0787016346942
3.4 0.014634 25.4819642976 0.076141006601
3.4 0.015176 24.6834100368 0.0735261732033
3.4 0.015718 24.0291502584 0.0712014374446
3.4 0.01626 23.3576343404 0.0686757207352
3.4 0.016802 22.8384327539 0.0665829806613
3.4 0.017344 22.2370628716 0.064355576628
3.4 0.017886 21.4652305564 0.0620010373749
3.4 0.018428 20.8769994829 0.0601412431056
3.4 0.01897 20.2821064136 0.0581528380417
3.4 0.019512 19.744214853 0.0565855103023
3.6 0.001084 86.4063263801 0.300312983071
3.6 0.001626 80.3361146587 0.280429459952
3.6 0.002168 76.0721079677 0.265359597931
3.6 0.00271 71.681796063 0.243431678188
3.6 0.003252 67.2969494934 0.226463867782
3.6 0.003794 65.1017514951 0.218801551934
3.6 0.004336 61.1015644312 0.204804427676
3.6 0.004878 58.5176532136 0.194127114218
3.6 0.00542 55.5676268422 0.182732366136
3.6 0.005962 52.501609931 0.171465620142
3.6 0.006504 50.8566709118 0.165196248011
3.6 0.007046 49.0052916716 0.15853049403
3.6 0.007588 46.9727096213 0.150367847579
3.6 0.00813 45.2036098493 0.143950360849
3.6 0.008672 43.8213336437 0.138762632283
3.6 0.009214 42.0922151328 0.131808645825
3.6 0.009756 40.6521824939 0.126367511855
3.6 0.010298 39.2765300517 0.121852395191
3.6 0.01084 37.4628087052 0.115073322138
3.6 0.011382 36.6165947274 0.11181470479
3.6 0.011924 35.3570723827 0.10802902193
3.6 0.012466 34.4871954985 0.10366821868
3.6 0.013008 33.3311608419 0.100924378363
3.6 0.01355 32.1169866101 0.0955977530085
3.6 0.014092 31.1803650337 0.0932827818937
3.6 0.014634 30.1593975436 0.0896677880808
3.6 0.015176 29.4042182867 0.0870105075631
3.6 0.015718 28.6662553222 0.0841520454311
3.6 0.01626 27.8503803448 0.080941473201
3.6 0.016802 27.199039063 0.0783660888879
3.6 0.017344 26.3298366233 0.0757286757614
3.6 0.017886 25.5542351205 0.0732525748333
3.6 0.018428 24.8522299821 0.0709883274316
3.6 0.01897 24.1260972259 0.0685486851242
3.6 0.019512 23.5021445305 0.0666767776039
3.8 0.001084 103.895455484 0.366596850079
3.8 0.001626 96.3837664241 0.34222887975
3.8 0.002168 90.6933763475 0.320218700116
3.8 0.00271 85.3122815035 0.2933832228
3.8 0.003252 80.7597915559 0.2749103699
3.8 0.003794 77.4445431836 0.263061973388
3.8 0.004336 73.1515014529 0.246976071293
3.8 0.004878 69.8791551641 0.233388348258
3.8 0.00542 66.0179099815 0.218985146116
3.8 0.005962 62.4522143544 0.205541631934
3.8 0.006504 60.8886676045 0.199930127714
3.8 0.007046 57.8378202741 0.187809077377
3.8 0.007588 56.0567424618 0.179703308966
3.8 0.00813 53.6612707324 0.171961428271
3.8 0.008672 52.4033548545 0.166952014587
3.8 0.009214 50.0466214343 0.1566919507
3.8 0.009756 48.3051846402 0.150936688883
3.8 0.010298 46.5527290842 0.144875745728
3.8 0.01084 44.5316684729 0.136981871763
3.8 0.011382 43.5280027224 0.132969623184
3.8 0.011924 42.1055041036 0.128243114627
3.8 0.012466 40.9751113779 0.124092599036
3.8 0.013008 39.6235009127 0.119048368519
3.8 0.01355 38.2773635077 0.114157694353
3.8 0.014092 37.0202788663 0.109963001574
3.8 0.014634 36.0421701549 0.106461431381
3.8 0.015176 35.1650419038 0.103165403903
3.8 0.015718 34.1147818754 0.0992065635201
3.8 0.01626 33.15950931 0.0954276172202
3.8 0.016802 32.2811328913 0.0930365581189
3.8 0.017344 31.275509142 0.0892759122708
3.8 0.017886 30.6080038527 0.0875215614634
3.8 0.018428 29.4017284374 0.0830856168929
3.8 0.01897 28.8251689855 0.0814713923544
3.8 0.019512 27.9642388755 0.0783237955603
4.0 0.001084 126.104208201 0.448446690376
4.0 0.001626 116.816954853 0.418669028974
4.0 0.002168 109.384822952 0.388132282785
4.0 0.00271 102.678268767 0.355734324036
4.0 0.003252 97.6454140629 0.335137821633
4.0 0.003794 92.8812125011 0.318027717419
4.0 0.004336 88.1423896219 0.299860730393
4.0 0.004878 83.7962797685 0.281891993564
4.0 0.00542 78.9846337432 0.264535013072
4.0 0.005962 74.7898823795 0.247756910965
4.0 0.006504 73.1965206375 0.242399448193
4.0 0.007046 68.9073057485 0.224367813641
4.0 0.007588 67.0575524287 0.216360116036
4.0 0.00813 64.4047723078 0.207864829892
4.0 0.008672 62.5269801356 0.199701152151
4.0 0.009214 59.8983568002 0.18880434705
4.0 0.009756 57.7438442034 0.181380340898
4.0 0.010298 55.2891533763 0.172421625604
4.0 0.01084 53.5856792236 0.164563103814
4.0 0.011382 51.8331739202 0.158792462214
4.0 0.011924 50.4386320923 0.154029443711
4.0 0.012466 48.9998734159 0.148430721541
4.0 0.013008 47.39311828 0.141547788297
4.0 0.01355 45.6337680285 0.136313296639
4.0 0.014092 44.312107592 0.131193129479
4.0 0.014634 43.1888177118 0.127267978686
4.0 0.015176 42.0046872239 0.12246272955
4.0 0.015718 40.7394516074 0.11758573397
4.0 0.01626 39.644903272 0.114167726923
4.0 0.016802 38.5766657713 0.110712687297
4.0 0.017344 37.5848416158 0.107142185933
4.0 0.017886 36.2264593247 0.102551326527
4.0 0.018428 35.3251267638 0.100060585895
4.0 0.01897 34.4364372898 0.0963420008774
4.0 0.019512 33.2404882271 0.0924381145505
4.2 0.001084 151.729724675 0.550637619231
4.2 0.001626 140.34146096 0.513037942122
4.2 0.002168 131.092988208 0.47265331201
4.2 0.00271 123.01761169 0.433328139002
4.2 0.003252 117.54998426 0.409885833611
4.2 0.003794 111.251182822 0.385973539576
4.2 0.004336 106.150841429 0.365412183143
4.2 0.004878 100.440439409 0.341468037998
4.2 0.00542 94.5589938875 0.320517747096
4.2 0.005962 90.1197441817 0.301676388078
4.2 0.006504 87.1968365972 0.290835582656
4.2 0.007046 82.825258948 0.271599587922
4.2 0.007588 80.1598739392 0.261676881453
4.2 0.00813 77.4784846993 0.252102258805
4.2 0.008672 74.8713400917 0.240028780185
4.2 0.009214 71.5547561664 0.22712700506
4.2 0.009756 69.3950180413 0.219363147895
4.2 0.010298 65.742678461 0.206535200389
4.2 0.01084 64.5096191318 0.198243797429
4.2 0.011382 62.0555442851 0.191504156057
4.2 0.011924 60.5561684365 0.185689740311
4.2 0.012466 58.7791474271 0.177579484005
4.2 0.013008 56.6572817828 0.170201143166
4.2 0.01355 54.7332067837 0.163547442034
4.2 0.014092 53.2575375143 0.158130057986
4.2 0.014634 51.7740210017 0.15228527573
4.2 0.015176 50.2985132228 0.146108441085
4.2 0.015718 48.748688004 0.140233256837
4.2 0.01626 47.5668720681 0.137646129406
4.2 0.016802 46.2513493968 0.132335018901
4.2 0.017344 44.8882136948 0.127706621629
4.2 0.017886 43.4018108728 0.123136892016
4.2 0.018428 42.4096266287 0.119297245514
4.2 0.01897 41.1000652954 0.114388827164
4.2 0.019512 40.1872709059 0.110514313589
4.4 0.001084 183.238808938 0.677303055993
4.4 0.001626 169.281761463 0.629311858715
4.4 0.002168 157.997457978 0.577565863478
4.4 0.00271 148.208092959 0.529456139299
4.4 0.003252 142.09264478 0.502638557873
4.4 0.003794 133.653792964 0.469528380616
4.4 0.004336 128.320913087 0.4471103974
4.4 0.004878 120.659760036 0.415436032184
4.4 0.00542 113.63780925 0.389232062417
4.4 0.005962 108.958945089 0.369552278274
4.4 0.006504 104.314834364 0.350771916077
4.4 0.007046 99.9366789304 0.330823510377
4.4 0.007588 96.3663751226 0.318001869053
4.4 0.00813 93.645889173 0.306123330424
4.4 0.008672 90.1728746859 0.290870345088
4.4 0.009214 86.0256834657 0.274732673476
4.4 0.009756 83.362466 0.265689412486
4.4 0.010298 79.5371942127 0.250213385753
4.4 0.01084 77.3911100818 0.240606245488
4.4 0.011382 74.8818155135 0.233005370595
4.4 0.011924 72.9490320003 0.223983966797
4.4 0.012466 70.827289309 0.214380295274
4.4 0.013008 67.8977417994 0.205890503525
4.4 0.01355 66.0435699212 0.197334408686
4.4 0.014092 64.1943166372 0.190900752245
4.4 0.014634 62.3238507574 0.183127630201
4.4 0.015176 60.4676097919 0.175801190554
4.4 0.015718 58.7780722029 0.17084563394
4.4 0.01626 57.1988150743 0.165050358578
4.4 0.016802 55.706675042 0.159259567956
4.4 0.017344 53.7500401132 0.15276982693
4.4 0.017886 52.4168229434 0.148371800572
4.4 0.018428 51.0306343874 0.142274681937
4.4 0.01897 49.5646482783 0.137271056687
4.4 0.019512 48.4546537737 0.132682662077
4.6 0.001084 220.040269344 0.832597506955
4.6 0.001626 203.128212953 0.770584630765
4.6 0.002168 189.634233785 0.706218304272
4.6 0.00271 178.062859187 0.647172715461
4.6 0.003252 171.344113583 0.616530114221
4.6 0.003794 160.295905956 0.571982435048
4.6 0.004336 154.445441024 0.545643435535
4.6 0.004878 144.67687598 0.505744030981
4.6 0.00542 136.571844405 0.473452271871
4.6 0.005962 131.398196949 0.452579093734
4.6 0.006504 124.863432638 0.424010104746
4.6 0.007046 120.62092765 0.403560071241
4.6 0.007588 116.059496039 0.38680027875
4.6 0.00813 113.050653299 0.371572410923
4.6 0.008672 108.423912192 0.3526866055
4.6 0.009214 104.144580474 0.336090776339
4.6 0.009756 99.8799802792 0.320680145935
4.6 0.010298 96.3474639279 0.30373941985
4.6 0.01084 93.1712855345 0.293732504952
4.6 0.011382 90.229539422 0.282825045179
4.6 0.011924 87.9764953725 0.271185104883
4.6 0.012466 85.185872124 0.26017542393
4.6 0.013008 82.0127668905 0.249048943186
4.6 0.01355 79.8194934495 0.239455469052
4.6 0.014092 77.5169261349 0.230737062051
4.6 0.014634 75.2526611693 0.220440522816
4.6 0.015176 72.9966788991 0.213712404576
4.6 0.015718 71.0276994583 0.206974293152
4.6 0.01626 69.10505854 0.198798709243
4.6 0.016802 67.1252626237 0.191915536894
4.6 0.017344 65.0690124618 0.184747204555
4.6 0.017886 63.295683211 0.177539052416
4.6 0.018428 61.5059158551 0.171589788832
4.6 0.01897 59.9621778353 0.164430580668
4.6 0.019512 58.4772920871 0.159959122805
