2.2 0.184924702397 16243.9443878 1.343338
2.4 0.231425921518 16556.6333094 1.33508144964
2.6 0.285929695332 16332.6468488 1.33295456695
2.8 0.349252333224 15684.561317 1.32796367103
3.0 0.422242531447 14501.9293463 1.31907791994
3.2 0.505780851386 13334.0793501 1.31247353543
3.4 0.600779232412 12215.1081928 1.30325348387
3.6 0.708180535481 11110.9009596 1.29145218435
3.8 0.828958114192 10165.6551189 1.27993617253
4.0 0.9641154105 9494.59003787 1.26841995894
4.2 1.1146855727 9038.45679586 1.25986642496
4.4 1.28173109358 8697.74817208 1.25043491204
4.6 1.46634346696 8234.44933035 1.24723857846
