2.2 0.184924702397 16165.7697377 1.34004272411
2.4 0.231425921518 16535.1627114 1.33254375284
2.6 0.285929695332 16307.3085027 1.33051832149
2.8 0.349252333224 15632.9907918 1.32374406145
3.0 0.422242531447 14527.2841143 1.32046823709
3.2 0.505780851386 13329.2237562 1.31044733646
3.4 0.600779232412 12203.7570208 1.30164594764
3.6 0.708180535481 11106.523301 1.28986782573
3.8 0.828958114192 10164.2879132 1.27858128634
4.0 0.9641154105 9500.61308563 1.26888053239
4.2 1.1146855727 9047.65052808 1.25922977889
4.4 1.28173109358 8715.09223624 1.25162569395
4.6 1.46634346696 8235.38088543 1.24615380019
