2.2 0.332864464315 16189.774516 1.34056162614
2.4 0.416566658733 16571.7055101 1.33714124263
2.6 0.514673451598 16311.3607648 1.33225719179
2.8 0.628654199803 15655.55055 1.32685271533
3.0 0.760036556605 14527.2129895 1.32190569864
3.2 0.910405532495 13337.4980266 1.31319710467
3.4 1.08140261834 12210.8015401 1.30312748228
3.6 1.27472496387 11129.5836502 1.29413115926
3.8 1.49212460555 10152.8848408 1.27929593
4.0 1.7354077389 9496.25936179 1.27016006694
4.2 2.00643403086 9034.7936689 1.25983585301
4.4 2.30711596845 8717.55511112 1.25348587575
4.6 2.63941824052 8229.78322556 1.24780384798
