2.2 0.001084 17.4903161014 0.0628442008665
2.2 0.001626 16.6413552763 0.0597444233414
2.2 0.002168 16.229329521 0.0580713993011
2.2 0.00271 15.9836057991 0.0567853854729
2.2 0.003252 15.3966749581 0.0540174384458
2.2 0.003794 14.5737795216 0.0504119959602
2.2 0.004336 14.2023788323 0.0490454990942
2.2 0.004878 13.6754906861 0.0469821541456
2.2 0.00542 13.1708324715 0.0447100743858
2.2 0.005962 12.776153659 0.0436329534722
2.2 0.006504 12.2592990211 0.041747306452
2.2 0.007046 11.74873519 0.0398922171796
2.2 0.007588 11.3222107219 0.0384725478241
2.2 0.00813 10.9334793621 0.0372084097798
2.2 0.008672 10.5652405528 0.0359475181751
2.2 0.009214 10.3220104968 0.0349202923716
2.2 0.009756 9.87785008966 0.0334898669553
2.2 0.010298 9.64961799264 0.0324500062971
2.2 0.01084 9.31906193087 0.0313659025868
2.2 0.011382 9.01646945747 0.0302434882871
2.2 0.011924 8.78080593066 0.0292547793697
2.2 0.012466 8.54011088622 0.0283998561387
2.2 0.013008 8.24713759723 0.0274821020469
2.2 0.01355 7.95849515179 0.0264524862199
2.2 0.014092 7.74599244956 0.025708190881
2.2 0.014634 7.4763081158 0.0248698976863
2.2 0.015176 7.26240116743 0.0242244458895
2.2 0.015718 7.05449105923 0.0233687015366
2.2 0.01626 6.86692396876 0.0226840370815
2.2 0.016802 6.69948023998 0.0220731698081
2.2 0.017344 6.51276279789 0.0213858821779
2.2 0.017886 6.30957693045 0.0206225521332
2.2 0.018428 6.13763829954 0.0199323879455
2.2 0.01897 5.96668487424 0.0194609339164
2.2 0.019512 5.79693868538 0.0187383849911
2.4 0.001084 22.8330115632 0.0811656890221
2.4 0.001626 21.6947054164 0.0775765388116
2.4 0.002168 21.2317728135 0.0754977986729
2.4 0.00271 20.8707680046 0.0733612951144
2.4 0.003252 19.9399974397 0.0691721972878
2.4 0.003794 18.9963836248 0.0653105034143
2.4 0.004336 18.5272420616 0.0635097457665
2.4 0.004878 17.742568456 0.0601829075884
2.4 0.00542 17.1183913056 0.0575559915742
2.4 0.005962 16.7063296283 0.0565126075133
2.4 0.006504 15.9172164958 0.053698499487
2.4 0.007046 15.269700095 0.0514126908714
2.4 0.007588 14.8275944419 0.049841227616
2.4 0.00813 14.2630493426 0.0477310231776
2.4 0.008672 13.8617356924 0.0461290991927
2.4 0.009214 13.4185366262 0.0446382222832
2.4 0.009756 12.9398399938 0.0429347107337
2.4 0.010298 12.5793955887 0.0414741793873
2.4 0.01084 12.1359926378 0.0400971984739
2.4 0.011382 11.8197593964 0.0385189203956
2.4 0.011924 11.5102657632 0.0375665720437
2.4 0.012466 11.1248384646 0.0366131241396
2.4 0.013008 10.7396168706 0.0350954130505
2.4 0.01355 10.3916192118 0.0338969593481
2.4 0.014092 10.0572814678 0.0326697946829
2.4 0.014634 9.73455362405 0.0316821894951
2.4 0.015176 9.47646508201 0.0307777221991
2.4 0.015718 9.24055180615 0.0298626347704
2.4 0.01626 8.97877816751 0.0289831980358
2.4 0.016802 8.72893628104 0.0280472513259
2.4 0.017344 8.45318934082 0.0271396012031
2.4 0.017886 8.19885152415 0.0262684244691
2.4 0.018428 8.00584007843 0.0254897641978
2.4 0.01897 7.77169481691 0.0246495158467
2.4 0.019512 7.56310046985 0.0240796441449
2.6 0.001084 29.2460152984 0.102789330257
2.6 0.001626 27.7474758991 0.0980017078582
2.6 0.002168 27.1617539606 0.0954394070482
2.6 0.00271 26.5707097359 0.0922171261689
2.6 0.003252 25.2537233331 0.0864864132845
2.6 0.003794 24.3694792072 0.0830707104739
2.6 0.004336 23.5995188826 0.0799105112966
2.6 0.004878 22.5125047661 0.0753400475151
2.6 0.00542 21.7832138953 0.0726505750906
2.6 0.005962 21.0990986266 0.0702931593644
2.6 0.006504 20.0367719753 0.0665997697923
2.6 0.007046 19.2485462897 0.0639336199301
2.6 0.007588 18.8802374118 0.0627929252043
2.6 0.00813 18.0177484772 0.0594629437788
2.6 0.008672 17.6350575259 0.0577906931706
2.6 0.009214 16.9183357249 0.0555714798464
2.6 0.009756 16.4677392741 0.053344014313
2.6 0.010298 15.841361918 0.0517120941056
2.6 0.01084 15.400587938 0.0497309468349
2.6 0.011382 14.991643304 0.0482625995016
2.6 0.011924 14.5310573044 0.0468482108198
2.6 0.012466 14.0424889988 0.0450610162617
2.6 0.013008 13.575088541 0.0433929613506
2.6 0.01355 13.1647908302 0.0419175215006
2.6 0.014092 12.7526094821 0.0404527178843
2.6 0.014634 12.387142865 0.0394618559078
2.6 0.015176 12.1050930339 0.0384009960943
2.6 0.015718 11.7650481629 0.0372874855022
2.6 0.01626 11.3934785464 0.0358303470222
2.6 0.016802 11.0292278772 0.034679242406
2.6 0.017344 10.7602513754 0.033746924119
2.6 0.017886 10.4542722198 0.0323806879274
2.6 0.018428 10.1736633175 0.0316009663732
2.6 0.01897 9.90467901359 0.0307891623956
2.6 0.019512 9.58503094086 0.029716464783
2.8 0.001084 36.5044968678 0.127891388832
2.8 0.001626 34.6127396784 0.121563855569
2.8 0.002168 33.9326795918 0.118725462716
2.8 0.00271 32.9742483033 0.11367675047
2.8 0.003252 31.1140986517 0.105705305294
2.8 0.003794 30.3859311194 0.103035573946
2.8 0.004336 29.1648244433 0.0980934220259
2.8 0.004878 27.8191801201 0.092727327219
2.8 0.00542 27.0058545483 0.0897562765146
2.8 0.005962 25.9335848969 0.0859831536581
2.8 0.006504 24.6635553268 0.0814351539039
2.8 0.007046 23.9999824693 0.0792367830954
2.8 0.007588 23.380118259 0.0772649348064
2.8 0.00813 22.3515633208 0.0732344457225
2.8 0.008672 21.7220785845 0.0706167412677
2.8 0.009214 20.9355647606 0.0680266701933
2.8 0.009756 20.3556605808 0.0652651318535
2.8 0.010298 19.5503861306 0.0633458168958
2.8 0.01084 19.1564981286 0.0607608897149
2.8 0.011382 18.4822865987 0.0590981080793
2.8 0.011924 17.9033870221 0.0565572052707
2.8 0.012466 17.2778931467 0.0544056422696
2.8 0.013008 16.7738415586 0.0529712815342
2.8 0.01355 16.2645361932 0.0506753614958
2.8 0.014092 15.7810585825 0.0492007561098
2.8 0.014634 15.3740391247 0.0479106697671
2.8 0.015176 14.9656132927 0.0466907085649
2.8 0.015718 14.5058748328 0.0448976695093
2.8 0.01626 14.0625465993 0.0434074689846
2.8 0.016802 13.7033586713 0.0421519112764
2.8 0.017344 13.351814855 0.0408118435915
2.8 0.017886 13.0271541119 0.0396945779802
2.8 0.018428 12.7153162637 0.0385749582353
2.8 0.01897 12.3002820459 0.0371704926251
2.8 0.019512 11.9048079567 0.0359608220484
3.0 0.001084 44.6187937095 0.15662476039
3.0 0.001626 42.2897538109 0.148487692472
3.0 0.002168 41.3559487281 0.145447816774
3.0 0.00271 40.1048542107 0.137944783867
3.0 0.003252 37.5975993035 0.127406400603
3.0 0.003794 37.1070103757 0.125744903091
3.0 0.004336 35.2135848655 0.118486304269
3.0 0.004878 33.7368166729 0.112589125085
3.0 0.00542 32.7555203169 0.109045201911
3.0 0.005962 31.1904591233 0.103172945355
3.0 0.006504 29.7484884849 0.0977595605209
3.0 0.007046 29.3030911322 0.0966326086412
3.0 0.007588 28.1252892699 0.0922675522554
3.0 0.00813 27.1720363694 0.0882356846469
3.0 0.008672 26.2698761475 0.0851520682917
3.0 0.009214 25.4698409512 0.0816030832129
3.0 0.009756 24.5294428236 0.0785590754143
3.0 0.010298 23.8400737218 0.0759174914443
3.0 0.01084 23.1791077276 0.0733554621107
3.0 0.011382 22.3405647533 0.070407519469
3.0 0.011924 21.6339242932 0.0676017749828
3.0 0.012466 21.0362244124 0.0656662940142
3.0 0.013008 20.4536823681 0.063455526653
3.0 0.01355 19.8295028284 0.0610474473909
3.0 0.014092 19.2103170078 0.059093631122
3.0 0.014634 18.6850731094 0.0573140553684
3.0 0.015176 18.1773327733 0.0557634973335
3.0 0.015718 17.6082292523 0.0537352300564
3.0 0.01626 17.1436058325 0.0522203242838
3.0 0.016802 16.709082983 0.0505006085516
3.0 0.017344 16.2895646069 0.0492139525
3.0 0.017886 15.9295017883 0.0477389179588
3.0 0.018428 15.4299865097 0.0460117286725
3.0 0.01897 14.9117475911 0.04445208921
3.0 0.019512 14.6242600426 0.0434135323397
3.2 0.001084 53.8103061843 0.190813871349
3.2 0.001626 50.9862132021 0.180599854654
3.2 0.002168 49.6709468685 0.176845834622
3.2 0.00271 47.9283907654 0.165463703049
3.2 0.003252 44.804506596 0.153018575138
3.2 0.003794 44.5480534265 0.15210089004
3.2 0.004336 41.8337737794 0.142050403798
3.2 0.004878 40.3282349714 0.135919189522
3.2 0.00542 39.0669680652 0.130869078148
3.2 0.005962 37.0240997042 0.123328426215
3.2 0.006504 35.3693668924 0.116013997265
3.2 0.007046 35.2773992624 0.116528378621
3.2 0.007588 33.3089855122 0.109031044184
3.2 0.00813 32.4986371847 0.105500876684
3.2 0.008672 31.2000321015 0.100950844216
3.2 0.009214 30.4692118833 0.0972621632849
3.2 0.009756 29.0346707813 0.0932980794155
3.2 0.010298 28.5544304032 0.0902746818818
3.2 0.01084 27.4539556046 0.0870912389132
3.2 0.011382 26.5245244106 0.0830622730934
3.2 0.011924 25.9116171358 0.0807706362492
3.2 0.012466 25.1978353025 0.0783397131511
3.2 0.013008 24.5651656193 0.0750262561537
3.2 0.01355 23.8039377423 0.0728669452252
3.2 0.014092 23.009244534 0.0702102517373
3.2 0.014634 22.4508362072 0.0683454503446
3.2 0.015176 21.6842914296 0.0658936392935
3.2 0.015718 21.1302293204 0.0642742373952
3.2 0.01626 20.529374757 0.0618616768966
3.2 0.016802 20.0166178493 0.0603475203724
3.2 0.017344 19.6239191942 0.0584006164405
3.2 0.017886 19.1249493229 0.056429758607
3.2 0.018428 18.4714156558 0.0546639560415
3.2 0.01897 18.0826300823 0.0529803716397
3.2 0.019512 17.6054594829 0.0516271011641
3.4 0.001084 64.6849681906 0.231893131944
3.4 0.001626 61.2371628612 0.219803094906
3.4 0.002168 59.2350609763 0.21339216295
3.4 0.00271 56.9184349653 0.198495233672
3.4 0.003252 53.6396953565 0.185323630941
3.4 0.003794 52.8800313479 0.182610908058
3.4 0.004336 49.7548164178 0.170814673448
3.4 0.004878 48.0186777393 0.163411142281
3.4 0.00542 46.1388712422 0.155482189131
3.4 0.005962 43.8512796014 0.146917656771
3.4 0.006504 42.3119958666 0.140062823667
3.4 0.007046 41.6150691343 0.137757996701
3.4 0.007588 39.6058834894 0.130185629954
3.4 0.00813 38.4669021965 0.12531611494
3.4 0.008672 37.0965260382 0.120243562001
3.4 0.009214 35.9995453997 0.115808748814
3.4 0.009756 34.6622653234 0.110963684211
3.4 0.010298 33.7470905963 0.107276603931
3.4 0.01084 32.4996464382 0.102768107591
3.4 0.011382 31.5228390778 0.0985340755585
3.4 0.011924 30.8194857406 0.0958874422762
3.4 0.012466 30.0404808348 0.0924951954398
3.4 0.013008 29.2685452941 0.0893637207586
3.4 0.01355 28.3105710227 0.0862150242439
3.4 0.014092 27.4717482601 0.0833854087284
3.4 0.014634 26.6286685619 0.0808123281522
3.4 0.015176 25.8470933272 0.0781264567405
3.4 0.015718 25.2202087927 0.0759137290432
3.4 0.01626 24.5616683665 0.073721057204
3.4 0.016802 24.0073597628 0.0713347733427
3.4 0.017344 23.4477805728 0.069131017291
3.4 0.017886 22.7261834641 0.066989004825
3.4 0.018428 22.1840747299 0.0649447901498
3.4 0.01897 21.5849025386 0.0625446573203
3.4 0.019512 21.1464627484 0.0613626028479
3.6 0.001084 77.7074164991 0.281854209937
3.6 0.001626 73.5063026804 0.267579230981
3.6 0.002168 70.5598381449 0.256448518494
3.6 0.00271 67.52967846 0.238515989248
3.6 0.003252 64.1795804958 0.22448867397
3.6 0.003794 62.5903583932 0.218454228648
3.6 0.004336 59.1908990511 0.205255774477
3.6 0.004878 57.0012206053 0.195782934774
3.6 0.00542 54.4939711748 0.185417479848
3.6 0.005962 51.8876553057 0.175120645509
3.6 0.006504 50.5312385785 0.169311621606
3.6 0.007046 48.8936786692 0.163062982056
3.6 0.007588 46.9974660059 0.15487271198
3.6 0.00813 45.4269178726 0.149064390131
3.6 0.008672 44.1605333108 0.144101719007
3.6 0.009214 42.5496069975 0.137412575915
3.6 0.009756 41.212557145 0.132065377023
3.6 0.010298 39.9781530539 0.127813220452
3.6 0.01084 38.3347040691 0.121177641796
3.6 0.011382 37.5656420357 0.117376293165
3.6 0.011924 36.5320388857 0.113647753208
3.6 0.012466 35.7852093911 0.109802349555
3.6 0.013008 34.7471414066 0.107137617287
3.6 0.01355 33.5542837528 0.101638893722
3.6 0.014092 32.5628822799 0.0990387438119
3.6 0.014634 31.546316783 0.0956043292001
3.6 0.015176 30.8688656319 0.0928715404559
3.6 0.015718 30.0944459596 0.0901706473446
3.6 0.01626 29.3303542619 0.0872374120899
3.6 0.016802 28.6346731205 0.0842759238712
3.6 0.017344 27.8295364122 0.0818619611055
3.6 0.017886 27.1009514086 0.0794811417923
3.6 0.018428 26.4347513476 0.0766211785721
3.6 0.01897 25.7711244875 0.074205738671
3.6 0.019512 25.2374830833 0.0726022827612
3.8 0.001084 92.7612010748 0.342961814724
3.8 0.001626 87.6333241929 0.325929806913
3.8 0.002168 83.6851881517 0.309109103061
3.8 0.00271 79.9609650988 0.287414853016
3.8 0.003252 76.6132466858 0.272051876468
3.8 0.003794 74.161195387 0.262240504227
3.8 0.004336 70.6044222895 0.247618263564
3.8 0.004878 67.8753354385 0.235588214833
3.8 0.00542 64.6264548275 0.222548925263
3.8 0.005962 61.5879870165 0.210124830428
3.8 0.006504 60.3520122097 0.204939897633
3.8 0.007046 57.6160068876 0.193573149201
3.8 0.007588 55.9890552114 0.185187472432
3.8 0.00813 53.9287074023 0.178780998876
3.8 0.008672 52.7475563944 0.173519676761
3.8 0.009214 50.5807365335 0.164055314341
3.8 0.009756 48.9110363267 0.157852637082
3.8 0.010298 47.4503228922 0.152367230614
3.8 0.01084 45.573023948 0.144488345204
3.8 0.011382 44.6641718593 0.1398822473
3.8 0.011924 43.4799398877 0.135445834341
3.8 0.012466 42.4920028225 0.131815904329
3.8 0.013008 41.2365315247 0.126744826003
3.8 0.01355 39.8944991561 0.12157070839
3.8 0.014092 38.6871337495 0.117493071068
3.8 0.014634 37.7933710352 0.114169738415
3.8 0.015176 36.8295798327 0.110547632908
3.8 0.015718 35.8668582635 0.107057248248
3.8 0.01626 34.8755149478 0.102963892431
3.8 0.016802 34.0548669556 0.100497668432
3.8 0.017344 33.1451619069 0.0971961593153
3.8 0.017886 32.4730129709 0.0944025885308
3.8 0.018428 31.4299509966 0.0901311418342
3.8 0.01897 30.8918260853 0.0888932241295
3.8 0.019512 30.0522168918 0.0856794615772
4.0 0.001084 111.99031787 0.418682186149
4.0 0.001626 105.674398427 0.397827879713
4.0 0.002168 100.469576344 0.373997089989
4.0 0.00271 95.7862909481 0.347713853316
4.0 0.003252 92.1673793824 0.330800676241
4.0 0.003794 88.5826335461 0.316628584771
4.0 0.004336 84.7124645941 0.300442098503
4.0 0.004878 81.1080569826 0.284592872425
4.0 0.00542 76.9545216091 0.268805176594
4.0 0.005962 73.4560859102 0.253386846222
4.0 0.006504 72.2207774514 0.248927006513
4.0 0.007046 68.4575858136 0.231755891999
4.0 0.007588 66.8465609342 0.223539491479
4.0 0.00813 64.5853401475 0.216235558087
4.0 0.008672 62.9054897445 0.208167965837
4.0 0.009214 60.4561158137 0.197628119258
4.0 0.009756 58.5026454634 0.190170561879
4.0 0.010298 56.3247480031 0.181757618419
4.0 0.01084 54.7603351127 0.173702746538
4.0 0.011382 53.2735514784 0.167677232671
4.0 0.011924 52.0215114525 0.163325145005
4.0 0.012466 50.824784661 0.158214715849
4.0 0.013008 49.2735108166 0.150923315357
4.0 0.01355 47.5802985052 0.1456309022
4.0 0.014092 46.3722341256 0.140728036523
4.0 0.014634 45.2809820466 0.137038535793
4.0 0.015176 44.0561772868 0.131881268712
4.0 0.015718 42.8306197676 0.127070622757
4.0 0.01626 41.7392846501 0.123410494425
4.0 0.016802 40.79001538 0.120290682083
4.0 0.017344 39.8286104899 0.116149547652
4.0 0.017886 38.6408031901 0.111490654079
4.0 0.018428 37.820600859 0.109246413424
4.0 0.01897 36.8909441493 0.10523270078
4.0 0.019512 35.9017176932 0.101868377481
4.2 0.001084 133.842536837 0.512825254719
4.2 0.001626 126.116801891 0.486750425423
4.2 0.002168 119.663205575 0.454643947283
4.2 0.00271 114.070903288 0.422632776133
4.2 0.003252 110.295655223 0.403740001745
4.2 0.003794 105.553618658 0.38343217381
4.2 0.004336 101.510302419 0.365440204524
4.2 0.004878 96.8850314482 0.344561236815
4.2 0.00542 91.8052397776 0.325620584883
4.2 0.005962 88.2094167675 0.309090254569
4.2 0.006504 85.7115210757 0.29892565785
4.2 0.007046 82.0171785206 0.280734424389
4.2 0.007588 79.7478282587 0.271288554728
4.2 0.00813 77.4970256004 0.26219495087
4.2 0.008672 75.1912472974 0.250955875216
4.2 0.009214 72.1381956122 0.23864141088
4.2 0.009756 70.2151014493 0.230910623447
4.2 0.010298 66.8812141854 0.218279949347
4.2 0.01084 65.752037754 0.209452079461
4.2 0.011382 63.7281811985 0.203135310717
4.2 0.011924 62.3935757138 0.197615110584
4.2 0.012466 60.8977031892 0.189826841873
4.2 0.013008 58.907311093 0.182058159603
4.2 0.01355 57.1112296465 0.175223024705
4.2 0.014092 55.777087369 0.170430348665
4.2 0.014634 54.299241688 0.164354207979
4.2 0.015176 52.832698563 0.158003953013
4.2 0.015718 51.2981839851 0.1521907434
4.2 0.01626 50.1791020574 0.149250834092
4.2 0.016802 49.0066981229 0.144351555375
4.2 0.017344 47.6808431398 0.138807341961
4.2 0.017886 46.3952690455 0.134602419944
4.2 0.018428 45.4015339204 0.130571858759
4.2 0.01897 44.3148566657 0.126102557734
4.2 0.019512 43.38176201 0.122084231969
4.4 0.001084 160.728388157 0.629232684939
4.4 0.001626 151.289735878 0.595902509746
4.4 0.002168 143.468448963 0.554976963123
4.4 0.00271 136.67169217 0.515597483699
4.4 0.003252 132.644997243 0.494301715172
4.4 0.003794 126.192401763 0.465962845907
4.4 0.004336 122.130488064 0.446568360665
4.4 0.004878 115.938749609 0.41915605298
4.4 0.00542 110.011203962 0.395654106848
4.4 0.005962 106.153234515 0.378448195933
4.4 0.006504 102.170871221 0.360909283938
4.4 0.007046 98.4968849822 0.342287106903
4.4 0.007588 95.4225505078 0.329635409246
4.4 0.00813 93.2045926812 0.318343160833
4.4 0.008672 90.1771396802 0.304618164245
4.4 0.009214 86.4725901718 0.289299904287
4.4 0.009756 84.1525244764 0.280232776607
4.4 0.010298 80.6325344249 0.264517528521
4.4 0.01084 78.7918799697 0.254833107648
4.4 0.011382 76.7022937385 0.247814417073
4.4 0.011924 75.0988922162 0.239295610795
4.4 0.012466 73.2297852571 0.229549491278
4.4 0.013008 70.5161487737 0.22070842862
4.4 0.01355 68.8951160378 0.212141512861
4.4 0.014092 67.209231392 0.206394411653
4.4 0.014634 65.3262350341 0.197978124235
4.4 0.015176 63.4944938369 0.190691923617
4.4 0.015718 61.8777963323 0.185804139653
4.4 0.01626 60.3896466778 0.180162823781
4.4 0.016802 58.9299157762 0.173507504302
4.4 0.017344 57.215432 0.167250316517
4.4 0.017886 55.9756200855 0.162765521856
4.4 0.018428 54.6821740865 0.156379751233
4.4 0.01897 53.5189803654 0.151896843752
4.4 0.019512 52.3648413647 0.146566404998
4.6 0.001084 192.17671965 0.771790242873
4.6 0.001626 180.779440333 0.728077428592
4.6 0.002168 171.546430934 0.677591845575
4.6 0.00271 163.498293743 0.629483218948
4.6 0.003252 159.325336922 0.606067409556
4.6 0.003794 150.6432183 0.567157061487
4.6 0.004336 146.31316422 0.544970184554
4.6 0.004878 138.346232603 0.509735221166
4.6 0.00542 131.660145364 0.481472020601
4.6 0.005962 127.373437757 0.462978672765
4.6 0.006504 121.864549079 0.436571467418
4.6 0.007046 118.40288453 0.418062408377
4.6 0.007588 114.490388805 0.400751741073
4.6 0.00813 112.092528277 0.387288486093
4.6 0.008672 108.045549477 0.369596095519
4.6 0.009214 104.269839089 0.353859628016
4.6 0.009756 100.488006801 0.338645577126
4.6 0.010298 97.2471705584 0.321076071518
4.6 0.01084 94.6365920511 0.311870989504
4.6 0.011382 92.1410150028 0.301149375941
4.6 0.011924 90.3664843857 0.290574688658
4.6 0.012466 87.9049563953 0.278928440729
4.6 0.013008 85.0674704019 0.267385498757
4.6 0.01355 83.1452287336 0.258397458035
4.6 0.014092 80.8970882524 0.249313298597
4.6 0.014634 78.6039569261 0.238737881015
4.6 0.015176 76.5373110681 0.233021638849
4.6 0.015718 74.6215424759 0.225655652781
4.6 0.01626 72.8472803671 0.217673381576
4.6 0.016802 71.0606204233 0.210311337779
4.6 0.017344 69.2653549803 0.203102622143
4.6 0.017886 67.5034190626 0.195021142802
4.6 0.018428 66.166706996 0.189517362595
4.6 0.01897 64.5893705402 0.181906791998
4.6 0.019512 63.3796775242 0.177085547996
