2.2 0.001084 18.615280497 0.0663531113334
2.2 0.001626 17.3926395431 0.0618093205671
2.2 0.002168 16.7077448365 0.0589344571583
2.2 0.00271 16.3312133754 0.0572589955268
2.2 0.003252 15.7102436543 0.0546262170684
2.2 0.003794 14.8293066045 0.0509401516839
2.2 0.004336 14.3344030428 0.0494034004086
2.2 0.004878 13.8215151445 0.0475280249496
2.2 0.00542 13.2416162969 0.0447290238311
2.2 0.005962 12.7656807728 0.0432247869989
2.2 0.006504 12.289563272 0.0415292700493
2.2 0.007046 11.7629914781 0.039545620766
2.2 0.007588 11.2708040366 0.0377011371618
2.2 0.00813 10.8460747748 0.0363117995619
2.2 0.008672 10.4610778345 0.0352938462914
2.2 0.009214 10.1828172312 0.0341772256757
2.2 0.009756 9.72741668849 0.0322570607376
2.2 0.010298 9.54501448075 0.0316137790014
2.2 0.01084 9.16983739097 0.0303819774036
2.2 0.011382 8.88085691499 0.0293640411266
2.2 0.011924 8.60172737089 0.0283456321483
2.2 0.012466 8.3466250565 0.0274993447623
2.2 0.013008 8.08933434848 0.026758365454
2.2 0.01355 7.76984515341 0.0257470314413
2.2 0.014092 7.5845490447 0.0249297902159
2.2 0.014634 7.30090414574 0.0240182507272
2.2 0.015176 7.11725231701 0.023502113371
2.2 0.015718 6.91087239299 0.0226876123914
2.2 0.01626 6.71533156615 0.0218446635107
2.2 0.016802 6.57105058401 0.0213507494708
2.2 0.017344 6.3880128934 0.0207168642502
2.2 0.017886 6.16721376576 0.0198689272617
2.2 0.018428 6.02021383579 0.0194234624953
2.2 0.01897 5.83223372292 0.0188635563713
2.2 0.019512 5.6580530026 0.0182057007615
2.4 0.001084 24.4522820888 0.0860324806475
2.4 0.001626 22.7751610264 0.0803169564889
2.4 0.002168 21.9340863669 0.0768883547284
2.4 0.00271 21.3683414378 0.0743093854416
2.4 0.003252 20.3613859473 0.0700062305118
2.4 0.003794 19.2939036235 0.0657211970537
2.4 0.004336 18.6547034259 0.0633982726033
2.4 0.004878 17.9015539173 0.0602607364824
2.4 0.00542 17.1545668149 0.0572353570264
2.4 0.005962 16.5930465427 0.0556637289947
2.4 0.006504 15.8753807825 0.0529561032932
2.4 0.007046 15.1844964093 0.0504817212199
2.4 0.007588 14.6003354353 0.0484589538714
2.4 0.00813 14.0426465008 0.0466807180276
2.4 0.008672 13.6437630163 0.045149229888
2.4 0.009214 13.1948199442 0.0434631132691
2.4 0.009756 12.7255536656 0.0417696201003
2.4 0.010298 12.344870112 0.0402918921229
2.4 0.01084 11.8590617116 0.0386461658282
2.4 0.011382 11.4828570461 0.037229101303
2.4 0.011924 11.1578999051 0.0360351547306
2.4 0.012466 10.8380036823 0.0351091438677
2.4 0.013008 10.3908512158 0.0336686339052
2.4 0.01355 10.1358171642 0.0326286082685
2.4 0.014092 9.80910317819 0.0314941727593
2.4 0.014634 9.49934691719 0.0305969367611
2.4 0.015176 9.21983435277 0.029598290742
2.4 0.015718 8.9340104756 0.0284736244774
2.4 0.01626 8.69003980758 0.0276712037761
2.4 0.016802 8.49610234212 0.027039356841
2.4 0.017344 8.18819556754 0.0258915301224
2.4 0.017886 7.96642751235 0.0250438904559
2.4 0.018428 7.74006356479 0.0243881007766
2.4 0.01897 7.51909240044 0.0235575853366
2.4 0.019512 7.32039257977 0.0228022340863
2.6 0.001084 31.2864177545 0.108335933058
2.6 0.001626 29.0804738219 0.101776661154
2.6 0.002168 28.0934785076 0.0975416928537
2.6 0.00271 27.2477961598 0.0934795458267
2.6 0.003252 25.7306238923 0.0871622392142
2.6 0.003794 24.5483934098 0.0825678102396
2.6 0.004336 23.6539976065 0.0793242707831
2.6 0.004878 22.5856270033 0.075179181522
2.6 0.00542 21.7031054436 0.0717572101659
2.6 0.005962 20.9304513357 0.0692816654683
2.6 0.006504 19.9385510624 0.0657485731001
2.6 0.007046 19.0658027156 0.0627624719297
2.6 0.007588 18.494633839 0.060824270938
2.6 0.00813 17.690161821 0.0577919774913
2.6 0.008672 17.3454200905 0.0564017812683
2.6 0.009214 16.5478566175 0.0537155608556
2.6 0.009756 16.0734485265 0.0515580890452
2.6 0.010298 15.4702716893 0.0497772136838
2.6 0.01084 14.9806120142 0.0478750952894
2.6 0.011382 14.5419732113 0.0462692875121
2.6 0.011924 14.0961036722 0.0449187121304
2.6 0.012466 13.6105245163 0.0433315133527
2.6 0.013008 13.1527797562 0.0417074092268
2.6 0.01355 12.7621078163 0.0402588119525
2.6 0.014092 12.316721447 0.0387119798289
2.6 0.014634 11.9347300338 0.0376537961193
2.6 0.015176 11.6147373791 0.0362499374088
2.6 0.015718 11.2943606135 0.0352887141594
2.6 0.01626 11.0132878441 0.0341985102034
2.6 0.016802 10.6461871282 0.0330883601186
2.6 0.017344 10.3276903314 0.0319306784585
2.6 0.017886 10.0789214419 0.0309059673409
2.6 0.018428 9.78770564304 0.0299225145317
2.6 0.01897 9.52997559058 0.029111565251
2.6 0.019512 9.2309388941 0.0281370219222
2.8 0.001084 39.0842781437 0.134456397932
2.8 0.001626 36.2403766769 0.126145483565
2.8 0.002168 34.9797989672 0.120970543549
2.8 0.00271 33.7555467269 0.114932532159
2.8 0.003252 31.6867546635 0.106485779234
2.8 0.003794 30.5173101523 0.102130406384
2.8 0.004336 29.1816090976 0.0973033931013
2.8 0.004878 27.7784165876 0.0918012673859
2.8 0.00542 26.758594503 0.0879687349318
2.8 0.005962 25.6490745858 0.0841733487844
2.8 0.006504 24.3822779707 0.0797250744809
2.8 0.007046 23.4943044083 0.076727934026
2.8 0.007588 22.7434183772 0.0742110493593
2.8 0.00813 21.8451153849 0.0707299834593
2.8 0.008672 21.2312520966 0.0683170717468
2.8 0.009214 20.3371525524 0.0650824663415
2.8 0.009756 19.7566249536 0.0624955336787
2.8 0.010298 18.9258745391 0.0603374099902
2.8 0.01084 18.5006302476 0.0580151258313
2.8 0.011382 17.8624916308 0.0562964145878
2.8 0.011924 17.3028059997 0.0544481190779
2.8 0.012466 16.6553047344 0.0520695752116
2.8 0.013008 16.118032257 0.0502515800587
2.8 0.01355 15.6090207708 0.0483386570994
2.8 0.014092 15.1017961163 0.0470282469348
2.8 0.014634 14.7148196893 0.045454406702
2.8 0.015176 14.3672464718 0.0440932935865
2.8 0.015718 13.9355962887 0.0427483742423
2.8 0.01626 13.4760121867 0.0412452076667
2.8 0.016802 13.1057115581 0.0398462407019
2.8 0.017344 12.769081086 0.0384480787304
2.8 0.017886 12.4183115748 0.037332283727
2.8 0.018428 12.0861505383 0.0363281402449
2.8 0.01897 11.7076639562 0.03503278903
2.8 0.019512 11.3356473229 0.033877915796
3.0 0.001084 47.7284606487 0.165148440631
3.0 0.001626 44.2860456346 0.1544919068
3.0 0.002168 42.6196990692 0.147690391722
3.0 0.00271 40.931112646 0.139236362673
3.0 0.003252 38.2028596825 0.128473370971
3.0 0.003794 37.1972923299 0.124621716403
3.0 0.004336 35.2297552552 0.117281520497
3.0 0.004878 33.507463775 0.110508694032
3.0 0.00542 32.33510722 0.106260797401
3.0 0.005962 30.689577864 0.100630107415
3.0 0.006504 29.1823994575 0.0952627403763
3.0 0.007046 28.4747573276 0.0931341941695
3.0 0.007588 27.2939881396 0.0887282951616
3.0 0.00813 26.4361522633 0.0850201589849
3.0 0.008672 25.4464457918 0.0815818640732
3.0 0.009214 24.6245273985 0.0779674872423
3.0 0.009756 23.6587673796 0.0749410662756
3.0 0.010298 22.9092860411 0.0720103034222
3.0 0.01084 22.2449400496 0.0694811003894
3.0 0.011382 21.4908856032 0.0669836825556
3.0 0.011924 20.7638756887 0.0641965160123
3.0 0.012466 20.0675711852 0.061901315032
3.0 0.013008 19.4720741446 0.0597426938196
3.0 0.01355 18.8722074836 0.0576059393176
3.0 0.014092 18.3124241377 0.055765440398
3.0 0.014634 17.8152592258 0.0539703928697
3.0 0.015176 17.3098832614 0.0523589063216
3.0 0.015718 16.7490112112 0.0502953087446
3.0 0.01626 16.2679125331 0.04870913692
3.0 0.016802 15.8839608299 0.0473861510997
3.0 0.017344 15.4492020966 0.0457656112795
3.0 0.017886 15.0311829181 0.0443871548226
3.0 0.018428 14.6145682208 0.0430114386445
3.0 0.01897 14.0866070673 0.041419929447
3.0 0.019512 13.8152151403 0.040437919334
3.2 0.001084 57.4879204711 0.201349050908
3.2 0.001626 53.356308672 0.187720352906
3.2 0.002168 51.1903814568 0.17977407115
3.2 0.00271 48.9793961877 0.168113496295
3.2 0.003252 45.3927702151 0.153694076158
3.2 0.003794 44.6031852575 0.15082386149
3.2 0.004336 41.7503341914 0.140347124054
3.2 0.004878 39.9034621926 0.132510634201
3.2 0.00542 38.5316024879 0.127926817895
3.2 0.005962 36.324050351 0.119483538072
3.2 0.006504 34.602388668 0.112629073627
3.2 0.007046 34.2222848284 0.112436368253
3.2 0.007588 32.2591023739 0.1047294826
3.2 0.00813 31.5130429271 0.101314348986
3.2 0.008672 30.0695284716 0.0967515448878
3.2 0.009214 29.3804129911 0.0926452285642
3.2 0.009756 27.8655790596 0.0888930158091
3.2 0.010298 27.4145770066 0.0857424506604
3.2 0.01084 26.3356377566 0.0823785797563
3.2 0.011382 25.4803248884 0.0788377112139
3.2 0.011924 24.6843429477 0.0758540728177
3.2 0.012466 23.9732051721 0.0739702951907
3.2 0.013008 23.2777737689 0.0704052164336
3.2 0.01355 22.5137275293 0.0681231117579
3.2 0.014092 21.7711289527 0.0653768864016
3.2 0.014634 21.2612265664 0.0642663691986
3.2 0.015176 20.5669909572 0.0615599616382
3.2 0.015718 19.8843926306 0.0593899078004
3.2 0.01626 19.4399302509 0.0577675529927
3.2 0.016802 18.8741644073 0.0560100056817
3.2 0.017344 18.4698437783 0.0543402804438
3.2 0.017886 18.0009666924 0.052517073306
3.2 0.018428 17.3305672041 0.0506942514817
3.2 0.01897 17.0054959902 0.0491874681819
3.2 0.019512 16.6701720749 0.0484556571753
3.4 0.001084 69.1855246524 0.245453229814
3.4 0.001626 64.1761412205 0.228013473434
3.4 0.002168 61.2384109456 0.21798991634
3.4 0.00271 58.2244555925 0.201291626545
3.4 0.003252 54.235816505 0.185389448273
3.4 0.003794 52.9807287163 0.180749076626
3.4 0.004336 49.5931667314 0.168433449962
3.4 0.004878 47.5249391467 0.159975713439
3.4 0.00542 45.494715435 0.152394996529
3.4 0.005962 42.9805188433 0.14234655053
3.4 0.006504 41.2289771687 0.135310532743
3.4 0.007046 40.3205334546 0.132778877126
3.4 0.007588 38.3300614898 0.124842325063
3.4 0.00813 37.1791013195 0.120158072328
3.4 0.008672 35.7401503919 0.11468682979
3.4 0.009214 34.6063484243 0.110206939311
3.4 0.009756 33.1788683197 0.105437067086
3.4 0.010298 32.2892446429 0.10152246809
3.4 0.01084 31.0791970724 0.0970631100205
3.4 0.011382 30.1375029285 0.0932543519872
3.4 0.011924 29.3043903258 0.0904657282054
3.4 0.012466 28.4725420366 0.0871103787615
3.4 0.013008 27.5952695458 0.0835361048666
3.4 0.01355 26.6356717045 0.0804430024656
3.4 0.014092 25.8696997776 0.0780354779616
3.4 0.014634 25.1334636304 0.0755942368463
3.4 0.015176 24.3098210775 0.0729970038235
3.4 0.015718 23.5991335573 0.0704364707522
3.4 0.01626 22.9887938362 0.0682213631426
3.4 0.016802 22.5145107418 0.0663433476715
3.4 0.017344 21.9826612849 0.064181427467
3.4 0.017886 21.271108001 0.0619045599288
3.4 0.018428 20.7499058416 0.0598480997337
3.4 0.01897 20.3178796967 0.0585901527801
3.4 0.019512 19.7885784128 0.0567539904833
3.6 0.001084 83.2585672027 0.298908355935
3.6 0.001626 77.1487016386 0.277954735711
3.6 0.002168 73.1385632692 0.263395564405
3.6 0.00271 69.2147003052 0.241940303584
3.6 0.003252 64.9147344205 0.224658137801
3.6 0.003794 62.8629190668 0.216947261221
3.6 0.004336 59.0414602896 0.203029160856
3.6 0.004878 56.5389309252 0.192727150064
3.6 0.00542 53.7371391129 0.181765486653
3.6 0.005962 50.8134700085 0.169870398262
3.6 0.006504 49.1629444055 0.16331050993
3.6 0.007046 47.4074115347 0.157097743262
3.6 0.007588 45.5832832682 0.149542000804
3.6 0.00813 43.8179265219 0.142417148085
3.6 0.008672 42.5160486964 0.137036863444
3.6 0.009214 40.7279021013 0.130397426109
3.6 0.009756 39.4430619726 0.125293899931
3.6 0.010298 38.0615374264 0.120299187425
3.6 0.01084 36.6261320882 0.11446966571
3.6 0.011382 35.7419095958 0.111061122784
3.6 0.011924 34.6875327013 0.107742000934
3.6 0.012466 33.829169 0.102671876706
3.6 0.013008 32.6423111507 0.0993246223371
3.6 0.01355 31.5343297742 0.0952271427075
3.6 0.014092 30.7212533473 0.0928366101584
3.6 0.014634 29.7077075512 0.0890680719523
3.6 0.015176 28.8166229139 0.086551836698
3.6 0.015718 28.0686188609 0.0834852259142
3.6 0.01626 27.4208288246 0.08108745598
3.6 0.016802 26.8652558296 0.0784380851719
3.6 0.017344 26.0127487614 0.0755685553298
3.6 0.017886 25.2125956646 0.0729609003628
3.6 0.018428 24.665839311 0.0708974064161
3.6 0.01897 24.0423232064 0.0689207438567
3.6 0.019512 23.4102174242 0.0666954178942
3.8 0.001084 99.6760943218 0.364900486193
3.8 0.001626 92.2514609197 0.339446473547
3.8 0.002168 87.0052018219 0.318474674453
3.8 0.00271 82.1451626741 0.291921465883
3.8 0.003252 77.7045589152 0.273368592897
3.8 0.003794 74.6198579638 0.261520038615
3.8 0.004336 70.4178450599 0.245217096427
3.8 0.004878 67.2694422771 0.231808016194
3.8 0.00542 63.6023582842 0.217468084233
3.8 0.005962 60.2066519105 0.203624219798
3.8 0.006504 58.7416856888 0.197987649528
3.8 0.007046 55.9395194884 0.186829384638
3.8 0.007588 54.3139341078 0.179053388604
3.8 0.00813 51.8338118192 0.169630368926
3.8 0.008672 50.8369249151 0.165249306807
3.8 0.009214 48.3632009784 0.155330581988
3.8 0.009756 46.8638601479 0.149939349132
3.8 0.010298 45.095933119 0.143336290506
3.8 0.01084 43.4144256782 0.136517381711
3.8 0.011382 42.4490829953 0.132743038712
3.8 0.011924 41.2350637102 0.127671126113
3.8 0.012466 40.1093363451 0.122770361529
3.8 0.013008 38.7462931689 0.118099950959
3.8 0.01355 37.5466677822 0.113797780101
3.8 0.014092 36.4016152621 0.109901609102
3.8 0.014634 35.3432511954 0.106138504542
3.8 0.015176 34.400788022 0.102796955575
3.8 0.015718 33.4678104249 0.0993407931249
3.8 0.01626 32.7799820544 0.0959450915685
3.8 0.016802 31.8263466531 0.0926780147572
3.8 0.017344 30.7084529546 0.0888464656829
3.8 0.017886 30.1841834195 0.0871603467761
3.8 0.018428 29.2270988419 0.0835416176617
3.8 0.01897 28.6658361921 0.0819207826389
3.8 0.019512 27.8283864751 0.0787613286234
4.0 0.001084 120.604073173 0.446449388116
4.0 0.001626 111.462127906 0.415112494021
4.0 0.002168 104.69592592 0.386120224636
4.0 0.00271 98.5218531146 0.353706503567
4.0 0.003252 93.6877670834 0.333386797368
4.0 0.003794 89.1529797284 0.316330195809
4.0 0.004336 84.5282180577 0.297695819091
4.0 0.004878 80.3940456771 0.280169072039
4.0 0.00542 75.7516283954 0.262323774337
4.0 0.005962 71.7922869851 0.245974882678
4.0 0.006504 70.3910179559 0.240761449775
4.0 0.007046 66.5095474613 0.223832184265
4.0 0.007588 64.7906341246 0.215181494453
4.0 0.00813 62.1827780953 0.205795813378
4.0 0.008672 60.4796177636 0.198164403355
4.0 0.009214 57.8447076825 0.187566709696
4.0 0.009756 55.8331389576 0.180427631502
4.0 0.010298 53.5498808456 0.171416759616
4.0 0.01084 52.0284021236 0.164594959948
4.0 0.011382 50.5568931179 0.159001235218
4.0 0.011924 49.36011335 0.153028513979
4.0 0.012466 47.8531224714 0.148220121162
4.0 0.013008 46.2644313235 0.140694159982
4.0 0.01355 44.7732371513 0.136096110002
4.0 0.014092 43.4474808635 0.130947460623
4.0 0.014634 42.3723144456 0.127017669067
4.0 0.015176 41.1983319435 0.122718497001
4.0 0.015718 40.0756840866 0.118181581492
4.0 0.01626 39.0097457468 0.114112515147
4.0 0.016802 37.8396906905 0.11004427743
4.0 0.017344 36.9875264328 0.107218100052
4.0 0.017886 35.8031283555 0.102750860836
4.0 0.018428 35.086404702 0.100600762014
4.0 0.01897 34.1268072295 0.0967605503289
4.0 0.019512 33.2405228217 0.0934978192332
4.2 0.001084 144.49974768 0.548442134461
4.2 0.001626 133.377224796 0.509406453738
4.2 0.002168 124.851263937 0.469977519597
4.2 0.00271 117.533320551 0.431060912407
4.2 0.003252 112.401075935 0.408179951393
4.2 0.003794 106.360218676 0.383952178248
4.2 0.004336 101.490635208 0.362990183104
4.2 0.004878 96.1081411892 0.340097057875
4.2 0.00542 90.4097845018 0.318180113318
4.2 0.005962 86.1736082606 0.299951888985
4.2 0.006504 83.6261129291 0.289781324025
4.2 0.007046 79.7445611127 0.271342372516
4.2 0.007588 77.2766413221 0.260429929299
4.2 0.00813 74.7729742553 0.250788527377
4.2 0.008672 72.169742507 0.238712482697
4.2 0.009214 69.129832232 0.227069660621
4.2 0.009756 66.8494202252 0.218242727395
4.2 0.010298 63.7151309917 0.205596080389
4.2 0.01084 62.5312229739 0.198469309056
4.2 0.011382 60.4880377693 0.191435781573
4.2 0.011924 59.0847258161 0.185133631671
4.2 0.012466 57.2732576209 0.177574818857
4.2 0.013008 55.3808139673 0.16993406066
4.2 0.01355 53.595354465 0.163357382963
4.2 0.014092 52.1739851967 0.157989307549
4.2 0.014634 50.7305488858 0.152345284701
4.2 0.015176 49.2727297525 0.146749954347
4.2 0.015718 47.8087806492 0.140832253878
4.2 0.01626 46.6612587876 0.137491770269
4.2 0.016802 45.3888205655 0.132300188843
4.2 0.017344 44.2603312979 0.128303497332
4.2 0.017886 42.8493036149 0.123408478186
4.2 0.018428 41.9665369588 0.119828828859
4.2 0.01897 40.7752564907 0.114977040531
4.2 0.019512 39.803141846 0.110858319945
4.4 0.001084 173.895241913 0.674215262668
4.4 0.001626 160.401816778 0.625241282834
4.4 0.002168 149.93233344 0.573981638188
4.4 0.00271 141.054907339 0.52655733262
4.4 0.003252 135.334965833 0.500964417803
4.4 0.003794 127.473124808 0.467591073476
4.4 0.004336 122.198390489 0.444278664067
4.4 0.004878 115.151697492 0.414025522247
4.4 0.00542 108.51799306 0.387595340737
4.4 0.005962 103.955220936 0.367634013148
4.4 0.006504 99.778608677 0.349719847709
4.4 0.007046 95.94071186 0.330433172706
4.4 0.007588 92.4938751054 0.31665354476
4.4 0.00813 90.1228525437 0.306041076436
4.4 0.008672 86.5328530109 0.289367348917
4.4 0.009214 82.8109268466 0.275002782722
4.4 0.009756 80.1221865139 0.264232368597
4.4 0.010298 76.8552025949 0.249791425962
4.4 0.01084 74.8902105014 0.240181387397
4.4 0.011382 72.765001088 0.232554964429
4.4 0.011924 70.883512176 0.22372398064
4.4 0.012466 68.7977107283 0.214019704976
4.4 0.013008 66.2808242205 0.205332487026
4.4 0.01355 64.4332827795 0.197612774588
4.4 0.014092 62.663052232 0.191172931253
4.4 0.014634 60.880970762 0.183314520668
4.4 0.015176 59.1152997161 0.176122046032
4.4 0.015718 57.5392908646 0.170968599987
4.4 0.01626 56.0642220824 0.165460163768
4.4 0.016802 54.7910189822 0.160357909541
4.4 0.017344 52.7402383071 0.153051666518
4.4 0.017886 51.6579314073 0.149635199394
4.4 0.018428 50.4104895248 0.142992633053
4.4 0.01897 49.0295744335 0.137885563966
4.4 0.019512 48.0748678004 0.133311515721
4.6 0.001084 208.290691232 0.828754293829
4.6 0.001626 192.007768584 0.765948859612
4.6 0.002168 179.56158358 0.701354217878
4.6 0.00271 169.052460811 0.643803280844
4.6 0.003252 162.826162524 0.615004882014
4.6 0.003794 152.694316374 0.569758910256
4.6 0.004336 146.710689499 0.542774222758
4.6 0.004878 137.897148377 0.504520834866
4.6 0.00542 130.155692996 0.472087918017
4.6 0.005962 125.083795744 0.450635198796
4.6 0.006504 119.128063745 0.422944992497
4.6 0.007046 115.464351201 0.40379299097
4.6 0.007588 110.92259762 0.3856148876
4.6 0.00813 108.404494524 0.372020785008
4.6 0.008672 103.878369795 0.35214231684
4.6 0.009214 99.8510066842 0.335602590523
4.6 0.009756 95.8569313222 0.319781505454
4.6 0.010298 92.8191925427 0.303751491076
4.6 0.01084 89.7657624851 0.292053401002
4.6 0.011382 87.6096995947 0.283541637412
4.6 0.011924 85.3009019397 0.270758797906
4.6 0.012466 82.6294464891 0.259757216574
4.6 0.013008 79.8237506222 0.249215371684
4.6 0.01355 77.6463936197 0.240282408734
4.6 0.014092 75.3937638443 0.231233550621
4.6 0.014634 73.2224056329 0.220847372764
4.6 0.015176 71.0629233878 0.213029586158
4.6 0.015718 69.3907845365 0.208108532452
4.6 0.01626 67.6109534733 0.200508111272
4.6 0.016802 65.7073895113 0.193142728844
4.6 0.017344 63.7623621475 0.186225378465
4.6 0.017886 62.334295029 0.179133239955
4.6 0.018428 60.5939903116 0.172502810155
4.6 0.01897 59.4079731149 0.166967297907
4.6 0.019512 57.9174531838 0.160903394622
