2.2 0.001084 39.0803302614 0.133384084571
2.2 0.001626 36.277656069 0.124531433929
2.2 0.002168 34.6247739248 0.11825912454
2.2 0.00271 33.5639929952 0.113584398188
2.2 0.003252 32.0729924385 0.107458093436
2.2 0.003794 30.2123288162 0.100188072398
2.2 0.004336 29.1920705694 0.096778089254
2.2 0.004878 27.9296116538 0.0921138712043
2.2 0.00542 26.6327827568 0.0869983002874
2.2 0.005962 25.6485784823 0.0840130810933
2.2 0.006504 24.548880011 0.080232901355
2.2 0.007046 23.4021017997 0.0761281739646
2.2 0.007588 22.4047794493 0.0727005369499
2.2 0.00813 21.5444143908 0.0698855164052
2.2 0.008672 20.7577881497 0.067212692525
2.2 0.009214 20.2492791926 0.0651856291032
2.2 0.009756 19.3163912363 0.0619206664128
2.2 0.010298 18.8398944762 0.0599934157576
2.2 0.01084 18.0495439009 0.057397896397
2.2 0.011382 17.425142797 0.0552562624858
2.2 0.011924 16.8980530333 0.0533946242163
2.2 0.012466 16.3825899126 0.0516818837683
2.2 0.013008 15.7997953533 0.0498125098965
2.2 0.01355 15.1719666388 0.0476882256325
2.2 0.014092 14.824832901 0.0464153867848
2.2 0.014634 14.2620466789 0.0445365690474
2.2 0.015176 13.7934819974 0.0432349045988
2.2 0.015718 13.408369294 0.0417102845365
2.2 0.01626 13.0246723404 0.0403120671751
2.2 0.016802 12.7104229666 0.0392888270848
2.2 0.017344 12.3455219642 0.0380692296514
2.2 0.017886 11.9056745306 0.0365422273545
2.2 0.018428 11.5629838066 0.0353769919436
2.2 0.01897 11.2574161335 0.0343370986646
2.2 0.019512 10.9094550208 0.0332704867689
2.4 0.001084 50.4422427592 0.171066444625
2.4 0.001626 46.7654670014 0.160479990469
2.4 0.002168 44.7357928519 0.152646770949
2.4 0.00271 43.1464346436 0.145468736976
2.4 0.003252 40.9033592972 0.13625314276
2.4 0.003794 38.8016157597 0.128129112413
2.4 0.004336 37.4391650388 0.123335324051
2.4 0.004878 35.6048033094 0.116674807634
2.4 0.00542 34.0181295237 0.110561609967
2.4 0.005962 32.8044395781 0.106891145855
2.4 0.006504 31.194000795 0.101356466046
2.4 0.007046 29.6408248267 0.0957420209662
2.4 0.007588 28.6562511121 0.0925360740809
2.4 0.00813 27.5001801673 0.0883288384499
2.4 0.008672 26.6704264464 0.0852881076992
2.4 0.009214 25.7124261978 0.081931268168
2.4 0.009756 24.7054701594 0.0781038568595
2.4 0.010298 23.9420082851 0.075249079821
2.4 0.01084 22.928943404 0.0722583212514
2.4 0.011382 22.3382256278 0.0696729682193
2.4 0.011924 21.5832013181 0.0673387576796
2.4 0.012466 20.8883768867 0.065056829957
2.4 0.013008 20.0929269707 0.0621287711999
2.4 0.01355 19.505188623 0.0602520869452
2.4 0.014092 18.8289915619 0.0578073921775
2.4 0.014634 18.1659912856 0.0558346625213
2.4 0.015176 17.6188774401 0.0539686464915
2.4 0.015718 17.1574896626 0.0521384482914
2.4 0.01626 16.7078408427 0.050667189484
2.4 0.016802 16.2276262015 0.0491070581235
2.4 0.017344 15.7057380637 0.0475143021557
2.4 0.017886 15.2013799141 0.0457568661486
2.4 0.018428 14.8394744269 0.0441661302653
2.4 0.01897 14.3967992713 0.0429294419149
2.4 0.019512 14.0026004411 0.0415017230692
2.6 0.001084 63.896043299 0.216652047362
2.6 0.001626 59.1354413913 0.203015666439
2.6 0.002168 56.4927040327 0.193039066737
2.6 0.00271 54.2448185268 0.182590155367
2.6 0.003252 51.1914178103 0.170103999774
2.6 0.003794 48.969264983 0.161711830114
2.6 0.004336 46.9756882023 0.154544643279
2.6 0.004878 44.5053103072 0.145352067932
2.6 0.00542 42.6021838739 0.138207025492
2.6 0.005962 40.8850558849 0.132713100767
2.6 0.006504 38.7392608217 0.125395508554
2.6 0.007046 36.9459783727 0.118684000365
2.6 0.007588 36.013485906 0.116287452303
2.6 0.00813 34.213737001 0.109438503264
2.6 0.008672 33.500531943 0.106583564986
2.6 0.009214 31.9071568803 0.100992392954
2.6 0.009756 31.016707519 0.0968090288774
2.6 0.010298 29.6440726355 0.0928903334846
2.6 0.01084 28.7916479315 0.0893169411703
2.6 0.011382 27.8937777735 0.0862852405288
2.6 0.011924 26.9566000272 0.0833341780005
2.6 0.012466 26.0462316037 0.0799178203145
2.6 0.013008 25.12828967 0.0766592209247
2.6 0.01355 24.3343544762 0.0740067177002
2.6 0.014092 23.5075347687 0.0712240841362
2.6 0.014634 22.7286399597 0.0688127671374
2.6 0.015176 22.161428881 0.0664970666763
2.6 0.015718 21.5815154109 0.0645017807488
2.6 0.01626 20.910552743 0.0626658735317
2.6 0.016802 20.211133929 0.0601219318362
2.6 0.017344 19.6966221271 0.0582493439569
2.6 0.017886 19.1522195417 0.0560652750319
2.6 0.018428 18.6142191831 0.0545164777374
2.6 0.01897 18.1274743129 0.0529048407559
2.6 0.019512 17.4866238936 0.0508722015093
2.8 0.001084 79.4792174337 0.272527614772
2.8 0.001626 73.6379714954 0.255022250638
2.8 0.002168 70.1826182064 0.242250578874
2.8 0.00271 67.1211577922 0.227229176959
2.8 0.003252 63.020997432 0.210421727663
2.8 0.003794 60.8208124255 0.202182988681
2.8 0.004336 57.9046036367 0.19158068947
2.8 0.004878 54.8569455508 0.179699409554
2.8 0.00542 52.5896357744 0.171629231262
2.8 0.005962 50.0805270089 0.16338796472
2.8 0.006504 47.3992175871 0.15349412844
2.8 0.007046 45.6969864452 0.147547619638
2.8 0.007588 44.2500221884 0.143058821047
2.8 0.00813 42.3597903807 0.135448868252
2.8 0.008672 41.1133427658 0.130607883523
2.8 0.009214 39.3510873724 0.124157183859
2.8 0.009756 38.238345933 0.119034909035
2.8 0.010298 36.4032383319 0.114097873226
2.8 0.01084 35.667032963 0.109816173147
2.8 0.011382 34.2161660648 0.106038980729
2.8 0.011924 33.2443881532 0.101500404117
2.8 0.012466 32.012981247 0.0968566202565
2.8 0.013008 31.1318383381 0.0945888509372
2.8 0.01355 30.156189189 0.0902506476007
2.8 0.014092 29.1494655117 0.086981735243
2.8 0.014634 28.2445244534 0.0837539702843
2.8 0.015176 27.4592893951 0.0815271222717
2.8 0.015718 26.6684657453 0.0788375742905
2.8 0.01626 25.775168884 0.0756192034837
2.8 0.016802 25.0609671669 0.0733081308993
2.8 0.017344 24.3983676396 0.0711587843932
2.8 0.017886 23.7231017049 0.0687593853895
2.8 0.018428 23.1135657743 0.066514770044
2.8 0.01897 22.3592037931 0.0641730458567
2.8 0.019512 21.6027741 0.0618725379816
3.0 0.001084 97.743478684 0.34108598039
3.0 0.001626 90.5856034205 0.318301963088
3.0 0.002168 86.1339317008 0.302491134852
3.0 0.00271 82.121406554 0.281216800426
3.0 0.003252 76.7578440486 0.259178083892
3.0 0.003794 74.6347577545 0.251703722311
3.0 0.004336 70.3487537004 0.235766555611
3.0 0.004878 66.9381917182 0.221945515789
3.0 0.00542 64.1415809595 0.21259638552
3.0 0.005962 60.7629540306 0.199983627149
3.0 0.006504 57.593524694 0.186999280339
3.0 0.007046 56.1309675337 0.182826179782
3.0 0.007588 53.7050019176 0.173759952874
3.0 0.00813 51.8529108388 0.166264216703
3.0 0.008672 49.8096274401 0.158878371957
3.0 0.009214 48.2871936551 0.152198995724
3.0 0.009756 46.3660394784 0.145721375932
3.0 0.010298 44.7771179473 0.139866964415
3.0 0.01084 43.3666534998 0.134392672659
3.0 0.011382 41.8041872726 0.128486822337
3.0 0.011924 40.5176034041 0.123237658399
3.0 0.012466 39.3306047117 0.119511994018
3.0 0.013008 38.2287345469 0.115224421147
3.0 0.01355 37.0090222352 0.109935285788
3.0 0.014092 35.7074428082 0.105721774951
3.0 0.014634 34.6417371012 0.102310045794
3.0 0.015176 33.7053290254 0.0995060500447
3.0 0.015718 32.6321866599 0.0957305731262
3.0 0.01626 31.5393642873 0.0920446388705
3.0 0.016802 30.7038155081 0.0894864726878
3.0 0.017344 29.867183034 0.0868676067345
3.0 0.017886 29.1743510837 0.0840112904336
3.0 0.018428 28.3340385339 0.0809884165175
3.0 0.01897 27.3326166605 0.0779223861104
3.0 0.019512 26.7706250007 0.0754962823871
3.2 0.001084 119.486695327 0.428026644132
3.2 0.001626 110.734573774 0.398112269754
3.2 0.002168 104.903332414 0.377963192358
3.2 0.00271 99.8978385781 0.347978687013
3.2 0.003252 93.0530416171 0.320619475617
3.2 0.003794 91.2132107013 0.313743130062
3.2 0.004336 85.1878607734 0.291137363288
3.2 0.004878 81.6150283948 0.276118669222
3.2 0.00542 77.8907557558 0.263041268179
3.2 0.005962 73.5571714646 0.245540397267
3.2 0.006504 69.7036001698 0.22913656301
3.2 0.007046 68.691462583 0.227244693385
3.2 0.007588 64.8928834476 0.21165617391
3.2 0.00813 63.3879869154 0.205270809274
3.2 0.008672 60.2454371027 0.193216963197
3.2 0.009214 59.2504904926 0.188236023501
3.2 0.009756 56.0878906079 0.177676872449
3.2 0.010298 54.6834604339 0.171639474192
3.2 0.01084 52.5324892802 0.164124925165
3.2 0.011382 50.8315693382 0.1563649662
3.2 0.011924 49.4748451979 0.151574049137
3.2 0.012466 48.0862670417 0.147376571593
3.2 0.013008 46.896477085 0.140297564316
3.2 0.01355 45.050269069 0.134508737033
3.2 0.014092 43.615270597 0.129414829109
3.2 0.014634 42.4616234901 0.125918241341
3.2 0.015176 41.182756319 0.121112897597
3.2 0.015718 39.6643090714 0.116920569259
3.2 0.01626 38.5028020771 0.112481841547
3.2 0.016802 37.5060601663 0.109749720444
3.2 0.017344 36.7745462207 0.106195790112
3.2 0.017886 35.7628635795 0.102456323936
3.2 0.018428 34.3787991657 0.0981696353101
3.2 0.01897 33.6477067754 0.0947078464816
3.2 0.019512 33.0179391055 0.0931380046002
3.4 0.001084 146.555833675 0.538376335813
3.4 0.001626 135.710295041 0.501199840631
3.4 0.002168 127.888687485 0.471479920498
3.4 0.00271 121.612105124 0.433278723038
3.4 0.003252 114.168681094 0.402574167645
3.4 0.003794 111.123722304 0.390253426373
3.4 0.004336 104.128304732 0.362913712681
3.4 0.004878 99.8549749076 0.344842178208
3.4 0.00542 94.710987586 0.324581219469
3.4 0.005962 89.4495484078 0.303500444949
3.4 0.006504 85.6183785605 0.287675692417
3.4 0.007046 83.3091839778 0.279002175648
3.4 0.007588 79.4905630563 0.262692753622
3.4 0.00813 77.0716518818 0.252132969457
3.4 0.008672 73.9889633557 0.239990825951
3.4 0.009214 72.0262623098 0.231863792123
3.4 0.009756 68.870224679 0.21994132382
3.4 0.010298 66.5765288789 0.211490820216
3.4 0.01084 64.0892265964 0.201590336223
3.4 0.011382 62.1206752306 0.19333141973
3.4 0.011924 60.5584751514 0.187709303133
3.4 0.012466 58.9861729128 0.180468680047
3.4 0.013008 57.1905183743 0.172719539809
3.4 0.01355 55.197301222 0.165978729735
3.4 0.014092 53.529040734 0.160208325456
3.4 0.014634 51.8970162085 0.154412729743
3.4 0.015176 50.222308534 0.148733134828
3.4 0.015718 48.682819729 0.143598650072
3.4 0.01626 47.3498904568 0.139281333004
3.4 0.016802 46.3389901021 0.134761442962
3.4 0.017344 45.147367122 0.129923087428
3.4 0.017886 43.5355388117 0.124467828105
3.4 0.018428 42.5015391295 0.120526423683
3.4 0.01897 41.5124673441 0.116967136436
3.4 0.019512 40.5515978919 0.113881103754
3.6 0.001084 180.119259005 0.67982477541
3.6 0.001626 166.764594787 0.632723699123
3.6 0.002168 156.542164002 0.589465199137
3.6 0.00271 148.574879083 0.54242844946
3.6 0.003252 140.593614501 0.507969988138
3.6 0.003794 135.626401933 0.487759196502
3.6 0.004336 127.744939624 0.454928969522
3.6 0.004878 122.248826939 0.431013118221
3.6 0.00542 115.53232063 0.403578898039
3.6 0.005962 109.247612853 0.378272137587
3.6 0.006504 105.376362396 0.362235946706
3.6 0.007046 101.376748988 0.345044504987
3.6 0.007588 97.7115693485 0.32741615427
3.6 0.00813 93.9762741449 0.312292720402
3.6 0.008672 91.4120066579 0.301654387513
3.6 0.009214 88.0778841042 0.28741866729
3.6 0.009756 84.5223676558 0.274540498071
3.6 0.010298 81.56909676 0.262763366446
3.6 0.01084 78.2547137709 0.249201783691
3.6 0.011382 76.4841032633 0.241258939642
3.6 0.011924 74.2343577745 0.232854816861
3.6 0.012466 72.6561000067 0.223227476237
3.6 0.013008 70.0381629975 0.215114256862
3.6 0.01355 67.8967761305 0.205441655579
3.6 0.014092 65.7037340048 0.198129329998
3.6 0.014634 63.7963244074 0.190617427193
3.6 0.015176 61.9729989106 0.184327730725
3.6 0.015718 60.1046149195 0.177850034218
3.6 0.01626 58.5252599924 0.171946279929
3.6 0.016802 57.0767825951 0.165569935923
3.6 0.017344 55.2974040553 0.159356167632
3.6 0.017886 53.7281679676 0.153621047468
3.6 0.018428 52.5218413943 0.149202445236
3.6 0.01897 51.0891076938 0.144234271051
3.6 0.019512 49.9812360917 0.140255732184
3.8 0.001084 220.86327612 0.862963829462
3.8 0.001626 204.413934208 0.802679758816
3.8 0.002168 191.453058572 0.741583855532
3.8 0.00271 181.79650609 0.684095044546
3.8 0.003252 173.374674306 0.644720899806
3.8 0.003794 166.24124864 0.613185599567
3.8 0.004336 157.662818381 0.574382699837
3.8 0.004878 150.476955964 0.542281836658
3.8 0.00542 141.756862343 0.506737923343
3.8 0.005962 134.436858115 0.475838261544
3.8 0.006504 130.105242996 0.458670528909
3.8 0.007046 124.072432707 0.429962231797
3.8 0.007588 120.810387264 0.412299995974
3.8 0.00813 115.421220951 0.391540019057
3.8 0.008672 113.472301093 0.381753970052
3.8 0.009214 108.391025004 0.360191513572
3.8 0.009756 103.998261433 0.34436829836
3.8 0.010298 100.517138074 0.329353955389
3.8 0.01084 96.6428811737 0.312281271848
3.8 0.011382 94.469749962 0.301765191657
3.8 0.011924 91.8994504068 0.290706814561
3.8 0.012466 89.559090682 0.280233597334
3.8 0.013008 86.7081044992 0.268458412489
3.8 0.01355 83.9096121395 0.257012315384
3.8 0.014092 81.2641054176 0.246738037191
3.8 0.014634 79.0578791271 0.238556296323
3.8 0.015176 76.6627880679 0.229504014567
3.8 0.015718 74.4745826605 0.221632659971
3.8 0.01626 72.3884748633 0.213006227848
3.8 0.016802 70.5742361688 0.206549101913
3.8 0.017344 68.3557342038 0.197539290836
3.8 0.017886 67.2533280395 0.193254287426
3.8 0.018428 64.7406509887 0.184330429422
3.8 0.01897 63.5437766764 0.180454212237
3.8 0.019512 61.910990299 0.172561329765
4.0 0.001084 273.877783551 1.10283698611
4.0 0.001626 253.5394911 1.02463433739
4.0 0.002168 237.167727477 0.940473311098
4.0 0.00271 225.189410377 0.870005737301
4.0 0.003252 215.602904596 0.823955229254
4.0 0.003794 205.550919906 0.777322439192
4.0 0.004336 196.019586187 0.731965908306
4.0 0.004878 186.373383472 0.687524642503
4.0 0.00542 175.201786611 0.641388847564
4.0 0.005962 166.96054633 0.603863531786
4.0 0.006504 161.600904266 0.584614332552
4.0 0.007046 153.538397601 0.542728873862
4.0 0.007588 149.827152018 0.523722011803
4.0 0.00813 143.938474216 0.498955004061
4.0 0.008672 140.531195704 0.482302695404
4.0 0.009214 134.437639495 0.456929485879
4.0 0.009756 129.483915727 0.436390837796
4.0 0.010298 124.622690101 0.415167700753
4.0 0.01084 120.869154513 0.395628464849
4.0 0.011382 117.348751692 0.380562051418
4.0 0.011924 114.64490673 0.368142494324
4.0 0.012466 111.20744133 0.353460486829
4.0 0.013008 108.075390413 0.338248992219
4.0 0.01355 104.341677182 0.324588765087
4.0 0.014092 101.320571844 0.312067019644
4.0 0.014634 98.3839827547 0.30099714171
4.0 0.015176 95.4973059202 0.288393385741
4.0 0.015718 92.827499154 0.277691359652
4.0 0.01626 90.4563178723 0.26902265099
4.0 0.016802 88.1313765953 0.260029597896
4.0 0.017344 86.2379143675 0.251690372914
4.0 0.017886 83.3813322918 0.241210525128
4.0 0.018428 81.2659135062 0.23393976275
4.0 0.01897 79.4911439175 0.224283098641
4.0 0.019512 76.9759866358 0.21546312545
4.2 0.001084 338.025256432 1.4198242809
4.2 0.001626 313.116918849 1.3154218528
4.2 0.002168 293.166991443 1.20378808356
4.2 0.00271 278.641521769 1.11691224918
4.2 0.003252 267.885091427 1.06088313419
4.2 0.003794 254.441853408 0.993021421033
4.2 0.004336 244.227057296 0.941637295303
4.2 0.004878 231.38495829 0.877701984002
4.2 0.00542 217.258478171 0.817200784717
4.2 0.005962 208.71118693 0.777322814859
4.2 0.006504 200.461342276 0.743391554627
4.2 0.007046 192.057977496 0.697735104467
4.2 0.007588 186.213252779 0.669022390245
4.2 0.00813 180.625116747 0.641432462135
4.2 0.008672 175.104783721 0.616166009049
4.2 0.009214 167.478930991 0.581712801306
4.2 0.009756 162.293541519 0.560417853482
4.2 0.010298 155.213575145 0.527179182983
4.2 0.01084 151.656079339 0.505276187423
4.2 0.011382 146.79708003 0.48610712893
4.2 0.011924 143.505560938 0.470228065664
4.2 0.012466 139.345337371 0.44969367693
4.2 0.013008 135.146172065 0.43165423763
4.2 0.01355 130.892991532 0.413736811667
4.2 0.014092 126.997207738 0.398812177595
4.2 0.014634 123.366502856 0.382845861327
4.2 0.015176 119.830346048 0.365382436138
4.2 0.015718 116.625296624 0.353141443177
4.2 0.01626 113.916864478 0.344134504402
4.2 0.016802 111.183241981 0.3318275418
4.2 0.017344 108.49744589 0.320224088469
4.2 0.017886 104.960313325 0.306902473989
4.2 0.018428 102.532610274 0.295903138154
4.2 0.01897 99.8986184819 0.2844570011
4.2 0.019512 97.5607082094 0.275732356243
4.4 0.001084 419.560510067 1.8403422703
4.4 0.001626 389.193888456 1.69944126383
4.4 0.002168 365.356341996 1.55648731739
4.4 0.00271 347.447367541 1.44794069309
4.4 0.003252 335.085998429 1.37870465472
4.4 0.003794 316.647356257 1.27868541882
4.4 0.004336 306.267319985 1.22373058881
4.4 0.004878 288.638045312 1.13106298243
4.4 0.00542 272.054368816 1.05517353786
4.4 0.005962 262.364701348 1.01146864312
4.4 0.006504 250.741437993 0.956678823814
4.4 0.007046 242.084787523 0.907396779735
4.4 0.007588 233.760347995 0.864041094877
4.4 0.00813 228.392518801 0.831377727263
4.4 0.008672 220.19796478 0.796432329913
4.4 0.009214 210.71261446 0.74874305179
4.4 0.009756 204.280228478 0.723962492502
4.4 0.010298 196.384211051 0.680920463212
4.4 0.01084 190.85747854 0.652615887566
4.4 0.011382 185.744087439 0.630504281192
4.4 0.011924 180.883136414 0.605186388581
4.4 0.012466 175.935413435 0.580414322589
4.4 0.013008 170.408404752 0.557132998044
4.4 0.01355 165.23343792 0.532983577156
4.4 0.014092 160.577691956 0.514311151182
4.4 0.014634 156.388097361 0.492089038517
4.4 0.015176 152.084566829 0.471667358739
4.4 0.015718 148.475678193 0.458609492273
4.4 0.01626 144.99550314 0.443546509318
4.4 0.016802 141.80790777 0.428249346784
4.4 0.017344 137.052185549 0.409722072589
4.4 0.017886 133.407945182 0.393425145673
4.4 0.018428 130.043898643 0.379760301166
4.4 0.01897 127.094819315 0.366395895146
4.4 0.019512 124.04060057 0.354203783601
4.6 0.001084 520.31797573 2.40025964528
4.6 0.001626 483.533846485 2.20840603193
4.6 0.002168 455.498235189 2.02996355367
4.6 0.00271 433.851092614 1.89321653752
4.6 0.003252 419.9871193 1.80703447253
4.6 0.003794 395.218911774 1.6633556829
4.6 0.004336 383.917315291 1.59558433465
4.6 0.004878 360.979342346 1.4703971972
4.6 0.00542 342.615935091 1.38069911487
4.6 0.005962 330.671367528 1.32585088641
4.6 0.006504 315.208658302 1.24275585366
4.6 0.007046 306.556806405 1.19022409851
4.6 0.007588 295.390364058 1.12874825174
4.6 0.00813 289.090425325 1.08524465044
4.6 0.008672 278.240102773 1.03462060059
4.6 0.009214 267.816296073 0.984562114279
4.6 0.009756 258.401793715 0.939966016715
4.6 0.010298 249.492045612 0.887490456325
4.6 0.01084 242.162717901 0.855072959397
4.6 0.011382 235.98523542 0.825456456519
4.6 0.011924 229.293098108 0.788335193891
4.6 0.012466 223.262283578 0.758760349369
4.6 0.013008 216.402264262 0.726474938647
4.6 0.01355 210.04919217 0.696331987949
4.6 0.014092 205.050817574 0.669294265052
4.6 0.014634 199.488570794 0.639271939371
4.6 0.015176 194.918955088 0.620388891006
4.6 0.015718 190.210859695 0.599153927483
4.6 0.01626 186.002098387 0.577673407651
4.6 0.016802 180.994540787 0.555906679279
4.6 0.017344 175.474126533 0.531011947025
4.6 0.017886 170.43594095 0.511305591741
4.6 0.018428 166.963303137 0.494880106161
4.6 0.01897 162.631282283 0.476613316381
4.6 0.019512 159.417129416 0.461399356925
