2.2 0.001084 18.3133803254 0.0648768561069
2.2 0.001626 16.9325200164 0.0601203429735
2.2 0.002168 16.141496362 0.0569136806429
2.2 0.00271 15.7145905936 0.0549461252874
2.2 0.003252 15.1040441715 0.0524156106651
2.2 0.003794 14.2200731073 0.0489457532276
2.2 0.004336 13.7389235849 0.0472612742755
2.2 0.004878 13.2358250698 0.0451293665326
2.2 0.00542 12.6776533844 0.0425038089107
2.2 0.005962 12.2214104137 0.0412804549576
2.2 0.006504 11.7767356968 0.0396777925364
2.2 0.007046 11.2950083413 0.0379069219752
2.2 0.007588 10.8427706425 0.0363186501221
2.2 0.00813 10.4487973446 0.0349900922963
2.2 0.008672 10.0943708942 0.0338130996631
2.2 0.009214 9.83898013723 0.0325697603027
2.2 0.009756 9.45625683994 0.0313920255593
2.2 0.010298 9.22664521509 0.0304249441124
2.2 0.01084 8.88358750508 0.0292213787027
2.2 0.011382 8.58808291024 0.0281736259165
2.2 0.011924 8.31062222281 0.0271399836262
2.2 0.012466 8.08997944417 0.0264088172007
2.2 0.013008 7.86336479235 0.0257707575096
2.2 0.01355 7.54568887118 0.0246740661111
2.2 0.014092 7.38842312136 0.0238602485073
2.2 0.014634 7.12719042535 0.0230676206213
2.2 0.015176 6.92904318127 0.0225300012132
2.2 0.015718 6.71537210731 0.0217255161926
2.2 0.01626 6.49480012454 0.0208955755779
2.2 0.016802 6.35284527986 0.0204679532697
2.2 0.017344 6.19228855891 0.0199479825501
2.2 0.017886 5.98256918577 0.0191411251789
2.2 0.018428 5.8398756144 0.0186154850541
2.2 0.01897 5.67796778743 0.0181314483152
2.2 0.019512 5.51790460923 0.0174757378757
2.4 0.001084 23.9864356802 0.083262568283
2.4 0.001626 22.066159484 0.0773996437937
2.4 0.002168 21.1265011973 0.0736347210684
2.4 0.00271 20.5005776914 0.0706296146421
2.4 0.003252 19.4619297298 0.066361842086
2.4 0.003794 18.3911418445 0.0622325543519
2.4 0.004336 17.7552036105 0.0599530706583
2.4 0.004878 16.9957403759 0.0571553580101
2.4 0.00542 16.3035512193 0.0541831923475
2.4 0.005962 15.7858124219 0.0525637044933
2.4 0.006504 15.1120229247 0.0500967885098
2.4 0.007046 14.4435805818 0.0478563745316
2.4 0.007588 13.9930461664 0.0463162345877
2.4 0.00813 13.4349924585 0.0443296699933
2.4 0.008672 13.0532044204 0.0427844457891
2.4 0.009214 12.6404804676 0.0412350160849
2.4 0.009756 12.1686661034 0.0394772148158
2.4 0.010298 11.7989204812 0.0380951302454
2.4 0.01084 11.3854685276 0.0369232449621
2.4 0.011382 11.0671904135 0.035495484124
2.4 0.011924 10.7061514 0.0343256275624
2.4 0.012466 10.4267446132 0.0334605496573
2.4 0.013008 10.0299878269 0.0321857251618
2.4 0.01355 9.74929553984 0.0310717403953
2.4 0.014092 9.42865234253 0.0299200911289
2.4 0.014634 9.14024764692 0.0290844766401
2.4 0.015176 8.89110707239 0.0282325971597
2.4 0.015718 8.63718308565 0.0272214304302
2.4 0.01626 8.39987697147 0.0263606632442
2.4 0.016802 8.19621053001 0.0256860359988
2.4 0.017344 7.92105118528 0.024869214988
2.4 0.017886 7.70778485335 0.024071528931
2.4 0.018428 7.51556417533 0.0233113345418
2.4 0.01897 7.30882577949 0.0224981886454
2.4 0.019512 7.1353971573 0.0219226254596
2.6 0.001084 30.518120962 0.10452871596
2.6 0.001626 28.0163301175 0.0971283239742
2.6 0.002168 26.8415574437 0.0926208794008
2.6 0.00271 25.9095909274 0.0881842324279
2.6 0.003252 24.4077097675 0.0820519997482
2.6 0.003794 23.2896447905 0.0777836512636
2.6 0.004336 22.4009383385 0.0746350548
2.6 0.004878 21.3202977876 0.070626921204
2.6 0.00542 20.4743589694 0.0672789729747
2.6 0.005962 19.7126640934 0.0646175468358
2.6 0.006504 18.771664218 0.0613035597716
2.6 0.007046 17.9676108668 0.0587379020512
2.6 0.007588 17.5888841331 0.057481218917
2.6 0.00813 16.7343698412 0.0542269878533
2.6 0.008672 16.422868522 0.0527792576912
2.6 0.009214 15.7416194565 0.0505024696464
2.6 0.009756 15.3180699661 0.0484756306633
2.6 0.010298 14.7323076465 0.0468494736663
2.6 0.01084 14.3295812225 0.045198415229
2.6 0.011382 13.8904463439 0.0435966698407
2.6 0.011924 13.4563522448 0.042308797389
2.6 0.012466 13.0142390653 0.040916981334
2.6 0.013008 12.5465026873 0.0393170385699
2.6 0.01355 12.1613415664 0.0379036831472
2.6 0.014092 11.791328734 0.0366977148529
2.6 0.014634 11.4483991398 0.0357680552228
2.6 0.015176 11.1364624809 0.0343189096769
2.6 0.015718 10.9030001499 0.033555600384
2.6 0.01626 10.5547332254 0.0325141535537
2.6 0.016802 10.1895464405 0.0312900538674
2.6 0.017344 9.94722520847 0.0303311291978
2.6 0.017886 9.68591920994 0.0293344193464
2.6 0.018428 9.41136019562 0.0284800356937
2.6 0.01897 9.16912525833 0.0276809427855
2.6 0.019512 8.88728090739 0.0267630781803
2.8 0.001084 37.9752218951 0.129707081854
2.8 0.001626 34.8597824302 0.119988148112
2.8 0.002168 33.3297974116 0.11411703959
2.8 0.00271 32.0005340809 0.108010742051
2.8 0.003252 29.8915594789 0.0998936056989
2.8 0.003794 28.7727835138 0.0956612547951
2.8 0.004336 27.4428006377 0.0908813521466
2.8 0.004878 26.0812159745 0.085733181373
2.8 0.00542 25.1105477467 0.0820503406487
2.8 0.005962 24.0274020343 0.0781093307959
2.8 0.006504 22.8511551197 0.0740025186528
2.8 0.007046 22.1470280733 0.0717830031126
2.8 0.007588 21.5255483226 0.069607361362
2.8 0.00813 20.6333268686 0.0660655754121
2.8 0.008672 20.0855401937 0.0638766002491
2.8 0.009214 19.2814437642 0.0610714867005
2.8 0.009756 18.7225255444 0.0585469207792
2.8 0.010298 17.9101922792 0.0565906345119
2.8 0.01084 17.5618375226 0.0544099950984
2.8 0.011382 16.8829139511 0.0526052796521
2.8 0.011924 16.4173296394 0.0509131225868
2.8 0.012466 15.8177687258 0.0490029642038
2.8 0.013008 15.3277383623 0.0471696605137
2.8 0.01355 14.9087955702 0.045509539882
2.8 0.014092 14.4748698555 0.0443254008762
2.8 0.014634 14.0453235924 0.0426044240982
2.8 0.015176 13.6976421086 0.041597017937
2.8 0.015718 13.2788125185 0.0401038701874
2.8 0.01626 12.8384625157 0.038600320892
2.8 0.016802 12.5199150908 0.0375745531773
2.8 0.017344 12.2195664593 0.036542947153
2.8 0.017886 11.8734464371 0.0353052782616
2.8 0.018428 11.5776321891 0.0342357065647
2.8 0.01897 11.2556883127 0.0332206290315
2.8 0.019512 10.9167228437 0.0321813371761
3.0 0.001084 46.1556656319 0.158409652468
3.0 0.001626 42.3986872615 0.146437412
3.0 0.002168 40.4632068514 0.139498584767
3.0 0.00271 38.6678427238 0.130932406248
3.0 0.003252 35.8642878914 0.119908866182
3.0 0.003794 34.8618992787 0.11603030493
3.0 0.004336 32.9036698357 0.109328535244
3.0 0.004878 31.3467179838 0.103048403296
3.0 0.00542 30.2213936826 0.0989775283516
3.0 0.005962 28.7168511745 0.09323080518
3.0 0.006504 27.3612828462 0.0882008368826
3.0 0.007046 26.8123404274 0.0866999685086
3.0 0.007588 25.6712478315 0.0825568860753
3.0 0.00813 24.8222243863 0.0789879140737
3.0 0.008672 23.9319732677 0.0759852696506
3.0 0.009214 23.1686357865 0.07265718535
3.0 0.009756 22.2613352978 0.0698554148649
3.0 0.010298 21.5837295416 0.0674287855569
3.0 0.01084 20.9551426661 0.0648900280928
3.0 0.011382 20.2119790145 0.0623155962977
3.0 0.011924 19.5861311406 0.0600239799837
3.0 0.012466 18.9890971554 0.0581502809881
3.0 0.013008 18.4476640808 0.0561028345905
3.0 0.01355 17.9257436174 0.0540606182481
3.0 0.014092 17.3639090167 0.0523125805199
3.0 0.014634 16.869724786 0.0506858880229
3.0 0.015176 16.4247075435 0.0493306711721
3.0 0.015718 15.8976022931 0.0472861407839
3.0 0.01626 15.4400850454 0.0458665558994
3.0 0.016802 15.0834039337 0.0446871491564
3.0 0.017344 14.6688418424 0.04322234099
3.0 0.017886 14.3381692704 0.041900302511
3.0 0.018428 13.9892615509 0.0406922536543
3.0 0.01897 13.5555702925 0.0394614469821
3.0 0.019512 13.3053525046 0.038262940728
3.2 0.001084 55.5700852897 0.193490560408
3.2 0.001626 51.0673762195 0.178047502447
3.2 0.002168 48.5009878037 0.1697271969
3.2 0.00271 46.16437344 0.157139146005
3.2 0.003252 42.5348844679 0.143006078798
3.2 0.003794 41.8137163427 0.139872227359
3.2 0.004336 38.9991718831 0.130715903738
3.2 0.004878 37.3841673292 0.123856588574
3.2 0.00542 35.977874189 0.118639351804
3.2 0.005962 33.9537441176 0.110796076216
3.2 0.006504 32.3415032044 0.104448620216
3.2 0.007046 32.0532651942 0.104179642475
3.2 0.007588 30.1863308342 0.0972135456304
3.2 0.00813 29.5347831232 0.0942337893274
3.2 0.008672 28.162583391 0.0895499355204
3.2 0.009214 27.5991485193 0.0864619552199
3.2 0.009756 26.1833288733 0.0825561075415
3.2 0.010298 25.7219181872 0.079884822654
3.2 0.01084 24.7454192924 0.076583002187
3.2 0.011382 23.8331133163 0.0729809692635
3.2 0.011924 23.2696495655 0.0710279462857
3.2 0.012466 22.5102516376 0.0689770555317
3.2 0.013008 21.9652437383 0.066132056999
3.2 0.01355 21.2526869589 0.0641309126784
3.2 0.014092 20.4873389864 0.0613606824451
3.2 0.014634 20.0515126215 0.0602437716869
3.2 0.015176 19.4411189463 0.0577987918466
3.2 0.015718 18.8259907101 0.0560862730884
3.2 0.01626 18.3911153743 0.0542871420007
3.2 0.016802 17.8990493987 0.0525050654474
3.2 0.017344 17.6015990997 0.0513368889224
3.2 0.017886 17.1289264558 0.0495487234736
3.2 0.018428 16.5803669995 0.0480022280789
3.2 0.01897 16.2548360999 0.0464686096885
3.2 0.019512 15.8500259606 0.0454411200797
3.4 0.001084 66.8675827355 0.235691731888
3.4 0.001626 61.4145417518 0.217404393624
3.4 0.002168 57.9646248427 0.20572371283
3.4 0.00271 54.8543443889 0.188731141138
3.4 0.003252 50.9043457292 0.173106383482
3.4 0.003794 49.6543386433 0.167971929719
3.4 0.004336 46.4193092728 0.157123199656
3.4 0.004878 44.5132085548 0.149201282655
3.4 0.00542 42.5077637183 0.14129739475
3.4 0.005962 40.1585494766 0.132320289452
3.4 0.006504 38.5306734874 0.125786610264
3.4 0.007046 37.6698944447 0.123093001019
3.4 0.007588 35.8764655827 0.116110912307
3.4 0.00813 34.8182904918 0.111680198073
3.4 0.008672 33.4506661191 0.10646463692
3.4 0.009214 32.4844024808 0.10252659905
3.4 0.009756 31.1377101175 0.0976073505008
3.4 0.010298 30.2893218906 0.0943317069168
3.4 0.01084 29.1344377307 0.0902219180979
3.4 0.011382 28.2102963413 0.0867035104669
3.4 0.011924 27.4797093609 0.0844761024026
3.4 0.012466 26.6868108903 0.0812703977494
3.4 0.013008 25.9574958161 0.0783423566822
3.4 0.01355 25.0584023477 0.0754511845461
3.4 0.014092 24.3340112784 0.0729596379502
3.4 0.014634 23.6704333644 0.070675197419
3.4 0.015176 22.9650958033 0.0683571573511
3.4 0.015718 22.3879445264 0.0663488504832
3.4 0.01626 21.8243039084 0.0640558975136
3.4 0.016802 21.404371898 0.0622196505918
3.4 0.017344 20.8801000011 0.0602456425139
3.4 0.017886 20.1989661703 0.0581152612665
3.4 0.018428 19.7474767526 0.0565633369727
3.4 0.01897 19.2179736416 0.0548989897197
3.4 0.019512 18.7211720573 0.0532808315018
3.6 0.001084 80.5310147987 0.287770406245
3.6 0.001626 73.913792176 0.265726268299
3.6 0.002168 69.3120691302 0.248785049293
3.6 0.00271 65.2338089138 0.227029248793
3.6 0.003252 61.0341040632 0.210059421578
3.6 0.003794 58.9021797114 0.202175583245
3.6 0.004336 55.2829702932 0.189342185871
3.6 0.004878 52.9307877789 0.17932336626
3.6 0.00542 50.1768740731 0.168550439868
3.6 0.005962 47.4158471704 0.158155501685
3.6 0.006504 45.8873710141 0.152140879874
3.6 0.007046 44.2410652301 0.145902201002
3.6 0.007588 42.5346100727 0.138670104433
3.6 0.00813 40.936781233 0.132350430501
3.6 0.008672 39.7736856219 0.127830322179
3.6 0.009214 38.2048599092 0.121481106118
3.6 0.009756 36.8819877348 0.116505615712
3.6 0.010298 35.6563973722 0.112076851815
3.6 0.01084 34.1348136521 0.10614956653
3.6 0.011382 33.4725631418 0.103640852116
3.6 0.011924 32.3836223843 0.10017631862
3.6 0.012466 31.6573156796 0.0958706030024
3.6 0.013008 30.6435080624 0.0934100034035
3.6 0.01355 29.5637750473 0.0885801619595
3.6 0.014092 28.8049029675 0.0866016864237
3.6 0.014634 27.9172459953 0.0832227604583
3.6 0.015176 27.2631147663 0.0809927325301
3.6 0.015718 26.620909044 0.0785051611696
3.6 0.01626 25.9340155002 0.0755959033491
3.6 0.016802 25.3875791506 0.0732955660944
3.6 0.017344 24.5887752189 0.070742079807
3.6 0.017886 23.9245692853 0.0686227715742
3.6 0.018428 23.3407483755 0.0668660492658
3.6 0.01897 22.7050543422 0.0645631266024
3.6 0.019512 22.1690489512 0.0627481339256
3.8 0.001084 96.3654534804 0.352031401405
3.8 0.001626 88.2934157237 0.324740768626
3.8 0.002168 82.3837841068 0.301059777341
3.8 0.00271 77.3631495393 0.27437766472
3.8 0.003252 73.0329706257 0.255891601091
3.8 0.003794 69.9063403756 0.24420328335
3.8 0.004336 66.0235270951 0.22924989991
3.8 0.004878 62.9819472903 0.216115963906
3.8 0.00542 59.4557567161 0.202616596015
3.8 0.005962 56.2154225389 0.190168344208
3.8 0.006504 54.7142687898 0.184366859482
3.8 0.007046 52.0368654068 0.173408089844
3.8 0.007588 50.5484076266 0.166259572433
3.8 0.00813 48.3808778967 0.158305947934
3.8 0.008672 47.3920726908 0.154252900359
3.8 0.009214 45.2097015554 0.144610678169
3.8 0.009756 43.7470995711 0.139664927324
3.8 0.010298 42.1827485897 0.133593738795
3.8 0.01084 40.5126546869 0.126863943216
3.8 0.011382 39.7045483434 0.123645541465
3.8 0.011924 38.4714215754 0.119072001795
3.8 0.012466 37.5115577548 0.114902451654
3.8 0.013008 36.3011996567 0.110333904577
3.8 0.01355 35.1373109277 0.106071987425
3.8 0.014092 34.0770198862 0.102334486371
3.8 0.014634 33.2269812021 0.0991391773827
3.8 0.015176 32.4652706684 0.0962951169347
3.8 0.015718 31.5368170537 0.0926296639246
3.8 0.01626 30.773025828 0.0892935333453
3.8 0.016802 29.9857271173 0.0870686171092
3.8 0.017344 29.0359211748 0.0833250127111
3.8 0.017886 28.5057554851 0.0822306851528
3.8 0.018428 27.4557237181 0.0783220124734
3.8 0.01897 27.0173238471 0.076787783262
3.8 0.019512 26.2561457658 0.0739806269541
4.0 0.001084 116.669179775 0.431603343279
4.0 0.001626 106.735856426 0.397951922018
4.0 0.002168 99.1679875984 0.365790040283
4.0 0.00271 92.9025269212 0.333907702391
4.0 0.003252 88.0534607543 0.313052544735
4.0 0.003794 83.5438640876 0.296227702625
4.0 0.004336 79.2951534805 0.279077196275
4.0 0.004878 75.262510526 0.261894360186
4.0 0.00542 70.8731179351 0.245180280869
4.0 0.005962 67.0630349148 0.229684422566
4.0 0.006504 65.5618592647 0.224162729543
4.0 0.007046 61.8298432541 0.207907850986
4.0 0.007588 60.242404219 0.200400801913
4.0 0.00813 57.8946908964 0.191993701056
4.0 0.008672 56.3236021099 0.18483184322
4.0 0.009214 54.0198041455 0.174910527379
4.0 0.009756 52.1688081742 0.168120664787
4.0 0.010298 50.0277509157 0.159793201334
4.0 0.01084 48.6332074576 0.153069057081
4.0 0.011382 47.1393482777 0.147957305111
4.0 0.011924 45.9486490951 0.143088483153
4.0 0.012466 44.6766129718 0.137807749676
4.0 0.013008 43.2834887648 0.131884258105
4.0 0.01355 41.8007831279 0.127149182526
4.0 0.014092 40.6625162506 0.122532828337
4.0 0.014634 39.6656500366 0.118815659233
4.0 0.015176 38.6294200576 0.114490640546
4.0 0.015718 37.5524323189 0.110025021128
4.0 0.01626 36.6100991063 0.106969555694
4.0 0.016802 35.6575167055 0.103662046908
4.0 0.017344 34.8159219586 0.100705808873
4.0 0.017886 33.6148748717 0.096790649953
4.0 0.018428 32.8703280246 0.0943732999873
4.0 0.01897 32.1228077773 0.0909380115428
4.0 0.019512 31.1190090794 0.0872022866953
4.2 0.001084 140.058656619 0.5308268711
4.2 0.001626 127.963238144 0.488751050245
4.2 0.002168 118.648799424 0.446891382184
4.2 0.00271 111.122637907 0.408077449379
4.2 0.003252 105.806319094 0.384098618439
4.2 0.003794 99.878331352 0.360666979649
4.2 0.004336 95.2419220871 0.340832694723
4.2 0.004878 89.8973329662 0.31806740314
4.2 0.00542 84.5614417641 0.297676689816
4.2 0.005962 80.5446039121 0.280325344324
4.2 0.006504 77.9593653092 0.270012187351
4.2 0.007046 74.158382187 0.252480638806
4.2 0.007588 71.8895459558 0.242882785743
4.2 0.00813 69.6117440475 0.233937051983
4.2 0.008672 67.3076588404 0.222900363297
4.2 0.009214 64.4837353009 0.211294737035
4.2 0.009756 62.5041919465 0.203407880501
4.2 0.010298 59.4142712483 0.192211248754
4.2 0.01084 58.3741935486 0.184720542108
4.2 0.011382 56.2122504335 0.178450087202
4.2 0.011924 54.9304771329 0.172787729076
4.2 0.012466 53.4067619111 0.165543335741
4.2 0.013008 51.6507397105 0.159111513747
4.2 0.01355 50.0003937366 0.153119502514
4.2 0.014092 48.6875444374 0.14796606014
4.2 0.014634 47.3623651532 0.142712075043
4.2 0.015176 46.0873561003 0.136992512824
4.2 0.015718 44.7374754028 0.131667970683
4.2 0.01626 43.753779982 0.129145915087
4.2 0.016802 42.6520899705 0.124452340013
4.2 0.017344 41.4831803001 0.120519537197
4.2 0.017886 40.1892368191 0.116281539455
4.2 0.018428 39.3698504274 0.112614190413
4.2 0.01897 38.2260292554 0.107904490159
4.2 0.019512 37.4979362279 0.104529137338
4.4 0.001084 168.680581065 0.654523563482
4.4 0.001626 153.938892609 0.60084641735
4.4 0.002168 142.65092496 0.547268320044
4.4 0.00271 133.494873412 0.499932909036
4.4 0.003252 127.496521796 0.472027896875
4.4 0.003794 119.678841557 0.439936269179
4.4 0.004336 114.774916003 0.418375958106
4.4 0.004878 107.667289729 0.387925254863
4.4 0.00542 101.347218352 0.362715446851
4.4 0.005962 97.172807861 0.344260322288
4.4 0.006504 93.0731017084 0.326473401529
4.4 0.007046 89.3073186765 0.308076667427
4.4 0.007588 86.2628323602 0.295828278511
4.4 0.00813 84.0007794208 0.28509692081
4.4 0.008672 80.9014850782 0.270618507028
4.4 0.009214 77.3829224951 0.256007997856
4.4 0.009756 74.9761468939 0.246947206409
4.4 0.010298 71.727518636 0.233375909432
4.4 0.01084 69.8478204192 0.224577372342
4.4 0.011382 67.6563347906 0.217438857644
4.4 0.011924 65.9279823562 0.208758001502
4.4 0.012466 64.2227382508 0.200696166499
4.4 0.013008 61.7663834637 0.192814288077
4.4 0.01355 60.1467251779 0.185151240679
4.4 0.014092 58.5177958017 0.179023105202
4.4 0.014634 56.9191969671 0.172037601125
4.4 0.015176 55.3417863222 0.164982928269
4.4 0.015718 53.9245475845 0.160555752358
4.4 0.01626 52.5773380867 0.155260865626
4.4 0.016802 51.2656766372 0.150301258368
4.4 0.017344 49.5410268751 0.144318883086
4.4 0.017886 48.4077588963 0.140354824255
4.4 0.018428 47.2799451908 0.134509865538
4.4 0.01897 45.9826744103 0.129845231316
4.4 0.019512 45.0882476216 0.126219374764
4.6 0.001084 202.035313673 0.806268297847
4.6 0.001626 184.25137724 0.737201996454
4.6 0.002168 170.891861066 0.670685849147
4.6 0.00271 160.074238713 0.612480630626
4.6 0.003252 153.377674488 0.580135155501
4.6 0.003794 143.271768369 0.537193946986
4.6 0.004336 137.898361214 0.511928900171
4.6 0.004878 128.944296795 0.473528808799
4.6 0.00542 121.686487999 0.442623788334
4.6 0.005962 117.109063419 0.422533135164
4.6 0.006504 111.383973019 0.395957056659
4.6 0.007046 107.783490817 0.376735620442
4.6 0.007588 103.843194022 0.36087039993
4.6 0.00813 101.236493357 0.346760626661
4.6 0.008672 97.1616309395 0.328853663813
4.6 0.009214 93.4098146523 0.31340674941
4.6 0.009756 89.6579500396 0.299171820782
4.6 0.010298 86.6256296371 0.28410024009
4.6 0.01084 83.8245943265 0.274568083426
4.6 0.011382 81.301300335 0.264590775448
4.6 0.011924 79.3071525473 0.253467881094
4.6 0.012466 77.0291542362 0.244078102233
4.6 0.013008 74.2946061098 0.23387786188
4.6 0.01355 72.3772877136 0.224941335604
4.6 0.014092 70.4311902205 0.216969090979
4.6 0.014634 68.6470920937 0.207181418854
4.6 0.015176 66.6442663543 0.200729248781
4.6 0.015718 65.0564398353 0.195041121406
4.6 0.01626 63.3508526912 0.187571419761
4.6 0.016802 61.588182687 0.181314869925
4.6 0.017344 59.7923928664 0.174701963735
4.6 0.017886 58.3724771983 0.168343802064
4.6 0.018428 56.7370717075 0.162437046801
4.6 0.01897 55.536362534 0.156586815821
4.6 0.019512 54.1562003161 0.152512590557
