2.2 0.184924702397 14829.1795903 1.34792640762
2.4 0.231425921518 15141.4014074 1.34039238208
2.6 0.285929695332 14925.3407648 1.33727090677
2.8 0.349252333224 14348.7177385 1.33353782214
3.0 0.422242531447 13290.2316689 1.32614726678
3.2 0.505780851386 12231.3834674 1.31942670162
3.4 0.600779232412 11222.8391039 1.31180306877
3.6 0.708180535481 10218.3211465 1.30003669163
3.8 0.828958114192 9368.63863384 1.28932226618
4.0 0.9641154105 8754.87744801 1.27780054149
4.2 1.1146855727 8339.21185423 1.26793036208
4.4 1.28173109358 8029.34786404 1.25802520901
4.6 1.46634346696 7585.81593933 1.25237948987
