2.2 0.294479400147 15603.050095 1.34535583597
2.4 0.377575293403 15967.53223 1.34153929085
2.6 0.477287721261 15684.1709059 1.33586548663
2.8 0.595734504445 15070.4907635 1.33151119263
3.0 0.735166947198 13984.0415109 1.32674985286
3.2 0.89797056158 12828.468315 1.31688980175
3.4 1.08666575818 11762.1328337 1.30898049511
3.6 1.30390850638 10717.8271319 1.29889644653
3.8 1.55249096683 9812.58078436 1.28713862332
4.0 1.83534209858 9177.89100123 1.27678238157
4.2 2.15552824283 8725.47443488 1.26585777077
4.4 2.5162536852 8387.88881372 1.25529497235
4.6 2.92086119803 7941.39427586 1.25188307887
