2.2 0.001084 18.8448343871 0.0672598889405
2.2 0.001626 17.3584024689 0.0618209638836
2.2 0.002168 16.5186666044 0.0583276023261
2.2 0.00271 16.0718109959 0.0563235136541
2.2 0.003252 15.4512401403 0.0537887374648
2.2 0.003794 14.5935750562 0.0504345461963
2.2 0.004336 14.0641884063 0.0485182881441
2.2 0.004878 13.53072008 0.0467066814896
2.2 0.00542 12.9753393899 0.0439171680663
2.2 0.005962 12.4762255825 0.0422926701485
2.2 0.006504 12.0480808326 0.0408208073174
2.2 0.007046 11.5388241438 0.0389150980433
2.2 0.007588 11.0348383333 0.0370359955717
2.2 0.00813 10.6143877695 0.0357325710719
2.2 0.008672 10.2328893713 0.0347544828158
2.2 0.009214 9.92302231066 0.0332878331542
2.2 0.009756 9.52237084863 0.0316875173927
2.2 0.010298 9.36277436146 0.0311272941434
2.2 0.01084 9.01882345248 0.0299308869322
2.2 0.011382 8.71948699091 0.028964778017
2.2 0.011924 8.41992493706 0.0278453437427
2.2 0.012466 8.18692990296 0.0270175652454
2.2 0.013008 7.97511193179 0.0264274975721
2.2 0.01355 7.658401916 0.0253749317177
2.2 0.014092 7.45709117407 0.0246095640174
2.2 0.014634 7.19628033337 0.0235446274212
2.2 0.015176 7.00096546666 0.0229477491353
2.2 0.015718 6.8096332221 0.0222829372429
2.2 0.01626 6.60824414628 0.0214562238255
2.2 0.016802 6.47489175053 0.0209552579006
2.2 0.017344 6.31194499003 0.0204190881043
2.2 0.017886 6.09408398088 0.0196606852969
2.2 0.018428 5.94009848621 0.0191263719939
2.2 0.01897 5.75064985665 0.018498345596
2.2 0.019512 5.56398722277 0.0179001520126
2.4 0.001084 24.7610313856 0.0871880961392
2.4 0.001626 22.7177464312 0.0802080135096
2.4 0.002168 21.6367215267 0.0757463348346
2.4 0.00271 20.9963863752 0.0728001135522
2.4 0.003252 20.0247620853 0.0688058865902
2.4 0.003794 18.9574014015 0.0647243575413
2.4 0.004336 18.2715604151 0.0622873848925
2.4 0.004878 17.538132007 0.0593702244293
2.4 0.00542 16.7527826622 0.0559376392699
2.4 0.005962 16.1321966806 0.0543010629982
2.4 0.006504 15.5359074862 0.05192585962
2.4 0.007046 14.808955354 0.0492809232861
2.4 0.007588 14.2301688708 0.0472552422221
2.4 0.00813 13.675892683 0.0455606023337
2.4 0.008672 13.2826164659 0.0441209299514
2.4 0.009214 12.8411467566 0.042360036708
2.4 0.009756 12.4106567166 0.0407318787858
2.4 0.010298 12.0748211052 0.0395103602992
2.4 0.01084 11.5702708017 0.0378173990862
2.4 0.011382 11.2274637535 0.0366430954827
2.4 0.011924 10.848479069 0.0350808922375
2.4 0.012466 10.6475448403 0.0345277005416
2.4 0.013008 10.1719080052 0.0329978168229
2.4 0.01355 9.91701419318 0.0319139341305
2.4 0.014092 9.59801603591 0.0307531578652
2.4 0.014634 9.29053495379 0.0298384867931
2.4 0.015176 9.02890590918 0.0289300437281
2.4 0.015718 8.76057112545 0.0278689142807
2.4 0.01626 8.52857796338 0.0270842681064
2.4 0.016802 8.35904312349 0.0266019982759
2.4 0.017344 8.02836972532 0.0254218796648
2.4 0.017886 7.83065204454 0.0246560738824
2.4 0.018428 7.63384799595 0.0240074738953
2.4 0.01897 7.39391323767 0.0232142930852
2.4 0.019512 7.20477181675 0.0225445626892
2.6 0.001084 31.6415287145 0.109593104539
2.6 0.001626 28.9766474636 0.101343873034
2.6 0.002168 27.6746090047 0.0959875615952
2.6 0.00271 26.74734881 0.0918640809553
2.6 0.003252 25.2489718174 0.0858950888514
2.6 0.003794 23.9953645075 0.0810994394848
2.6 0.004336 23.0645279923 0.0776570875788
2.6 0.004878 22.0223223285 0.073554876095
2.6 0.00542 21.0990804347 0.0699559991414
2.6 0.005962 20.3305364399 0.0675212977926
2.6 0.006504 19.4285281819 0.0642520659981
2.6 0.007046 18.5389874824 0.0611935496887
2.6 0.007588 17.9237726624 0.059082859283
2.6 0.00813 17.143272265 0.0564495747454
2.6 0.008672 16.8177645184 0.0548638367535
2.6 0.009214 16.1120646946 0.0523785965044
2.6 0.009756 15.6517886448 0.0503704450424
2.6 0.010298 15.0186006369 0.0484261576309
2.6 0.01084 14.5674570706 0.0468721129964
2.6 0.011382 14.1178630409 0.0451170667192
2.6 0.011924 13.715975272 0.0436842561383
2.6 0.012466 13.2718752112 0.0422051404463
2.6 0.013008 12.8219712249 0.0405511233766
2.6 0.01355 12.4883478207 0.0392515293581
2.6 0.014092 12.0476112328 0.0378435715162
2.6 0.014634 11.6754875812 0.0366833746724
2.6 0.015176 11.3465573677 0.0354734398933
2.6 0.015718 10.9716081603 0.0341562220505
2.6 0.01626 10.7790533526 0.0334501931503
2.6 0.016802 10.3798947264 0.0323117210102
2.6 0.017344 10.0714602725 0.0310635408913
2.6 0.017886 9.84781147132 0.0302747900844
2.6 0.018428 9.58419546057 0.0293719109786
2.6 0.01897 9.34042850043 0.0284761870748
2.6 0.019512 9.07447285958 0.0276098199785
2.8 0.001084 39.4408399787 0.135748154439
2.8 0.001626 36.0926561677 0.126190765697
2.8 0.002168 34.4785613975 0.119405489017
2.8 0.00271 33.0937086663 0.113021473278
2.8 0.003252 31.0323243839 0.104732922284
2.8 0.003794 29.7164979365 0.0996097980253
2.8 0.004336 28.3739831575 0.0949239095716
2.8 0.004878 27.01087858 0.0897932237918
2.8 0.00542 25.9471366626 0.0857030371346
2.8 0.005962 24.8693077626 0.0819212968518
2.8 0.006504 23.6689898446 0.0777350092875
2.8 0.007046 22.7519723497 0.0746102177499
2.8 0.007588 21.9882427766 0.07195146114
2.8 0.00813 21.1451170935 0.0686719504478
2.8 0.008672 20.5731383497 0.0665035597054
2.8 0.009214 19.7413872639 0.0632518748255
2.8 0.009756 19.2019618738 0.0609209290668
2.8 0.010298 18.3834396357 0.0587546557915
2.8 0.01084 17.9801176316 0.0566186776469
2.8 0.011382 17.3004841012 0.0543981048718
2.8 0.011924 16.8411321416 0.0529611231235
2.8 0.012466 16.1927236205 0.0506541160787
2.8 0.013008 15.7130549282 0.0488931215931
2.8 0.01355 15.1860130329 0.0470829695953
2.8 0.014092 14.6947724752 0.0457631119807
2.8 0.014634 14.3012280144 0.044071375291
2.8 0.015176 13.9382439115 0.0427009765605
2.8 0.015718 13.563208382 0.0415761236454
2.8 0.01626 13.1386124039 0.0401531044175
2.8 0.016802 12.7505465163 0.0387440910263
2.8 0.017344 12.4392892519 0.0375130268015
2.8 0.017886 12.1207703367 0.0363947404033
2.8 0.018428 11.8002642877 0.0353758958857
2.8 0.01897 11.4542601236 0.0342722831343
2.8 0.019512 11.1137115259 0.0332390553896
3.0 0.001084 48.2206085962 0.166496325902
3.0 0.001626 44.0720401589 0.154248156337
3.0 0.002168 42.023333231 0.145869535126
3.0 0.00271 40.1604128971 0.13705018088
3.0 0.003252 37.3882937564 0.126200936984
3.0 0.003794 36.1498614164 0.121350767287
3.0 0.004336 34.2226479288 0.114434742307
3.0 0.004878 32.519761379 0.107670859372
3.0 0.00542 31.2934897507 0.103110441513
3.0 0.005962 29.761407355 0.0978714503886
3.0 0.006504 28.2858358082 0.092497078056
3.0 0.007046 27.5174052578 0.0902033228316
3.0 0.007588 26.386938688 0.0859392866475
3.0 0.00813 25.5827843146 0.0825528112144
3.0 0.008672 24.6161228049 0.0790092643359
3.0 0.009214 23.8288056769 0.0754398672055
3.0 0.009756 22.9013363828 0.0724935729032
3.0 0.010298 22.193663509 0.0697918041383
3.0 0.01084 21.5293940878 0.0671785122376
3.0 0.011382 20.8118777416 0.0649385054069
3.0 0.011924 20.1616180368 0.0626487903924
3.0 0.012466 19.4833791417 0.0601724094105
3.0 0.013008 18.8967411907 0.0580022281368
3.0 0.01355 18.3179503495 0.0561400698449
3.0 0.014092 17.745494664 0.054164370945
3.0 0.014634 17.268513804 0.052213639664
3.0 0.015176 16.8424792064 0.0508655771689
3.0 0.015718 16.3126882973 0.0491327059367
3.0 0.01626 15.8117451599 0.0473135470839
3.0 0.016802 15.4387122822 0.0460391753306
3.0 0.017344 15.0194314571 0.0446550074427
3.0 0.017886 14.5955217605 0.0432122884259
3.0 0.018428 14.2376002727 0.0419251073644
3.0 0.01897 13.7542105876 0.0404253693043
3.0 0.019512 13.504785033 0.0393925432744
3.2 0.001084 58.1559820037 0.202877967656
3.2 0.001626 53.2052706176 0.187406783368
3.2 0.002168 50.5253399422 0.177048782071
3.2 0.00271 48.0622717104 0.164958208259
3.2 0.003252 44.4705475965 0.151079797657
3.2 0.003794 43.3719359525 0.146468280871
3.2 0.004336 40.607202272 0.1367956796
3.2 0.004878 38.6666795243 0.128657161428
3.2 0.00542 37.2517276215 0.123794027432
3.2 0.005962 35.1414028773 0.116177507241
3.2 0.006504 33.5137158616 0.109540960179
3.2 0.007046 32.955719182 0.108622835061
3.2 0.007588 31.2127264187 0.101604549588
3.2 0.00813 30.5175776061 0.0984364039734
3.2 0.008672 29.056045424 0.0934862808096
3.2 0.009214 28.4076927445 0.0895024101721
3.2 0.009756 26.9611668015 0.085878637968
3.2 0.010298 26.5314304498 0.0828162495624
3.2 0.01084 25.4253719011 0.0794638846603
3.2 0.011382 24.7200242866 0.0766702961342
3.2 0.011924 23.899732092 0.0737281878961
3.2 0.012466 23.164568893 0.071187577211
3.2 0.013008 22.5073858357 0.0682086446359
3.2 0.01355 21.7686362593 0.0662330278992
3.2 0.014092 21.0518948738 0.063391173924
3.2 0.014634 20.5759089186 0.06225322956
3.2 0.015176 19.9633483338 0.0597851868392
3.2 0.015718 19.2671851363 0.0571314083794
3.2 0.01626 18.8812891152 0.0559700080808
3.2 0.016802 18.3794479261 0.0543513367502
3.2 0.017344 17.8702549487 0.0523432307757
3.2 0.017886 17.5545911979 0.0509581275139
3.2 0.018428 16.8843298464 0.0491354037593
3.2 0.01897 16.5439157598 0.0475307556323
3.2 0.019512 16.2841276394 0.0468294365824
3.4 0.001084 70.0880782969 0.247601804654
3.4 0.001626 64.1366367368 0.227765031388
3.4 0.002168 60.5747519622 0.214888404193
3.4 0.00271 57.2598431247 0.197947629111
3.4 0.003252 53.232401467 0.182026956071
3.4 0.003794 51.6610563634 0.175836687309
3.4 0.004336 48.3069842605 0.164091796031
3.4 0.004878 46.1017448885 0.154709532203
3.4 0.00542 44.090240018 0.147749136098
3.4 0.005962 41.6035837596 0.137957921934
3.4 0.006504 39.9302857186 0.131436462705
3.4 0.007046 38.9570282434 0.128519165688
3.4 0.007588 37.0968423966 0.12084103187
3.4 0.00813 35.9588221221 0.116295884623
3.4 0.008672 34.5524932202 0.110747088215
3.4 0.009214 33.4971788742 0.106462181621
3.4 0.009756 32.1280740072 0.102049937547
3.4 0.010298 31.2614575176 0.0980475996268
3.4 0.01084 30.0827933207 0.0936088524439
3.4 0.011382 29.1787380433 0.0899862347916
3.4 0.011924 28.3345237835 0.0872249876405
3.4 0.012466 27.521218891 0.0840473150988
3.4 0.013008 26.6763316739 0.0806332886609
3.4 0.01355 25.7416622001 0.0775576925134
3.4 0.014092 25.0200013023 0.0753033261739
3.4 0.014634 24.3888558088 0.073062902053
3.4 0.015176 23.572029783 0.0699514267889
3.4 0.015718 22.9238884853 0.067759652385
3.4 0.01626 22.365763782 0.0659891063661
3.4 0.016802 21.8110783175 0.0638298362949
3.4 0.017344 21.3454947267 0.0616314635965
3.4 0.017886 20.6926223191 0.0597049282285
3.4 0.018428 20.19049146 0.0576975032017
3.4 0.01897 19.8229460239 0.0564836787672
3.4 0.019512 19.2705949622 0.0545332357845
3.6 0.001084 84.4142342925 0.3020297795
3.6 0.001626 77.2467826561 0.277329528612
3.6 0.002168 72.5520088245 0.260073157162
3.6 0.00271 68.214040492 0.237687348083
3.6 0.003252 63.7436128 0.219886091435
3.6 0.003794 61.3734181119 0.211110897858
3.6 0.004336 57.5144836006 0.197478012647
3.6 0.004878 54.9104643361 0.186796070675
3.6 0.00542 52.1117414413 0.176221944697
3.6 0.005962 49.2040618059 0.164295945148
3.6 0.006504 47.5969073249 0.158219817626
3.6 0.007046 45.9099975318 0.151976322139
3.6 0.007588 44.1718968307 0.144496808705
3.6 0.00813 42.424765788 0.137551084479
3.6 0.008672 41.2090143934 0.132228427159
3.6 0.009214 39.4622481886 0.126061309986
3.6 0.009756 38.1924028331 0.121045099693
3.6 0.010298 36.8491487353 0.115856073547
3.6 0.01084 35.5146177157 0.110027353457
3.6 0.011382 34.604175741 0.106684089087
3.6 0.011924 33.5880887487 0.103656688446
3.6 0.012466 32.7594394885 0.09914941606
3.6 0.013008 31.5622503275 0.0955278835085
3.6 0.01355 30.4636113776 0.0915240600563
3.6 0.014092 29.7399184055 0.0892495843793
3.6 0.014634 28.8802816768 0.0856516706786
3.6 0.015176 27.898421269 0.0826879593745
3.6 0.015718 27.2264445425 0.0801433234295
3.6 0.01626 26.5848363773 0.0778257044819
3.6 0.016802 26.0394558078 0.0752867973029
3.6 0.017344 25.3029172119 0.072601063861
3.6 0.017886 24.5517519099 0.0700809134879
3.6 0.018428 24.0257185611 0.0680496649785
3.6 0.01897 23.4447436673 0.0661898294599
3.6 0.019512 22.7945486548 0.06382515579
3.8 0.001084 101.206802217 0.368912770649
3.8 0.001626 92.5216276434 0.33900324232
3.8 0.002168 86.5163422863 0.315285834402
3.8 0.00271 81.0991096295 0.287028829312
3.8 0.003252 76.3322405656 0.267370467622
3.8 0.003794 73.0284548614 0.254972612966
3.8 0.004336 68.6961593599 0.238924980935
3.8 0.004878 65.4638968467 0.225626763538
3.8 0.00542 61.7890634277 0.211102613384
3.8 0.005962 58.38195526 0.196965656842
3.8 0.006504 56.8602537724 0.191474245302
3.8 0.007046 54.2291320825 0.180712317132
3.8 0.007588 52.6952087474 0.173510277514
3.8 0.00813 50.1211989979 0.163097322126
3.8 0.008672 49.3579340223 0.159407128364
3.8 0.009214 46.7492286762 0.149310394545
3.8 0.009756 45.4010959133 0.144163269619
3.8 0.010298 43.6927858521 0.137601918611
3.8 0.01084 42.1863634576 0.131054970784
3.8 0.011382 41.189466187 0.127877623816
3.8 0.011924 40.0068353224 0.122959481012
3.8 0.012466 38.878445899 0.117752425213
3.8 0.013008 37.4815227201 0.11317319417
3.8 0.01355 36.3634452855 0.109201884754
3.8 0.014092 35.3150269623 0.105168956962
3.8 0.014634 34.2290116355 0.101609663333
3.8 0.015176 33.323946704 0.0983207993519
3.8 0.015718 32.4081484473 0.0951475501998
3.8 0.01626 31.854198976 0.0920018280788
3.8 0.016802 30.9464791304 0.0886728818743
3.8 0.017344 29.8592329014 0.0850213809045
3.8 0.017886 29.3332703092 0.0830700575653
3.8 0.018428 28.5181123741 0.0804662187478
3.8 0.01897 27.8475085409 0.0779451590825
3.8 0.019512 27.1024473804 0.0751624200792
4.0 0.001084 122.487746239 0.451745957495
4.0 0.001626 111.891486088 0.415366341598
4.0 0.002168 104.207692358 0.383073296795
4.0 0.00271 97.4367215534 0.348281532773
4.0 0.003252 92.1717827961 0.326483030739
4.0 0.003794 87.4231431471 0.309115549462
4.0 0.004336 82.5757435083 0.29053502337
4.0 0.004878 78.3557719318 0.272818825578
4.0 0.00542 73.5905820608 0.254263803262
4.0 0.005962 69.640714528 0.23774534685
4.0 0.006504 68.2306167773 0.232560486552
4.0 0.007046 64.5574349619 0.216495301672
4.0 0.007588 62.8534650883 0.20812447567
4.0 0.00813 60.1861995846 0.197328425856
4.0 0.008672 58.6792477151 0.190736722106
4.0 0.009214 56.0416051392 0.180140754414
4.0 0.009756 54.0614027058 0.172879382364
4.0 0.010298 51.9249633471 0.164069652192
4.0 0.01084 50.5714522393 0.158551911895
4.0 0.011382 49.158928402 0.153522173535
4.0 0.011924 47.9789645346 0.146535682129
4.0 0.012466 46.3536129321 0.141438054542
4.0 0.013008 44.741835692 0.134476240431
4.0 0.01355 43.469296242 0.130774208996
4.0 0.014092 42.1460701568 0.125285047086
4.0 0.014634 41.0502343974 0.121601886389
4.0 0.015176 39.9404280306 0.11730912597
4.0 0.015718 38.9148332908 0.113007579319
4.0 0.01626 38.0258849382 0.108987728658
4.0 0.016802 36.7744245751 0.104578455846
4.0 0.017344 35.9426512623 0.102004704646
4.0 0.017886 34.8801461712 0.0983325808264
4.0 0.018428 34.1805862798 0.0957359077934
4.0 0.01897 33.1765291553 0.0920294142645
4.0 0.019512 32.466944796 0.0891907875101
4.2 0.001084 146.924963514 0.555244681495
4.2 0.001626 134.01881413 0.509473445625
4.2 0.002168 124.532809892 0.466686974589
4.2 0.00271 116.43530567 0.424835865351
4.2 0.003252 110.796966531 0.40033900735
4.2 0.003794 104.470019269 0.376116303737
4.2 0.004336 99.245651049 0.354345973664
4.2 0.004878 93.7640796519 0.330976928477
4.2 0.00542 87.8817188124 0.307970417538
4.2 0.005962 83.6688689617 0.290124782355
4.2 0.006504 81.2161049716 0.280001243086
4.2 0.007046 77.4600137951 0.262200182392
4.2 0.007588 74.8819847169 0.250441278384
4.2 0.00813 72.5161598343 0.240701546549
4.2 0.008672 69.9859264811 0.229237376073
4.2 0.009214 67.0754182027 0.218255461347
4.2 0.009756 64.6626994327 0.208215311469
4.2 0.010298 61.8241095602 0.196748635551
4.2 0.01084 60.8248569813 0.191664699433
4.2 0.011382 58.8564531345 0.184184791587
4.2 0.011924 57.4508998647 0.176598318458
4.2 0.012466 55.4833154668 0.169190162762
4.2 0.013008 53.6460934869 0.161993511204
4.2 0.01355 51.9900757524 0.155953673708
4.2 0.014092 50.634217565 0.15077797084
4.2 0.014634 49.3000890656 0.145599392667
4.2 0.015176 47.752794414 0.139859736549
4.2 0.015718 46.5828069322 0.134403419873
4.2 0.01626 45.3406513989 0.130111067204
4.2 0.016802 44.0391586761 0.124961443493
4.2 0.017344 43.0817687488 0.122062510464
4.2 0.017886 41.7768660442 0.117241724607
4.2 0.018428 40.8572505462 0.113719907017
4.2 0.01897 39.7386498801 0.109314870692
4.2 0.019512 38.7255632695 0.104890736857
4.4 0.001084 177.137142131 0.684134687211
4.4 0.001626 161.306659478 0.625943372883
4.4 0.002168 149.635992918 0.570131463
4.4 0.00271 139.979576405 0.520343969541
4.4 0.003252 133.65823557 0.492243935165
4.4 0.003794 125.298694356 0.458996149973
4.4 0.004336 119.575028914 0.433788863019
4.4 0.004878 112.392392375 0.403608984781
4.4 0.00542 105.487655297 0.375311704571
4.4 0.005962 100.918290645 0.355988496409
4.4 0.006504 97.0023387236 0.338178422509
4.4 0.007046 93.3029626581 0.319189792557
4.4 0.007588 89.7513264837 0.303897698833
4.4 0.00813 87.6539750853 0.294481330382
4.4 0.008672 83.9220741485 0.277178380255
4.4 0.009214 80.5205483775 0.2646008439
4.4 0.009756 77.6537150648 0.252143633375
4.4 0.010298 74.7627184294 0.239645462181
4.4 0.01084 72.9146080521 0.231213801521
4.4 0.011382 70.8493481569 0.2225739764
4.4 0.011924 68.8433065026 0.213446248654
4.4 0.012466 66.6583070362 0.203638346294
4.4 0.013008 64.2476698265 0.195471954165
4.4 0.01355 62.5182964605 0.188259761958
4.4 0.014092 60.8856941875 0.181978789674
4.4 0.014634 59.0809963987 0.174498098107
4.4 0.015176 57.3441278612 0.167183689497
4.4 0.015718 55.9069417648 0.161939044849
4.4 0.01626 54.3827345701 0.155995707343
4.4 0.016802 53.3782195365 0.15208325504
4.4 0.017344 51.3249396581 0.144911154499
4.4 0.017886 50.4107724095 0.141392406148
4.4 0.018428 49.0211086147 0.1351990198
4.4 0.01897 47.6977872484 0.130019781442
4.4 0.019512 46.7880624305 0.125629483194
4.6 0.001084 212.549616976 0.842785856259
4.6 0.001626 193.238326375 0.768415938321
4.6 0.002168 179.227757823 0.69768850829
4.6 0.00271 167.943404878 0.638118962339
4.6 0.003252 160.888855114 0.605722947502
4.6 0.003794 150.226458711 0.560686844426
4.6 0.004336 143.573355617 0.530934999302
4.6 0.004878 134.625462961 0.492359994019
4.6 0.00542 126.590664373 0.458080614526
4.6 0.005962 121.538820124 0.436592787528
4.6 0.006504 115.93588816 0.409151408856
4.6 0.007046 112.411164988 0.389902192356
4.6 0.007588 107.775298808 0.370446392964
4.6 0.00813 105.597164754 0.358569444458
4.6 0.008672 100.875700362 0.337944908268
4.6 0.009214 96.9026464428 0.321722096369
4.6 0.009756 93.0833917562 0.305895594837
4.6 0.010298 90.4490674365 0.291590426918
4.6 0.01084 87.3954974014 0.280250333873
4.6 0.011382 85.3304373126 0.270646699885
4.6 0.011924 82.6950980047 0.257427405309
4.6 0.012466 80.167071231 0.247092258176
4.6 0.013008 77.3996431833 0.236846488659
4.6 0.01355 75.3036726198 0.228524494273
4.6 0.014092 73.1545412499 0.219404166229
4.6 0.014634 70.9909228859 0.20967773213
4.6 0.015176 68.9596026839 0.20112435781
4.6 0.015718 67.4305517345 0.196488731523
4.6 0.01626 65.7862802312 0.189030873646
4.6 0.016802 64.0442967805 0.182453957429
4.6 0.017344 62.1457471634 0.175681113376
4.6 0.017886 60.7350319036 0.168789064517
4.6 0.018428 58.8035565434 0.161838894627
4.6 0.01897 57.8622431528 0.156729523456
4.6 0.019512 56.3314613882 0.151004988235
