2.2 0.184924702397 15518.0918399 1.33958139211
2.4 0.231425921518 15897.6239288 1.33584022103
2.6 0.285929695332 15694.7320614 1.33556767551
2.8 0.349252333224 15049.7889437 1.32792942695
3.0 0.422242531447 13948.0518904 1.32238764003
3.2 0.505780851386 12835.0529494 1.31560901195
3.4 0.600779232412 11773.1364394 1.30779830361
3.6 0.708180535481 10721.8053361 1.29704400874
3.8 0.828958114192 9817.59520623 1.28568841015
4.0 0.9641154105 9183.17854468 1.27570530964
4.2 1.1146855727 8741.52675756 1.26608630176
4.4 1.28173109358 8410.78883732 1.25641785663
4.6 1.46634346696 7958.04016188 1.25242333488
