2.2 0.001084 18.336152371 0.0657542385824
2.2 0.001626 17.1933294015 0.0613753561045
2.2 0.002168 16.5624072295 0.0587187867095
2.2 0.00271 16.2277502822 0.05710284939
2.2 0.003252 15.6533773377 0.054539620861
2.2 0.003794 14.8254494897 0.0512036574089
2.2 0.004336 14.3500285405 0.0496559159833
2.2 0.004878 13.7914329906 0.0476745107506
2.2 0.00542 13.261351274 0.0451138040657
2.2 0.005962 12.8108062793 0.0437136227079
2.2 0.006504 12.3461717809 0.0421118552277
2.2 0.007046 11.8243544766 0.0402238657366
2.2 0.007588 11.3346116726 0.038333042173
2.2 0.00813 10.9059630508 0.0368123109043
2.2 0.008672 10.5125430415 0.0357851808915
2.2 0.009214 10.2465323972 0.0346921031442
2.2 0.009756 9.79905352658 0.0328924534889
2.2 0.010298 9.6165335549 0.0322101015801
2.2 0.01084 9.27556950053 0.0310755407348
2.2 0.011382 8.99235127125 0.0300451746017
2.2 0.011924 8.71125009606 0.0289984855332
2.2 0.012466 8.45902421279 0.0281233229662
2.2 0.013008 8.21391511328 0.0273924891512
2.2 0.01355 7.91099739277 0.0264819757282
2.2 0.014092 7.70931575876 0.0256549276398
2.2 0.014634 7.43690953163 0.0247373019534
2.2 0.015176 7.22078356063 0.0239377149662
2.2 0.015718 7.03257466666 0.0232237675816
2.2 0.01626 6.82871091355 0.0224174012544
2.2 0.016802 6.67378697145 0.0218912112471
2.2 0.017344 6.4928646316 0.0212661435715
2.2 0.017886 6.26510094101 0.0204452552253
2.2 0.018428 6.10015663916 0.01995847666
2.2 0.01897 5.95154010602 0.0194072149623
2.2 0.019512 5.75537436796 0.0188131846429
2.4 0.001084 24.0639425883 0.0856778197875
2.4 0.001626 22.4845458725 0.0802064509229
2.4 0.002168 21.6965574162 0.0767934728921
2.4 0.00271 21.2129559674 0.0744162743093
2.4 0.003252 20.3217756281 0.070525113497
2.4 0.003794 19.3442840051 0.0664929663923
2.4 0.004336 18.7330607484 0.0641902410469
2.4 0.004878 17.9869125617 0.0611487268188
2.4 0.00542 17.2626597666 0.0580745749294
2.4 0.005962 16.6625206185 0.0566738033333
2.4 0.006504 15.9820762168 0.0539979412997
2.4 0.007046 15.2610133978 0.0513129274555
2.4 0.007588 14.6807341119 0.0493519352346
2.4 0.00813 14.1396254363 0.0476618690871
2.4 0.008672 13.7578414571 0.0461950675868
2.4 0.009214 13.3191462155 0.0444588793096
2.4 0.009756 12.8768665352 0.0427578350096
2.4 0.010298 12.5296586124 0.0413811892942
2.4 0.01084 12.0423784591 0.0397237040544
2.4 0.011382 11.7028217392 0.0384599343238
2.4 0.011924 11.3324808098 0.0370727701222
2.4 0.012466 11.0306203247 0.0362058786949
2.4 0.013008 10.5801663854 0.0348680970109
2.4 0.01355 10.3271904478 0.0337677854004
2.4 0.014092 9.99184052398 0.0326103161346
2.4 0.014634 9.66948993993 0.0316487425073
2.4 0.015176 9.40287350567 0.0306427275588
2.4 0.015718 9.14050052433 0.0295081149816
2.4 0.01626 8.90238524182 0.0286433596202
2.4 0.016802 8.70629314815 0.0280204709632
2.4 0.017344 8.3953146049 0.02681491052
2.4 0.017886 8.19299424626 0.0261717611472
2.4 0.018428 7.95728346572 0.0254044641843
2.4 0.01897 7.7150222632 0.0244959057911
2.4 0.019512 7.51144371252 0.0237690725859
2.6 0.001084 30.7114342937 0.10796141086
2.6 0.001626 28.6932892697 0.101558044
2.6 0.002168 27.8297372033 0.0978445458589
2.6 0.00271 27.1117272873 0.0942737609299
2.6 0.003252 25.708119399 0.0881610392597
2.6 0.003794 24.5903705783 0.0837196359126
2.6 0.004336 23.7372865767 0.0805596685982
2.6 0.004878 22.7237889136 0.0765717041845
2.6 0.00542 21.8969548337 0.073468052141
2.6 0.005962 21.1504065671 0.0710622228113
2.6 0.006504 20.1671868933 0.0674821371796
2.6 0.007046 19.3159284776 0.0643964755612
2.6 0.007588 18.6956499722 0.062440641045
2.6 0.00813 17.9551098915 0.0597428966283
2.6 0.008672 17.6165010546 0.058277644419
2.6 0.009214 16.8199150624 0.0555194814856
2.6 0.009756 16.3866377499 0.0535210612761
2.6 0.010298 15.7669721446 0.0514561061049
2.6 0.01084 15.2867447075 0.0497226369173
2.6 0.011382 14.8531107849 0.0480831445591
2.6 0.011924 14.420804913 0.0466665391422
2.6 0.012466 13.9415462862 0.0449726313263
2.6 0.013008 13.485404964 0.0431987498346
2.6 0.01355 13.113717672 0.0418826075145
2.6 0.014092 12.6606912529 0.0404416512359
2.6 0.014634 12.2725751218 0.0393874203194
2.6 0.015176 11.9607526382 0.0379574258004
2.6 0.015718 11.6025081315 0.0367429062927
2.6 0.01626 11.3482670994 0.035781151533
2.6 0.016802 10.9697078521 0.0345992682836
2.6 0.017344 10.6111956452 0.0332624598427
2.6 0.017886 10.3532414684 0.0323231856011
2.6 0.018428 10.0763983364 0.0313809662276
2.6 0.01897 9.81180471101 0.0304385267283
2.6 0.019512 9.53059251803 0.0294785142106
2.8 0.001084 38.2596124079 0.13356096006
2.8 0.001626 35.7602221335 0.126399869341
2.8 0.002168 34.6565140524 0.121744168225
2.8 0.00271 33.6051145468 0.116177613862
2.8 0.003252 31.687035457 0.10802883497
2.8 0.003794 30.6225320292 0.103852537815
2.8 0.004336 29.3782423638 0.0991544715416
2.8 0.004878 28.0846564386 0.0939550131497
2.8 0.00542 27.1231501838 0.0904233584607
2.8 0.005962 26.0486642329 0.0867365442377
2.8 0.006504 24.8101046595 0.0822697236861
2.8 0.007046 23.8956591364 0.0792224686191
2.8 0.007588 23.1369819782 0.0766594779649
2.8 0.00813 22.2796311653 0.0732432977517
2.8 0.008672 21.6404259021 0.0708972095958
2.8 0.009214 20.7461701663 0.0674513477859
2.8 0.009756 20.2304145167 0.0651714755248
2.8 0.010298 19.3979734916 0.0627848334045
2.8 0.01084 18.9670250442 0.0605017503746
2.8 0.011382 18.3492327915 0.0587237026259
2.8 0.011924 17.782043608 0.0568159626481
2.8 0.012466 17.16229717 0.0543533313581
2.8 0.013008 16.6652101524 0.0527035392442
2.8 0.01355 16.1408312543 0.050634238602
2.8 0.014092 15.6008509351 0.0492338857162
2.8 0.014634 15.2088896321 0.0476243952501
2.8 0.015176 14.8235750235 0.0462223795069
2.8 0.015718 14.4038351992 0.0447899960555
2.8 0.01626 13.9696513587 0.0433763481561
2.8 0.016802 13.5837209029 0.0419536967232
2.8 0.017344 13.221666012 0.0404201187793
2.8 0.017886 12.8581254655 0.0392111007926
2.8 0.018428 12.5280676821 0.0382628318736
2.8 0.01897 12.1651673805 0.037053474407
2.8 0.019512 11.7784704567 0.0357693618012
3.0 0.001084 46.778327816 0.16407366552
3.0 0.001626 43.6511128219 0.154758825301
3.0 0.002168 42.2507362986 0.148548139072
3.0 0.00271 40.813189316 0.140915580246
3.0 0.003252 38.3254562475 0.130789439484
3.0 0.003794 37.4007095681 0.127016476455
3.0 0.004336 35.5383927581 0.119896544732
3.0 0.004878 33.9610352467 0.113462587049
3.0 0.00542 32.866301065 0.109497321069
3.0 0.005962 31.2853297613 0.10403371622
3.0 0.006504 29.784580995 0.098458642946
3.0 0.007046 29.0313341683 0.0961928710657
3.0 0.007588 27.8951026527 0.0919040348648
3.0 0.00813 27.0419174419 0.0883277909514
3.0 0.008672 26.0328872453 0.0846494873781
3.0 0.009214 25.2440098111 0.081072712949
3.0 0.009756 24.3306219815 0.0781732722944
3.0 0.010298 23.6158383165 0.0752604934742
3.0 0.01084 22.9716223928 0.0727212725976
3.0 0.011382 22.2165280254 0.0702659998805
3.0 0.011924 21.4947044985 0.06757196906
3.0 0.012466 20.7894451248 0.0651224223859
3.0 0.013008 20.1614398709 0.0628038715168
3.0 0.01355 19.5241653841 0.0605943689301
3.0 0.014092 18.9515265025 0.0587166462455
3.0 0.014634 18.4888434902 0.0569540846477
3.0 0.015176 17.9908644133 0.0551706110927
3.0 0.015718 17.4267313673 0.0532501445307
3.0 0.01626 16.9127091137 0.0514715279863
3.0 0.016802 16.5332160744 0.049938952525
3.0 0.017344 16.0775493059 0.0482328350385
3.0 0.017886 15.6798748856 0.0471097987467
3.0 0.018428 15.2648038724 0.0456156252314
3.0 0.01897 14.7326538381 0.043864214909
3.0 0.019512 14.435475981 0.0427975163592
3.2 0.001084 56.2896851874 0.199984057831
3.2 0.001626 52.4883865716 0.18760785147
3.2 0.002168 50.617797627 0.180155347389
3.2 0.00271 48.7931606127 0.169638655298
3.2 0.003252 45.6037928541 0.156693232262
3.2 0.003794 44.9695092165 0.154254818028
3.2 0.004336 42.2515914628 0.143458716323
3.2 0.004878 40.4526629765 0.135788025897
3.2 0.00542 39.1740668762 0.131607288386
3.2 0.005962 36.9838002861 0.12341871487
3.2 0.006504 35.2975184921 0.116781489345
3.2 0.007046 34.9245308122 0.116471815561
3.2 0.007588 33.0767337043 0.108935125272
3.2 0.00813 32.3369517461 0.105520321221
3.2 0.008672 30.9032796073 0.100635768624
3.2 0.009214 30.2805467264 0.0965836701522
3.2 0.009756 28.7875795204 0.0929657241696
3.2 0.010298 28.3224623227 0.0895236546899
3.2 0.01084 27.2337373191 0.0866252746142
3.2 0.011382 26.432059581 0.0828701940846
3.2 0.011924 25.5645023795 0.0795644723139
3.2 0.012466 24.8636017961 0.0775104095218
3.2 0.013008 24.1698460972 0.0739126219305
3.2 0.01355 23.3567655438 0.0714632019792
3.2 0.014092 22.6875492257 0.0690245097576
3.2 0.014634 22.1296152427 0.0676660713113
3.2 0.015176 21.4729818632 0.0649697715221
3.2 0.015718 20.7801235716 0.0625024431203
3.2 0.01626 20.3586178243 0.0610299805677
3.2 0.016802 19.8061777277 0.0591171629863
3.2 0.017344 19.3422375403 0.0573944412462
3.2 0.017886 18.8575973212 0.055483718645
3.2 0.018428 18.1489018397 0.0534276029538
3.2 0.01897 17.8028833691 0.0520743359691
3.2 0.019512 17.4554149958 0.0510032439154
3.4 0.001084 67.6193330762 0.242803165821
3.4 0.001626 63.1064128331 0.227473491165
3.4 0.002168 60.6237954657 0.218134785369
3.4 0.00271 58.0563200115 0.203217668909
3.4 0.003252 54.4767629853 0.188379204933
3.4 0.003794 53.3648001056 0.184518618177
3.4 0.004336 50.1367112191 0.172008447746
3.4 0.004878 48.1542987436 0.163687907565
3.4 0.00542 46.2734333051 0.157099539076
3.4 0.005962 43.8142170937 0.146886128496
3.4 0.006504 42.1345513003 0.140168253901
3.4 0.007046 41.2912838888 0.13765199778
3.4 0.007588 39.3634753391 0.12955744478
3.4 0.00813 38.2456596304 0.124906766735
3.4 0.008672 36.8729180476 0.119547088759
3.4 0.009214 35.7871535285 0.114962842157
3.4 0.009756 34.3824975803 0.110431296767
3.4 0.010298 33.5012635593 0.106453269293
3.4 0.01084 32.2938381198 0.101909280429
3.4 0.011382 31.3554621859 0.0978101936199
3.4 0.011924 30.5165597041 0.0948855132983
3.4 0.012466 29.7215620377 0.0915320734329
3.4 0.013008 28.8062631852 0.0876118164181
3.4 0.01355 27.8301401742 0.0844802189582
3.4 0.014092 27.0791598043 0.0821402840567
3.4 0.014634 26.3447181565 0.0796459475251
3.4 0.015176 25.5055341126 0.0766586020838
3.4 0.015718 24.8032236514 0.0741314014711
3.4 0.01626 24.1598161939 0.0720715283457
3.4 0.016802 23.645841611 0.0700895986713
3.4 0.017344 23.1214607004 0.0677629216651
3.4 0.017886 22.3658259985 0.0652952948895
3.4 0.018428 21.8328083068 0.0632076201487
3.4 0.01897 21.4254910589 0.061902960692
3.4 0.019512 20.9040818797 0.0601147115354
3.6 0.001084 81.1772157597 0.294591265307
3.6 0.001626 75.7908226388 0.275577049768
3.6 0.002168 72.3856510275 0.263142165942
3.6 0.00271 68.9401425893 0.243263967565
3.6 0.003252 65.0596196191 0.227528000674
3.6 0.003794 63.1776900746 0.220517783521
3.6 0.004336 59.5299059007 0.206603660831
3.6 0.004878 57.180124524 0.197079257038
3.6 0.00542 54.6019866204 0.186914812892
3.6 0.005962 51.8075205596 0.174793496333
3.6 0.006504 50.3098091402 0.168798062305
3.6 0.007046 48.6833654492 0.162660531978
3.6 0.007588 46.8747334086 0.154830579782
3.6 0.00813 45.1499154003 0.147924652716
3.6 0.008672 43.9128989333 0.142400648594
3.6 0.009214 42.1568437515 0.13619228798
3.6 0.009756 40.8883172618 0.131021980812
3.6 0.010298 39.4988732135 0.125736303262
3.6 0.01084 38.197512368 0.120052334699
3.6 0.011382 37.2680460364 0.116191357917
3.6 0.011924 36.2760926562 0.113098252146
3.6 0.012466 35.4596840296 0.107941173713
3.6 0.013008 34.1603820604 0.103799889345
3.6 0.01355 33.1078489302 0.100190852888
3.6 0.014092 32.3239394349 0.0974405053805
3.6 0.014634 31.3007494638 0.0938033051825
3.6 0.015176 30.3147149382 0.0908573359435
3.6 0.015718 29.5062087179 0.0877220229841
3.6 0.01626 28.8515751567 0.0855073443537
3.6 0.016802 28.3006269023 0.0826877051162
3.6 0.017344 27.4666710051 0.0797515392045
3.6 0.017886 26.6459769541 0.0768195880895
3.6 0.018428 26.1196549589 0.0747536004044
3.6 0.01897 25.5372196854 0.0730426183486
3.6 0.019512 24.8913138107 0.0705359294763
3.8 0.001084 97.0263241545 0.358157533771
3.8 0.001626 90.4599173691 0.33532538714
3.8 0.002168 85.9936385415 0.317564137669
3.8 0.00271 81.7238376734 0.292749222636
3.8 0.003252 77.7450954527 0.275758055531
3.8 0.003794 74.9741483054 0.265085116935
3.8 0.004336 70.993796027 0.249520086127
3.8 0.004878 68.0079425063 0.237123770043
3.8 0.00542 64.5800005872 0.22315798367
3.8 0.005962 61.3236970042 0.209068068187
3.8 0.006504 60.0408880672 0.203905857867
3.8 0.007046 57.4238423608 0.192982072313
3.8 0.007588 55.8858988534 0.18557118934
3.8 0.00813 53.3955619391 0.175511901273
3.8 0.008672 52.5513980692 0.171449730374
3.8 0.009214 49.9756790961 0.161678076928
3.8 0.009756 48.5972077731 0.156164753711
3.8 0.010298 46.8531803883 0.149342646251
3.8 0.01084 45.3864880635 0.142794767486
3.8 0.011382 44.448740204 0.138962082806
3.8 0.011924 43.359893295 0.133848052498
3.8 0.012466 42.1980541517 0.128296675689
3.8 0.013008 40.7789314158 0.123683173282
3.8 0.01355 39.5837251144 0.119495585185
3.8 0.014092 38.4035686446 0.115380687963
3.8 0.014634 37.244840459 0.11164290099
3.8 0.015176 36.1798619703 0.107779729
3.8 0.015718 35.272291501 0.104740207908
3.8 0.01626 34.65707103 0.10120621888
3.8 0.016802 33.7290987466 0.0978518499713
3.8 0.017344 32.5097281455 0.0936782807778
3.8 0.017886 31.9953466773 0.0913313895036
3.8 0.018428 31.1507182316 0.0885658230692
3.8 0.01897 30.5503399096 0.0864274638626
3.8 0.019512 29.7769959908 0.0831365413336
4.0 0.001084 117.020488939 0.43698590349
4.0 0.001626 108.954325594 0.409206076427
4.0 0.002168 103.140496052 0.384019691247
4.0 0.00271 97.7660266126 0.354201489449
4.0 0.003252 93.5421180547 0.335941120804
4.0 0.003794 89.4041583256 0.320134562311
4.0 0.004336 85.0606709998 0.30264241725
4.0 0.004878 81.1567046573 0.285823298932
4.0 0.00542 76.8231625174 0.268225819822
4.0 0.005962 73.0899351683 0.252057772588
4.0 0.006504 72.0198757978 0.247396394877
4.0 0.007046 68.3529532394 0.230982046124
4.0 0.007588 66.6794554294 0.222483734932
4.0 0.00813 64.10044125 0.212272725948
4.0 0.008672 62.5216751781 0.205352925452
4.0 0.009214 59.8956573475 0.19483772421
4.0 0.009756 57.9084911245 0.187150564445
4.0 0.010298 55.7523727115 0.178355290305
4.0 0.01084 54.4021221695 0.172072622178
4.0 0.011382 53.1389084408 0.166559371536
4.0 0.011924 52.0080345786 0.159636427757
4.0 0.012466 50.3648581537 0.154201541276
4.0 0.013008 48.8118074866 0.147464569179
4.0 0.01355 47.3018101332 0.143012682328
4.0 0.014092 45.8968523767 0.137616568704
4.0 0.014634 44.6904489019 0.133238591322
4.0 0.015176 43.4607325704 0.128909334174
4.0 0.015718 42.4005149437 0.124370313318
4.0 0.01626 41.4373813731 0.120155361979
4.0 0.016802 40.1512007358 0.115493315131
4.0 0.017344 39.3327098439 0.112360154044
4.0 0.017886 38.2388831125 0.10805288945
4.0 0.018428 37.5429169219 0.105892645156
4.0 0.01897 36.5377656664 0.101984873944
4.0 0.019512 35.7997310002 0.0988616203979
4.2 0.001084 139.98139855 0.535384213384
4.2 0.001626 130.120964165 0.500740600454
4.2 0.002168 122.878702166 0.466429141819
4.2 0.00271 116.497603182 0.43052881774
4.2 0.003252 112.021196135 0.410245667928
4.2 0.003794 106.456701544 0.38796776132
4.2 0.004336 101.817644984 0.368228323254
4.2 0.004878 96.8047378401 0.345887020522
4.2 0.00542 91.5456484582 0.324664858439
4.2 0.005962 87.6285202601 0.307128631307
4.2 0.006504 85.497864632 0.297587287654
4.2 0.007046 81.9076219278 0.279543243546
4.2 0.007588 79.4322895297 0.267813742272
4.2 0.00813 77.0682373164 0.258215600597
4.2 0.008672 74.5525095317 0.246933605543
4.2 0.009214 71.5626119933 0.235428983146
4.2 0.009756 69.2386660032 0.225602494669
4.2 0.010298 66.3654381714 0.213769164226
4.2 0.01084 65.4429663262 0.207641467336
4.2 0.011382 63.6015848112 0.19977830121
4.2 0.011924 62.238892834 0.192643973286
4.2 0.012466 60.2987983788 0.185047802262
4.2 0.013008 58.4108779823 0.177315112965
4.2 0.01355 56.6327783052 0.170843068346
4.2 0.014092 55.2180633151 0.165394368847
4.2 0.014634 53.7189956919 0.159948107854
4.2 0.015176 52.1927486338 0.153967078397
4.2 0.015718 50.8407543427 0.147872128822
4.2 0.01626 49.5989416791 0.143551249232
4.2 0.016802 48.2812683622 0.13820088499
4.2 0.017344 47.3237169878 0.134462092346
4.2 0.017886 45.9660144955 0.129349039061
4.2 0.018428 45.0549487517 0.125938890361
4.2 0.01897 43.9060664164 0.121355340603
4.2 0.019512 42.6719457608 0.116228101214
4.4 0.001084 167.896711999 0.657401354227
4.4 0.001626 155.88669583 0.613556446358
4.4 0.002168 146.974515559 0.568161376379
4.4 0.00271 139.439535344 0.525670177513
4.4 0.003252 134.552691303 0.502967669377
4.4 0.003794 127.298479266 0.472183137389
4.4 0.004336 122.303491508 0.449948500504
4.4 0.004878 115.840696062 0.421140655578
4.4 0.00542 109.625383611 0.395001957471
4.4 0.005962 105.513821826 0.376239637785
4.4 0.006504 101.902310801 0.359262731796
4.4 0.007046 98.4786867935 0.339991186466
4.4 0.007588 95.0486881628 0.325063867814
4.4 0.00813 93.0238882358 0.315741727473
4.4 0.008672 89.2947808055 0.298974728585
4.4 0.009214 85.6876843709 0.284819444347
4.4 0.009756 83.0266435997 0.273307735116
4.4 0.010298 80.1479102949 0.259931026324
4.4 0.01084 78.4543027058 0.250544335844
4.4 0.011382 76.4921360883 0.241868283044
4.4 0.011924 74.610759357 0.233319277466
4.4 0.012466 72.4752306173 0.222828177967
4.4 0.013008 70.0056604785 0.214153225071
4.4 0.01355 68.1210191536 0.205995347663
4.4 0.014092 66.4156904122 0.199671720401
4.4 0.014634 64.5121494977 0.191781596888
4.4 0.015176 62.6761197029 0.184179646372
4.4 0.015718 61.1472232357 0.178257849802
4.4 0.01626 59.6702478677 0.172360763509
4.4 0.016802 58.6464135224 0.167716759934
4.4 0.017344 56.5886131267 0.159878536273
4.4 0.017886 55.5831104361 0.156746003536
4.4 0.018428 54.2068596634 0.149824377469
4.4 0.01897 52.7444644787 0.144477791092
4.4 0.019512 51.6283683893 0.138977901984
4.6 0.001084 200.546950535 0.807214203844
4.6 0.001626 185.979747205 0.751236882957
4.6 0.002168 175.449477735 0.693407474995
4.6 0.00271 166.712240112 0.642454155266
4.6 0.003252 161.447982556 0.616664504462
4.6 0.003794 152.482933166 0.5755165264
4.6 0.004336 146.65593383 0.548984764239
4.6 0.004878 138.562146893 0.512605625685
4.6 0.00542 131.35625567 0.481331682088
4.6 0.005962 126.782425114 0.46123719381
4.6 0.006504 121.556109603 0.43416677339
4.6 0.007046 118.372547422 0.415023712187
4.6 0.007588 113.833167697 0.396062592934
4.6 0.00813 111.760289422 0.383866345002
4.6 0.008672 107.058107984 0.363760071027
4.6 0.009214 103.027522536 0.346569230475
4.6 0.009756 99.3772492862 0.331308470509
4.6 0.010298 96.8345562856 0.315838856159
4.6 0.01084 94.0414277577 0.303436303878
4.6 0.011382 92.1436174133 0.294416895931
4.6 0.011924 89.7643955389 0.281917239937
4.6 0.012466 87.1193994155 0.270179912921
4.6 0.013008 84.2941870568 0.25926424957
4.6 0.01355 82.056814358 0.250411239536
4.6 0.014092 79.7729637603 0.240634383979
4.6 0.014634 77.5507194786 0.230960814562
4.6 0.015176 75.4423431962 0.22158786995
4.6 0.015718 73.7838026266 0.216470800602
4.6 0.01626 72.1310047129 0.208860366509
4.6 0.016802 70.3130962898 0.201421794865
4.6 0.017344 68.412753512 0.194456775122
4.6 0.017886 66.9923276422 0.186966210517
4.6 0.018428 65.2308253901 0.180177473792
4.6 0.01897 63.948635756 0.173714823326
4.6 0.019512 62.5343954156 0.167237422125
