2.2 0.184924702397 15609.9668992 1.34816158033
2.4 0.231425921518 15947.8845976 1.34270909621
2.6 0.285929695332 15691.1949416 1.33759691644
2.8 0.349252333224 15043.5473623 1.33014353922
3.0 0.422242531447 13949.2905582 1.32485735121
3.2 0.505780851386 12853.6954337 1.31981411984
3.4 0.600779232412 11766.5007689 1.310311938
3.6 0.708180535481 10696.7245568 1.29691265207
3.8 0.828958114192 9809.00837053 1.28802799606
4.0 0.9641154105 9159.44279173 1.27569004704
4.2 1.1146855727 8708.53409224 1.26463200158
4.4 1.28173109358 8390.06845353 1.25637365454
4.6 1.46634346696 7938.00670089 1.25271016693
