2.2 0.184924702397 15603.050095 1.34535583597
2.4 0.231425921518 15967.53223 1.34153929085
2.6 0.285929695332 15684.1709059 1.33586548663
2.8 0.349252333224 15070.4907635 1.33151119263
3.0 0.422242531447 13984.0415109 1.32674985286
3.2 0.505780851386 12828.468315 1.31688980175
3.4 0.600779232412 11762.1328337 1.30898049511
3.6 0.708180535481 10717.8271319 1.29889644653
3.8 0.828958114192 9812.58078436 1.28713862332
4.0 0.9641154105 9177.89100123 1.27678238157
4.2 1.1146855727 8725.47443488 1.26585777077
4.4 1.28173109358 8387.88881372 1.25529497235
4.6 1.46634346696 7941.39427586 1.25188307887
