2.2 0.332864464315 15603.050095 1.34535583597
2.4 0.416566658733 15967.53223 1.34153929085
2.6 0.514673451598 15684.1709059 1.33586548663
2.8 0.628654199803 15070.4907635 1.33151119263
3.0 0.760036556605 13984.0415109 1.32674985286
3.2 0.910405532495 12828.468315 1.31688980175
3.4 1.08140261834 11762.1328337 1.30898049511
3.6 1.27472496387 10717.8271319 1.29889644653
3.8 1.49212460555 9812.58078436 1.28713862332
4.0 1.7354077389 9177.89100123 1.27678238157
4.2 2.00643403086 8725.47443488 1.26585777077
4.4 2.30711596845 8387.88881372 1.25529497235
4.6 2.63941824052 7941.39427586 1.25188307887
