2.2 0.001084 40.8800448073 0.14019159394
2.2 0.001626 37.3673108641 0.128497147087
2.2 0.002168 35.2351850925 0.120245503194
2.2 0.00271 33.9420837782 0.114938639379
2.2 0.003252 32.4074763366 0.109004207676
2.2 0.003794 30.5348667044 0.101959607001
2.2 0.004336 29.2451062379 0.0973303812219
2.2 0.004878 28.0160168274 0.0931934009956
2.2 0.00542 26.7300281798 0.0877566720901
2.2 0.005962 25.4928503529 0.0837834327193
2.2 0.006504 24.5422961161 0.0806071628892
2.2 0.007046 23.3738636598 0.0763746894457
2.2 0.007588 22.2333479749 0.0721954535346
2.2 0.00813 21.3307209441 0.0692828502417
2.2 0.008672 20.4864282576 0.0669491394329
2.2 0.009214 19.8541358674 0.0643248231653
2.2 0.009756 19.0190024621 0.0609497308085
2.2 0.010298 18.6182932078 0.0595331004429
2.2 0.01084 17.8461704329 0.0568639673199
2.2 0.011382 17.2584483565 0.055117053982
2.2 0.011924 16.6634609912 0.0530435333445
2.2 0.012466 16.1405493224 0.0511332934267
2.2 0.013008 15.6319678725 0.0495539537031
2.2 0.01355 14.9532549101 0.0474654075491
2.2 0.014092 14.5858183468 0.046196330166
2.2 0.014634 14.0503452284 0.0440202119637
2.2 0.015176 13.5872870901 0.0425339268825
2.2 0.015718 13.2248101032 0.0412596687213
2.2 0.01626 12.8563110683 0.0398536987009
2.2 0.016802 12.6002810987 0.0389233698642
2.2 0.017344 12.253087227 0.0377702359522
2.2 0.017886 11.7794485298 0.0361948621567
2.2 0.018428 11.4554350062 0.0351458201803
2.2 0.01897 11.1201143403 0.0340768446492
2.2 0.019512 10.7518135656 0.0330751755705
2.4 0.001084 52.8818937123 0.180563831631
2.4 0.001626 48.1984564032 0.165633048528
2.4 0.002168 45.4590713795 0.154975322195
2.4 0.00271 43.6377268015 0.147271437383
2.4 0.003252 41.3977834959 0.138452444146
2.4 0.003794 39.1205655082 0.129817242714
2.4 0.004336 37.5082656233 0.12401128638
2.4 0.004878 35.7755338055 0.117812857549
2.4 0.00542 33.9831138135 0.110876408135
2.4 0.005962 32.4770705238 0.106478289279
2.4 0.006504 31.2079719197 0.101811353551
2.4 0.007046 29.5529612005 0.0958069529265
2.4 0.007588 28.3259526275 0.0914850363846
2.4 0.00813 27.1474321967 0.0876776073088
2.4 0.008672 26.2771042949 0.0846258804383
2.4 0.009214 25.3637987259 0.0810129025376
2.4 0.009756 24.4770597311 0.0776265204786
2.4 0.010298 23.7029673915 0.0749729547986
2.4 0.01084 22.6066506228 0.0712261231458
2.4 0.011382 21.9843686812 0.0693093243542
2.4 0.011924 21.2042285911 0.0663229531183
2.4 0.012466 20.6791894226 0.0643321563482
2.4 0.013008 19.699724787 0.0612641455937
2.4 0.01355 19.2169636883 0.0596473204157
2.4 0.014092 18.5756676777 0.0573257154899
2.4 0.014634 17.8822891796 0.0550668392634
2.4 0.015176 17.3525673121 0.0532151691232
2.4 0.015718 16.8843851153 0.0514605263225
2.4 0.01626 16.4438044994 0.0499984850943
2.4 0.016802 16.085148659 0.0488438516927
2.4 0.017344 15.407984217 0.0466530415093
2.4 0.017886 14.9732840988 0.0450964999481
2.4 0.018428 14.6554613881 0.0438175036449
2.4 0.01897 14.1882491217 0.042542295116
2.4 0.019512 13.7590629694 0.0410986177053
2.6 0.001084 66.8683491293 0.227210040989
2.6 0.001626 60.9888548819 0.209672669567
2.6 0.002168 57.6136394325 0.196541747889
2.6 0.00271 55.0113656383 0.185440153347
2.6 0.003252 51.808331434 0.17283449709
2.6 0.003794 49.1859979409 0.16290471277
2.6 0.004336 47.011529865 0.155159875383
2.6 0.004878 44.6265810308 0.146556085641
2.6 0.00542 42.5020642408 0.138749846343
2.6 0.005962 40.639557472 0.132704366961
2.6 0.006504 38.6833702429 0.12598052892
2.6 0.007046 36.7098016093 0.118573234277
2.6 0.007588 35.3781231511 0.11417120518
2.6 0.00813 33.7835933333 0.108661882469
2.6 0.008672 33.0662236702 0.105922137775
2.6 0.009214 31.5860879294 0.100209256215
2.6 0.009756 30.6964064815 0.0964844651689
2.6 0.010298 29.2329715619 0.091939601742
2.6 0.01084 28.3406436792 0.0888933209458
2.6 0.011382 27.4411817085 0.0853936936537
2.6 0.011924 26.5581011247 0.082021360698
2.6 0.012466 25.6540319066 0.07867210582
2.6 0.013008 24.7909426616 0.0756292043017
2.6 0.01355 24.1186371721 0.0734453347219
2.6 0.014092 23.1868642126 0.0703255357536
2.6 0.014634 22.3847481199 0.0676489031909
2.6 0.015176 21.7869693031 0.0654567402218
2.6 0.015718 21.1341351783 0.0633521170659
2.6 0.01626 20.6629894346 0.0616176113041
2.6 0.016802 19.9109285111 0.0594500217967
2.6 0.017344 19.2570316301 0.0570766333399
2.6 0.017886 18.8603816997 0.0554897587795
2.6 0.018428 18.3448873242 0.0538407123465
2.6 0.01897 17.8061086919 0.0518634008314
2.6 0.019512 17.2463214279 0.0499319493511
2.8 0.001084 83.2366355377 0.284534590583
2.8 0.001626 75.9683918973 0.263251193467
2.8 0.002168 71.6423355128 0.24625533735
2.8 0.00271 68.1037989919 0.230516006157
2.8 0.003252 63.8939699605 0.213784808323
2.8 0.003794 60.9936150673 0.202576971852
2.8 0.004336 57.9517473528 0.192024992708
2.8 0.004878 54.9450384698 0.181056271337
2.8 0.00542 52.367565222 0.171730581565
2.8 0.005962 49.8588797854 0.163325550322
2.8 0.006504 47.2729752276 0.153878999443
2.8 0.007046 45.2212838026 0.146307696498
2.8 0.007588 43.5777714742 0.140891710502
2.8 0.00813 41.8696516196 0.134491725701
2.8 0.008672 40.6424621515 0.129764117035
2.8 0.009214 38.9046550522 0.122781260604
2.8 0.009756 37.7971336089 0.118015511686
2.8 0.010298 35.8974717717 0.11260965215
2.8 0.01084 35.1967887114 0.108924808517
2.8 0.011382 33.6827100574 0.103826796528
2.8 0.011924 32.7723258897 0.100343492634
2.8 0.012466 31.5738805353 0.0959094011596
2.8 0.013008 30.7079693129 0.0930168285707
2.8 0.01355 29.6176528588 0.0892899165282
2.8 0.014092 28.5516805418 0.0858031224782
2.8 0.014634 27.7202957291 0.0825690862142
2.8 0.015176 26.9804736662 0.0798934029066
2.8 0.015718 26.2267456897 0.0777466086256
2.8 0.01626 25.4197470164 0.0749636066022
2.8 0.016802 24.6049540304 0.0719555586486
2.8 0.017344 23.9710118133 0.0696084958374
2.8 0.017886 23.3708028507 0.0675813847399
2.8 0.018428 22.7054631469 0.0652570454198
2.8 0.01897 21.9671569217 0.0628208772084
2.8 0.019512 21.310835876 0.0609335177444
3.0 0.001084 102.352085874 0.355776835677
3.0 0.001626 93.3904438141 0.328208506919
3.0 0.002168 87.8901820199 0.307112581792
3.0 0.00271 83.420019049 0.28533214602
3.0 0.003252 77.9428804207 0.263375183351
3.0 0.003794 74.9483057848 0.251865462873
3.0 0.004336 70.6802596854 0.236909863105
3.0 0.004878 66.9636767583 0.222115995212
3.0 0.00542 63.8771120894 0.211370869405
3.0 0.005962 60.4873581827 0.19976532358
3.0 0.006504 57.288626396 0.186890483378
3.0 0.007046 55.3829246448 0.181007658751
3.0 0.007588 53.039011361 0.172385725309
3.0 0.00813 51.423652341 0.165780208743
3.0 0.008672 49.3493195262 0.157649449427
3.0 0.009214 47.7625467498 0.150055667821
3.0 0.009756 45.7357993519 0.143350778327
3.0 0.010298 44.1892299881 0.137686161502
3.0 0.01084 42.7581196378 0.132335855876
3.0 0.011382 41.2602664711 0.127035508354
3.0 0.011924 40.0316122562 0.12201087282
3.0 0.012466 38.7799010105 0.117407228173
3.0 0.013008 37.6205796061 0.113113761995
3.0 0.01355 36.3245527911 0.108406417994
3.0 0.014092 35.0808391921 0.103989076034
3.0 0.014634 34.0601023236 0.100202351497
3.0 0.015176 33.175102864 0.0973311154852
3.0 0.015718 32.203419249 0.0941403793952
3.0 0.01626 31.1426714455 0.0901017895576
3.0 0.016802 30.3225834244 0.0875345795689
3.0 0.017344 29.4602912235 0.084682895762
3.0 0.017886 28.6751724561 0.0817569670011
3.0 0.018428 27.8607037648 0.0787647420138
3.0 0.01897 26.8509941249 0.0758531277997
3.0 0.019512 26.3728870733 0.0738926998681
3.2 0.001084 125.033205141 0.445319328855
3.2 0.001626 114.199070331 0.409985216117
3.2 0.002168 107.136539552 0.383564967391
3.2 0.00271 101.509479654 0.352697015945
3.2 0.003252 94.5775190202 0.324914621049
3.2 0.003794 91.5800515431 0.313614009682
3.2 0.004336 85.5563655427 0.292066765179
3.2 0.004878 81.354935049 0.273387626061
3.2 0.00542 77.5735750746 0.261349336899
3.2 0.005962 73.0954510942 0.244664176059
3.2 0.006504 69.4031618468 0.227844217914
3.2 0.007046 67.7297805061 0.224757706492
3.2 0.007588 64.303616351 0.209844055547
3.2 0.00813 62.8807182636 0.204180654573
3.2 0.008672 59.684220261 0.191760727515
3.2 0.009214 58.6019940446 0.184529747199
3.2 0.009756 55.3157510745 0.175463936157
3.2 0.010298 54.1899844923 0.16926033162
3.2 0.01084 51.773445762 0.161246485401
3.2 0.011382 50.3542878899 0.154636061856
3.2 0.011924 48.73165042 0.147789016671
3.2 0.012466 47.4948779024 0.144244544098
3.2 0.013008 46.0238275416 0.136904096969
3.2 0.01355 44.3519181706 0.131614198675
3.2 0.014092 42.8372940275 0.126113521836
3.2 0.014634 41.7503046038 0.122881635825
3.2 0.015176 40.701043135 0.119020036928
3.2 0.015718 39.0636164562 0.112506765337
3.2 0.01626 38.1727083923 0.11004845658
3.2 0.016802 37.0151456655 0.106882556714
3.2 0.017344 36.0446362699 0.102862195803
3.2 0.017886 35.223930618 0.0988832911515
3.2 0.018428 33.816448867 0.0953120867827
3.2 0.01897 33.0447529525 0.0920588087735
3.2 0.019512 32.7091781989 0.0908524649599
3.4 0.001084 153.35406986 0.560720016424
3.4 0.001626 140.073700408 0.514964425253
3.4 0.002168 131.029873162 0.479425629178
3.4 0.00271 123.764020325 0.437723668874
3.4 0.003252 115.940581199 0.406051067859
3.4 0.003794 111.784467335 0.390138316472
3.4 0.004336 104.443592863 0.362552800745
3.4 0.004878 99.539524245 0.341656265507
3.4 0.00542 94.3161571374 0.323468197045
3.4 0.005962 88.9138373352 0.30109118115
3.4 0.006504 84.8759299074 0.284341294941
3.4 0.007046 82.4148530041 0.276179000285
3.4 0.007588 78.7035265955 0.259508636887
3.4 0.00813 76.3495123187 0.250021794831
3.4 0.008672 73.3464519435 0.23671870767
3.4 0.009214 71.2879100246 0.227833723911
3.4 0.009756 68.0440956623 0.217223325898
3.4 0.010298 65.8885887574 0.208137249779
3.4 0.01084 63.4247837207 0.197743321978
3.4 0.011382 61.538634276 0.18901448896
3.4 0.011924 59.8302592684 0.182935465485
3.4 0.012466 58.2771266127 0.176381511548
3.4 0.013008 56.3808479681 0.168094434182
3.4 0.01355 54.2957557495 0.160770788182
3.4 0.014092 52.6758511477 0.155433329119
3.4 0.014634 51.3644916734 0.15069662277
3.4 0.015176 49.5942662641 0.144007354943
3.4 0.015718 47.9843461487 0.138714355611
3.4 0.01626 46.7131882478 0.135319563918
3.4 0.016802 45.4821485376 0.130902961278
3.4 0.017344 44.3637843053 0.125391371919
3.4 0.017886 42.883932832 0.120584804832
3.4 0.018428 41.6950431954 0.116051137356
3.4 0.01897 41.0920570775 0.113696106829
3.4 0.019512 40.1673662439 0.110375278793
3.6 0.001084 188.357271063 0.708268708349
3.6 0.001626 172.18761912 0.650273860235
3.6 0.002168 160.603115254 0.60154887331
3.6 0.00271 151.424052611 0.548081280867
3.6 0.003252 142.579331848 0.511474441293
3.6 0.003794 136.613471761 0.488069094373
3.6 0.004336 128.128766015 0.454700707704
3.6 0.004878 121.95827542 0.429302719261
3.6 0.00542 115.042531041 0.402268934348
3.6 0.005962 108.492233284 0.374032130876
3.6 0.006504 104.350175724 0.35754459947
3.6 0.007046 100.492430414 0.340997542458
3.6 0.007588 97.0126652856 0.324380838541
3.6 0.00813 93.1629422913 0.307984978154
3.6 0.008672 90.7002589274 0.295835157779
3.6 0.009214 86.9310125648 0.281881072322
3.6 0.009756 83.5854047315 0.269584511056
3.6 0.010298 80.5171973605 0.257455696687
3.6 0.01084 77.8000571743 0.243781630788
3.6 0.011382 75.6681860385 0.234758717447
3.6 0.011924 73.6390151035 0.227471189179
3.6 0.012466 71.9858343669 0.217609549487
3.6 0.013008 69.1347557374 0.208027424099
3.6 0.01355 66.870001546 0.199309130311
3.6 0.014092 64.9365164788 0.192749524516
3.6 0.014634 63.1560182255 0.184721934273
3.6 0.015176 60.7440301728 0.177441630712
3.6 0.015718 59.1030973623 0.171951423389
3.6 0.01626 57.584271971 0.167159011136
3.6 0.016802 56.3319460218 0.160841893682
3.6 0.017344 54.6228132391 0.154156402089
3.6 0.017886 52.8702898723 0.147744263505
3.6 0.018428 51.8148939756 0.143212528516
3.6 0.01897 50.7980562044 0.139787130693
3.6 0.019512 49.402523436 0.134685681405
3.8 0.001084 230.740687548 0.900400706382
3.8 0.001626 210.909865305 0.826365607841
3.8 0.002168 196.421924749 0.759130738854
3.8 0.00271 185.32064396 0.692752528352
3.8 0.003252 175.637720088 0.65022139021
3.8 0.003794 167.51198401 0.615121421443
3.8 0.004336 157.966451332 0.575063737178
3.8 0.004878 149.982195571 0.541166284129
3.8 0.00542 141.008435522 0.503575444863
3.8 0.005962 133.187606446 0.470181236911
3.8 0.006504 128.968336031 0.452854135317
3.8 0.007046 123.158913614 0.424472366485
3.8 0.007588 120.099612126 0.408251878083
3.8 0.00813 114.145431343 0.382463845935
3.8 0.008672 112.797625158 0.374234690851
3.8 0.009214 107.020896074 0.352291666257
3.8 0.009756 103.087624519 0.337417651888
3.8 0.010298 99.2908623079 0.321088152619
3.8 0.01084 96.1249524277 0.305479223244
3.8 0.011382 93.7208689138 0.295513851798
3.8 0.011924 91.2729126233 0.28354234588
3.8 0.012466 88.7120541621 0.271420611632
3.8 0.013008 85.5289484549 0.260015397981
3.8 0.01355 82.8347198586 0.249555874822
3.8 0.014092 80.359302131 0.23918698684
3.8 0.014634 77.7352520944 0.230004335895
3.8 0.015176 75.3920588731 0.221889876919
3.8 0.015718 73.1483915819 0.214783837066
3.8 0.01626 71.7963258348 0.206939299409
3.8 0.016802 69.8209007505 0.199351777842
3.8 0.017344 67.2689171793 0.189429109692
3.8 0.017886 66.0257536291 0.183402426629
3.8 0.018428 64.5125097165 0.178586665218
3.8 0.01897 62.9048361327 0.172425042164
3.8 0.019512 61.307702503 0.166194347402
4.0 0.001084 285.677372933 1.15212333984
4.0 0.001626 261.14830145 1.05566468585
4.0 0.002168 243.019699494 0.964377930476
4.0 0.00271 229.51582385 0.883142150375
4.0 0.003252 218.454779559 0.832814463946
4.0 0.003794 207.193270928 0.781677831048
4.0 0.004336 196.288944676 0.73379816926
4.0 0.004878 185.738441176 0.686237969784
4.0 0.00542 173.947920531 0.636792420104
4.0 0.005962 165.088467996 0.597831733257
4.0 0.006504 160.269655725 0.576898613259
4.0 0.007046 152.514356225 0.535792498753
4.0 0.007588 148.859550431 0.515564360604
4.0 0.00813 142.484720245 0.487818464768
4.0 0.008672 139.424461558 0.473132273623
4.0 0.009214 132.999697466 0.447642165427
4.0 0.009756 127.765916418 0.42624718085
4.0 0.010298 123.176266859 0.404861112237
4.0 0.01084 119.924374352 0.388352087665
4.0 0.011382 116.605152195 0.373369559022
4.0 0.011924 114.190064232 0.357336227088
4.0 0.012466 110.046104802 0.343036596137
4.0 0.013008 106.67460238 0.326973085072
4.0 0.01355 103.191698573 0.314449909063
4.0 0.014092 100.224685706 0.301375052742
4.0 0.014634 97.1588008451 0.290612097875
4.0 0.015176 94.1257144212 0.279179702096
4.0 0.015718 91.671412413 0.269078192007
4.0 0.01626 89.6399160025 0.259132025683
4.0 0.016802 86.7782974995 0.247857891144
4.0 0.017344 84.8205620031 0.238657279717
4.0 0.017886 82.5927934348 0.230083687777
4.0 0.018428 80.6543294782 0.22332279073
4.0 0.01897 78.734575646 0.215065476976
4.0 0.019512 76.4529984932 0.207119114761
4.2 0.001084 351.835124545 1.48480004025
4.2 0.001626 321.762913532 1.35740489065
4.2 0.002168 299.73182846 1.23529826686
4.2 0.00271 283.86138198 1.13734052094
4.2 0.003252 271.485705227 1.07481318446
4.2 0.003794 256.585063689 1.00128767581
4.2 0.004336 244.618412317 0.944321644701
4.2 0.004878 230.712195976 0.876830626621
4.2 0.00542 215.692794701 0.814155446883
4.2 0.005962 206.297055755 0.770418481049
4.2 0.006504 198.938123877 0.735084866834
4.2 0.007046 191.039532366 0.688707980751
4.2 0.007588 184.831196507 0.656535965804
4.2 0.00813 179.186128823 0.629613819969
4.2 0.008672 173.550137152 0.60485979573
4.2 0.009214 165.659211113 0.572013946787
4.2 0.009756 159.772738019 0.545372555213
4.2 0.010298 153.731012648 0.515396943903
4.2 0.01084 150.587944132 0.495894571344
4.2 0.011382 146.084456402 0.474617191953
4.2 0.011924 142.862705829 0.455759019786
4.2 0.012466 137.91795382 0.435841220453
4.2 0.013008 133.655074981 0.416461163514
4.2 0.01355 129.537290312 0.399457117095
4.2 0.014092 125.757575577 0.384556246907
4.2 0.014634 121.761492498 0.368340430101
4.2 0.015176 117.986959909 0.353711999699
4.2 0.015718 115.223849052 0.339968232113
4.2 0.01626 112.470398714 0.328597660888
4.2 0.016802 109.158111588 0.313741646666
4.2 0.017344 107.126172642 0.303458538681
4.2 0.017886 103.833495317 0.291549061914
4.2 0.018428 101.583619352 0.281726817727
4.2 0.01897 98.8005711578 0.270459494852
4.2 0.019512 96.3716230531 0.26117819859
4.4 0.001084 436.995982525 1.93115829487
4.4 0.001626 399.738281543 1.75971456272
4.4 0.002168 372.940692853 1.59836891028
4.4 0.00271 354.033622834 1.47903988258
4.4 0.003252 339.553226125 1.39996719111
4.4 0.003794 319.700484923 1.29499954542
4.4 0.004336 306.529825644 1.22733427946
4.4 0.004878 287.843220705 1.13233097512
4.4 0.00542 270.129634457 1.05493443375
4.4 0.005962 259.296965713 1.00412473372
4.4 0.006504 248.826719694 0.948412698612
4.4 0.007046 240.871365591 0.896279878046
4.4 0.007588 231.544302378 0.847346333308
4.4 0.00813 226.882383945 0.821551557225
4.4 0.008672 217.715379665 0.782891849177
4.4 0.009214 208.148411007 0.736758313696
4.4 0.009756 201.549635523 0.705692155343
4.4 0.010298 194.833956222 0.66742847124
4.4 0.01084 189.578756736 0.637624657793
4.4 0.011382 184.836360646 0.61236508521
4.4 0.011924 179.369741887 0.586997262088
4.4 0.012466 174.159720568 0.561007739707
4.4 0.013008 168.401267646 0.535935992373
4.4 0.01355 163.662760923 0.51510708523
4.4 0.014092 158.615474611 0.494414034
4.4 0.014634 153.822234888 0.472300892689
4.4 0.015176 149.654461529 0.452552413194
4.4 0.015718 146.301671071 0.437865450355
4.4 0.01626 142.300063581 0.420505841998
4.4 0.016802 139.987669776 0.406577867966
4.4 0.017344 135.049856173 0.387474501418
4.4 0.017886 132.193738675 0.374702996773
4.4 0.018428 128.895172537 0.359444023878
4.4 0.01897 125.416039147 0.34652642382
4.4 0.019512 122.828365787 0.334854720777
4.6 0.001084 542.602059003 2.53172863465
4.6 0.001626 496.584797336 2.29804444374
4.6 0.002168 464.686924742 2.09173357518
4.6 0.00271 442.453214283 1.94186649467
4.6 0.003252 425.727559996 1.84110651127
4.6 0.003794 400.034392972 1.69256870684
4.6 0.004336 384.459943225 1.60737878228
4.6 0.004878 360.507478543 1.47733793398
4.6 0.00542 340.19906919 1.38407142365
4.6 0.005962 327.071427976 1.32252595226
4.6 0.006504 313.248716828 1.23894516573
4.6 0.007046 305.111444151 1.18084172699
4.6 0.007588 292.046078853 1.10689427974
4.6 0.00813 287.547744159 1.07909741171
4.6 0.008672 274.885679726 1.0216960332
4.6 0.009214 264.06605455 0.96535758213
4.6 0.009756 255.447990448 0.920914418539
4.6 0.010298 248.023372001 0.870692067206
4.6 0.01084 240.171407488 0.832067657101
4.6 0.011382 235.152194211 0.801719692098
4.6 0.011924 227.138917944 0.765149836155
4.6 0.012466 221.009717592 0.733325101858
4.6 0.013008 213.901754809 0.700225706995
4.6 0.01355 207.320232509 0.671935758375
4.6 0.014092 201.741640036 0.643421314099
4.6 0.014634 195.929959318 0.612664270883
4.6 0.015176 191.69785943 0.58973262934
4.6 0.015718 187.301012987 0.572559621804
4.6 0.01626 182.853969852 0.549018592447
4.6 0.016802 178.536988182 0.528664948257
4.6 0.017344 173.200061125 0.504699416384
4.6 0.017886 169.071291504 0.486140113447
4.6 0.018428 164.376132301 0.467134939738
4.6 0.01897 161.231205196 0.454197485493
4.6 0.019512 157.160735351 0.433756662166
