2.2 0.184924702397 15575.0889873 1.34208698972
2.4 0.231425921518 15949.2089458 1.34203326456
2.6 0.285929695332 15663.4242015 1.33394847934
2.8 0.349252333224 15064.6336211 1.32989794854
3.0 0.422242531447 13977.4411848 1.32506197294
3.2 0.505780851386 12850.8925638 1.31861628106
3.4 0.600779232412 11764.0727524 1.30886209908
3.6 0.708180535481 10728.3412982 1.29945175557
3.8 0.828958114192 9817.61328637 1.28714999213
4.0 0.9641154105 9184.37427281 1.27684229156
4.2 1.1146855727 8737.89159291 1.26733068916
4.4 1.28173109358 8405.55929952 1.25709797677
4.6 1.46634346696 7939.73959714 1.25056282992
