2.2 0.001084 19.9571927212 0.0703718614404
2.2 0.001626 18.3623188682 0.0646242761249
2.2 0.002168 17.4660829898 0.0608994442056
2.2 0.00271 16.9794284568 0.0587695383023
2.2 0.003252 16.2971522725 0.0560946435368
2.2 0.003794 15.3626301176 0.0525119631943
2.2 0.004336 14.7883157302 0.0505484561092
2.2 0.004878 14.2065917192 0.0485865778062
2.2 0.00542 13.6101140202 0.0456350648079
2.2 0.005962 13.0660563832 0.043921722792
2.2 0.006504 12.5992708261 0.04231873378
2.2 0.007046 12.0511926814 0.0403178075232
2.2 0.007588 11.4970265788 0.0382736289247
2.2 0.00813 11.0296071748 0.0368086426457
2.2 0.008672 10.6237775595 0.0358456747925
2.2 0.009214 10.2821167739 0.0342876467759
2.2 0.009756 9.83041695027 0.0325351645005
2.2 0.010298 9.65366655492 0.031954539258
2.2 0.01084 9.27081247105 0.0306637659575
2.2 0.011382 8.93642439989 0.0295889752492
2.2 0.011924 8.60220903271 0.0283608716671
2.2 0.012466 8.33886346751 0.0274623438713
2.2 0.013008 8.10497431824 0.0268331898084
2.2 0.01355 7.7678415489 0.0257168671907
2.2 0.014092 7.54169944279 0.0248709288389
2.2 0.014634 7.26256360258 0.0237563497753
2.2 0.015176 7.0485452657 0.0231172348202
2.2 0.015718 6.83836771712 0.0223774163315
2.2 0.01626 6.61653305162 0.0214795645419
2.2 0.016802 6.46078924745 0.0209146934834
2.2 0.017344 6.28033687296 0.0203249278546
2.2 0.017886 6.04831280557 0.0195164870994
2.2 0.018428 5.87325498447 0.0189280335433
2.2 0.01897 5.66309637606 0.0182747593828
2.2 0.019512 5.47101501736 0.0176726362123
2.4 0.001084 26.218343575 0.0912483185955
2.4 0.001626 24.0344671723 0.0838490247133
2.4 0.002168 22.8956960331 0.0791596993954
2.4 0.00271 22.2036965485 0.0760810644686
2.4 0.003252 21.1404860233 0.0718482722554
2.4 0.003794 19.9757295087 0.0675135802347
2.4 0.004336 19.2287235595 0.0649580478772
2.4 0.004878 18.4499466263 0.0618932200599
2.4 0.00542 17.5976679414 0.0582609806195
2.4 0.005962 16.9068287794 0.0564326469387
2.4 0.006504 16.2601954448 0.0538724640962
2.4 0.007046 15.4756390029 0.0511372608901
2.4 0.007588 14.839493016 0.0489557714622
2.4 0.00813 14.2335184694 0.0471392719276
2.4 0.008672 13.8067340014 0.0456462704312
2.4 0.009214 13.321878318 0.0437703541179
2.4 0.009756 12.8437745029 0.0420125302507
2.4 0.010298 12.4713372962 0.0407146850065
2.4 0.01084 11.9185164004 0.0388817842138
2.4 0.011382 11.5401716041 0.037626654342
2.4 0.011924 11.1151002407 0.0359263521028
2.4 0.012466 10.8786498753 0.0353104143495
2.4 0.013008 10.3804876912 0.0337118195704
2.4 0.01355 10.0995906157 0.0325420841311
2.4 0.014092 9.74645278481 0.0312762616001
2.4 0.014634 9.41463095004 0.0302921638846
2.4 0.015176 9.12853321889 0.0293053369768
2.4 0.015718 8.83482256794 0.0281412556562
2.4 0.01626 8.58157249256 0.0272677101574
2.4 0.016802 8.38570214981 0.0267143762057
2.4 0.017344 8.02977143841 0.0254660525505
2.4 0.017886 7.81121981759 0.0246628266589
2.4 0.018428 7.58642731 0.0239688477378
2.4 0.01897 7.32722092433 0.023071713395
2.4 0.019512 7.11251224814 0.0223137755459
2.6 0.001084 33.5462138183 0.114616099252
2.6 0.001626 30.7177016824 0.105965813696
2.6 0.002168 29.3468457146 0.100372501756
2.6 0.00271 28.3361917102 0.0960091226666
2.6 0.003252 26.7002644095 0.0896972241947
2.6 0.003794 25.3373418772 0.0846835207205
2.6 0.004336 24.3361143937 0.081101017102
2.6 0.004878 23.2155914124 0.0767940228053
2.6 0.00542 22.2084969255 0.0729925430592
2.6 0.005962 21.3659285882 0.0703890067738
2.6 0.006504 20.3874825732 0.0669517640116
2.6 0.007046 19.424684262 0.0636984394204
2.6 0.007588 18.7479155668 0.0615122754332
2.6 0.00813 17.8964018488 0.0586298156833
2.6 0.008672 17.5451886952 0.0569830014446
2.6 0.009214 16.7676297682 0.0543469256244
2.6 0.009756 16.2584785041 0.0521850091756
2.6 0.010298 15.5782586951 0.0501252639323
2.6 0.01084 15.0644860349 0.0483953253206
2.6 0.011382 14.5638867376 0.0465378930512
2.6 0.011924 14.1247917115 0.0450037853371
2.6 0.012466 13.6402871822 0.0434055905665
2.6 0.013008 13.1431241643 0.0416346430938
2.6 0.01355 12.7611038878 0.0401840532542
2.6 0.014092 12.2779090768 0.0386649447558
2.6 0.014634 11.8807102064 0.0374513190881
2.6 0.015176 11.5278640539 0.0361328679717
2.6 0.015718 11.1231217935 0.0347234838192
2.6 0.01626 10.9002902239 0.0339819297135
2.6 0.016802 10.4610729077 0.0326790460984
2.6 0.017344 10.1285793954 0.031377932903
2.6 0.017886 9.86936307719 0.0305008057579
2.6 0.018428 9.5744504791 0.0295039198039
2.6 0.01897 9.30530474378 0.0285454896503
2.6 0.019512 9.01125357435 0.0275689912284
2.8 0.001084 41.9402410609 0.141911228846
2.8 0.001626 38.3953829288 0.131924916321
2.8 0.002168 36.7200314119 0.12495290307
2.8 0.00271 35.188433399 0.118319692384
2.8 0.003252 32.916299171 0.109593006788
2.8 0.003794 31.4918628372 0.10425803213
2.8 0.004336 30.0485809844 0.0993290914167
2.8 0.004878 28.5672486954 0.0938929817457
2.8 0.00542 27.4094104661 0.0895862928751
2.8 0.005962 26.2371555866 0.0856018393497
2.8 0.006504 24.9366365463 0.0811889307159
2.8 0.007046 23.9419478487 0.0778933882724
2.8 0.007588 23.0966887517 0.0750454120944
2.8 0.00813 22.1714407743 0.0715662308932
2.8 0.008672 21.5534055029 0.0693159637682
2.8 0.009214 20.6325620298 0.0658422500709
2.8 0.009756 20.0287186158 0.0633102659659
2.8 0.010298 19.1460939166 0.0610424977975
2.8 0.01084 18.6761266113 0.05868553726
2.8 0.011382 17.9417631941 0.056393207206
2.8 0.011924 17.4325611285 0.0547636861703
2.8 0.012466 16.717813921 0.0523271040754
2.8 0.013008 16.1901875226 0.0503683521569
2.8 0.01355 15.621963305 0.0484330121987
2.8 0.014092 15.0918992803 0.0470483482151
2.8 0.014634 14.6505539724 0.0452023651344
2.8 0.015176 14.2430392774 0.0437878146437
2.8 0.015718 13.8296554014 0.0425757169242
2.8 0.01626 13.35622314 0.0409919295961
2.8 0.016802 12.9251910321 0.0394790294171
2.8 0.017344 12.5697491223 0.0381164559702
2.8 0.017886 12.2115328012 0.0368880350226
2.8 0.018428 11.862693215 0.0357983519898
2.8 0.01897 11.4822235518 0.0345855794245
2.8 0.019512 11.1019231962 0.0334316715322
3.0 0.001084 51.3468332112 0.173902938529
3.0 0.001626 46.9785022405 0.161295813784
3.0 0.002168 44.8666917632 0.152744338767
3.0 0.00271 42.7625794233 0.143478647045
3.0 0.003252 39.7528643645 0.132114060732
3.0 0.003794 38.4112749602 0.127113469791
3.0 0.004336 36.3212708635 0.119773853703
3.0 0.004878 34.4821250714 0.112727882757
3.0 0.00542 33.1707443688 0.108018590986
3.0 0.005962 31.4946235726 0.102428687212
3.0 0.006504 29.8933277533 0.0967266926611
3.0 0.007046 29.0555409997 0.0943394132361
3.0 0.007588 27.8138191122 0.0897939007195
3.0 0.00813 26.9350250594 0.0862303748617
3.0 0.008672 25.8838730582 0.0824990272729
3.0 0.009214 25.0135667833 0.0786735344732
3.0 0.009756 24.0045516514 0.0755655442078
3.0 0.010298 23.218114798 0.0726642034242
3.0 0.01084 22.4806229029 0.0698651301628
3.0 0.011382 21.6921254769 0.067494238626
3.0 0.011924 20.9624430139 0.0650008690198
3.0 0.012466 20.2029859234 0.0623435057916
3.0 0.013008 19.5459159833 0.0599939288879
3.0 0.01355 18.9072192473 0.0579758952779
3.0 0.014092 18.2887304699 0.0559291545634
3.0 0.014634 17.7678173862 0.0538431037254
3.0 0.015176 17.3016909901 0.0523920057933
3.0 0.015718 16.7234748789 0.0505063884409
3.0 0.01626 16.1587661805 0.0485300595507
3.0 0.016802 15.7373557646 0.0471419262272
3.0 0.017344 15.2709506857 0.0456199280123
3.0 0.017886 14.8077570127 0.044059853457
3.0 0.018428 14.4095732152 0.0426967401097
3.0 0.01897 13.8736705006 0.041059954896
3.0 0.019512 13.5757055579 0.0399403117672
3.2 0.001084 62.1173978364 0.211814589608
3.2 0.001626 56.8775773747 0.195929159972
3.2 0.002168 54.1357195447 0.185397192831
3.2 0.00271 51.3390496046 0.172666818328
3.2 0.003252 47.4392966988 0.158200953516
3.2 0.003794 46.2617542346 0.153490097185
3.2 0.004336 43.2429366151 0.143202521178
3.2 0.004878 41.1363322152 0.134733300684
3.2 0.00542 39.6144766916 0.129573700613
3.2 0.005962 37.3007862103 0.121605541633
3.2 0.006504 35.5151304099 0.114596693469
3.2 0.007046 34.9232694465 0.113733047839
3.2 0.007588 33.0030664257 0.106207775586
3.2 0.00813 32.2465167573 0.102852334611
3.2 0.008672 30.6525886545 0.0976258661745
3.2 0.009214 29.9163498058 0.0933519757853
3.2 0.009756 28.3293532903 0.0895280079214
3.2 0.010298 27.8502014079 0.0862328423294
3.2 0.01084 26.6223712203 0.0826832348329
3.2 0.011382 25.8462310827 0.0797055010247
3.2 0.011924 24.9159448201 0.0765401632915
3.2 0.012466 24.1019138036 0.0738663638739
3.2 0.013008 23.3876334951 0.0706867188916
3.2 0.01355 22.5846515791 0.0686035854466
3.2 0.014092 21.80109251 0.0655341295922
3.2 0.014634 21.2727050292 0.0643124852744
3.2 0.015176 20.6197828879 0.0616892697842
3.2 0.015718 19.8448867587 0.0588665292732
3.2 0.01626 19.4024615669 0.0575649214103
3.2 0.016802 18.8408095641 0.0557753407411
3.2 0.017344 18.2739931595 0.0536489071053
3.2 0.017886 17.9057568506 0.0521590129742
3.2 0.018428 17.1644634109 0.0501655117491
3.2 0.01897 16.782152983 0.0484488958752
3.2 0.019512 16.4662997223 0.0476090170306
3.4 0.001084 75.025969307 0.25818360345
3.4 0.001626 68.7489640903 0.237922801828
3.4 0.002168 65.0483444345 0.224746298468
3.4 0.00271 61.3220461386 0.20699267628
3.4 0.003252 56.9243811966 0.190298020979
3.4 0.003794 55.2497310006 0.18401041002
3.4 0.004336 51.5782869592 0.171602420061
3.4 0.004878 49.1766554828 0.161841235792
3.4 0.00542 46.9913481931 0.154482452358
3.4 0.005962 44.2613030233 0.144161985695
3.4 0.006504 42.427487847 0.137330514902
3.4 0.007046 41.3542317621 0.134347221241
3.4 0.007588 39.3090925423 0.126208124872
3.4 0.00813 38.0615773795 0.121352212163
3.4 0.008672 36.5041415311 0.115408149792
3.4 0.009214 35.3354493439 0.110857001105
3.4 0.009756 33.8608579682 0.10628520101
3.4 0.010298 32.9110882308 0.102073877869
3.4 0.01084 31.6071218262 0.0973939222078
3.4 0.011382 30.6089273947 0.0935434321608
3.4 0.011924 29.6486159746 0.0905445546484
3.4 0.012466 28.7419546488 0.0871388252422
3.4 0.013008 27.8087949205 0.0835487422003
3.4 0.01355 26.7815173168 0.0802632205629
3.4 0.014092 25.9873448507 0.0778258255384
3.4 0.014634 25.2996799687 0.0754325335794
3.4 0.015176 24.4171265836 0.0721346770544
3.4 0.015718 23.7038094385 0.0698280555047
3.4 0.01626 23.0697015613 0.0678860487374
3.4 0.016802 22.4440515076 0.0655788062184
3.4 0.017344 21.9072385679 0.063192931002
3.4 0.017886 21.1861027783 0.0611871002809
3.4 0.018428 20.627527699 0.0590191298384
3.4 0.01897 20.1989045037 0.057660827787
3.4 0.019512 19.5911507319 0.0555802926603
3.6 0.001084 90.6131253582 0.314478009187
3.6 0.001626 83.0325229906 0.289001928405
3.6 0.002168 78.0805987574 0.271495593816
3.6 0.00271 73.1996529417 0.248097232421
3.6 0.003252 68.3279404743 0.229533263478
3.6 0.003794 65.7618136696 0.220430604207
3.6 0.004336 61.528558104 0.206032773137
3.6 0.004878 58.697629166 0.194893345207
3.6 0.00542 55.6682434366 0.183925201802
3.6 0.005962 52.4809601475 0.1713452405
3.6 0.006504 50.7184280893 0.164984235511
3.6 0.007046 48.8446865971 0.15844171967
3.6 0.007588 46.9104050409 0.150556709989
3.6 0.00813 44.9887634217 0.143158235318
3.6 0.008672 43.6274405326 0.137485544591
3.6 0.009214 41.7113308755 0.131048432232
3.6 0.009756 40.378721397 0.12584598456
3.6 0.010298 38.8707064642 0.120294857776
3.6 0.01084 37.4031662896 0.114168387878
3.6 0.011382 36.3652346172 0.110581541063
3.6 0.011924 35.1911918798 0.10739408886
3.6 0.012466 34.2764096321 0.102618838522
3.6 0.013008 32.9368657774 0.0987608472952
3.6 0.01355 31.743964716 0.0945613866206
3.6 0.014092 30.9330440925 0.0921457481141
3.6 0.014634 29.9950459527 0.0883139076776
3.6 0.015176 28.9381740668 0.0851572618502
3.6 0.015718 28.2138795348 0.0824473377196
3.6 0.01626 27.4794480472 0.0798980499615
3.6 0.016802 26.8753404407 0.0772548500015
3.6 0.017344 26.0477178608 0.0744134520576
3.6 0.017886 25.2112917793 0.0717589839402
3.6 0.018428 24.619396134 0.0695754083538
3.6 0.01897 23.9621568445 0.0675939794185
3.6 0.019512 23.2423568564 0.065045894332
3.8 0.001084 108.89361624 0.38327107857
3.8 0.001626 99.7016591171 0.352524808142
3.8 0.002168 93.2836083828 0.328355962981
3.8 0.00271 87.1987787085 0.29884020624
3.8 0.003252 81.9797449068 0.27843318466
3.8 0.003794 78.3597111758 0.265496264474
3.8 0.004336 73.6092759351 0.248634156444
3.8 0.004878 70.1222226256 0.234806223631
3.8 0.00542 66.1192634266 0.219662017697
3.8 0.005962 62.386828364 0.204737690588
3.8 0.006504 60.7264658026 0.199084985892
3.8 0.007046 57.8045210253 0.187755975157
3.8 0.007588 56.067207831 0.180214582659
3.8 0.00813 53.2425188848 0.169320950854
3.8 0.008672 52.3545038849 0.165293398223
3.8 0.009214 49.4897010357 0.154761402051
3.8 0.009756 48.0618299237 0.149437022386
3.8 0.010298 46.1422789942 0.14242649952
3.8 0.01084 44.4736283353 0.135536775059
3.8 0.011382 43.3238152968 0.132150699961
3.8 0.011924 41.9917047429 0.127022007108
3.8 0.012466 40.7259651827 0.121525920793
3.8 0.013008 39.179225574 0.116668049594
3.8 0.01355 37.9538033128 0.112551471012
3.8 0.014092 36.8013889915 0.108300509411
3.8 0.014634 35.6109537942 0.10445861141
3.8 0.015176 34.6501693227 0.101012792318
3.8 0.015718 33.6518435165 0.0975696993688
3.8 0.01626 33.0208042708 0.0943021865745
3.8 0.016802 32.0293044203 0.0907687241018
3.8 0.017344 30.8400097452 0.0870121074024
3.8 0.017886 30.2088879693 0.0848524998142
3.8 0.018428 29.321443805 0.0821728350318
3.8 0.01897 28.5530133131 0.0794727634543
3.8 0.019512 27.7216683676 0.0764307855237
4.0 0.001084 132.089603017 0.468515093431
4.0 0.001626 120.842274993 0.431072211559
4.0 0.002168 112.547219848 0.397944403783
4.0 0.00271 104.948874831 0.361719550902
4.0 0.003252 99.1831387812 0.339275037598
4.0 0.003794 93.9538389196 0.321127467424
4.0 0.004336 88.6377358749 0.301608176875
4.0 0.004878 84.0941244662 0.28319614636
4.0 0.00542 78.8954341375 0.263822465935
4.0 0.005962 74.5633604728 0.246305259748
4.0 0.006504 73.0380776822 0.241193467142
4.0 0.007046 68.9515356317 0.224306402732
4.0 0.007588 66.995378224 0.215542250328
4.0 0.00813 64.0498449501 0.204283218441
4.0 0.008672 62.3462001855 0.197264408435
4.0 0.009214 59.4682239273 0.186170217394
4.0 0.009756 57.3154444102 0.17861800397
4.0 0.010298 54.9366822644 0.169309872374
4.0 0.01084 53.3898145134 0.163459346473
4.0 0.011382 51.7747824993 0.158213086257
4.0 0.011924 50.4268715881 0.15092233749
4.0 0.012466 48.6077631963 0.145525031006
4.0 0.013008 46.8437088854 0.13822656972
4.0 0.01355 45.4404494555 0.134377207228
4.0 0.014092 43.9707751986 0.12853409233
4.0 0.014634 42.776481667 0.124641574009
4.0 0.015176 41.5959795474 0.12012685804
4.0 0.015718 40.4681276636 0.115592275545
4.0 0.01626 39.4869289174 0.111457560042
4.0 0.016802 38.1135235008 0.106774493848
4.0 0.017344 37.1660501535 0.104047526364
4.0 0.017886 35.9876658548 0.100193924072
4.0 0.018428 35.1833740045 0.0974586532778
4.0 0.01897 34.0580773281 0.0934820275429
4.0 0.019512 33.2666167492 0.0904486145608
4.2 0.001084 158.826098794 0.575003673755
4.2 0.001626 145.059549869 0.527876593832
4.2 0.002168 134.762839023 0.483981278043
4.2 0.00271 125.677146829 0.440256770904
4.2 0.003252 119.491413471 0.415195971546
4.2 0.003794 112.508749842 0.389915316217
4.2 0.004336 106.747870408 0.367108318755
4.2 0.004878 100.821280235 0.342748224634
4.2 0.00542 94.3684852703 0.318756105776
4.2 0.005962 89.7088615421 0.299850973872
4.2 0.006504 87.0547025811 0.289584680848
4.2 0.007046 82.8572537822 0.270912252166
4.2 0.007588 79.9626783068 0.258737662659
4.2 0.00813 77.3142338462 0.248548072726
4.2 0.008672 74.499033803 0.236416819296
4.2 0.009214 71.31249791 0.224966433372
4.2 0.009756 68.6669267324 0.214625837351
4.2 0.010298 65.4747864791 0.202350964122
4.2 0.01084 64.2927379179 0.19709730421
4.2 0.011382 62.0591846256 0.189288475019
4.2 0.011924 60.4523940762 0.181370828849
4.2 0.012466 58.2741096106 0.173602078959
4.2 0.013008 56.2678028852 0.166094748785
4.2 0.01355 54.4335122055 0.159743559185
4.2 0.014092 52.9432268821 0.154258433518
4.2 0.014634 51.5195385019 0.148995067447
4.2 0.015176 49.8040148846 0.142796874058
4.2 0.015718 48.5412351961 0.137200211087
4.2 0.01626 47.1464133807 0.132608873589
4.2 0.016802 45.7175131132 0.12727545752
4.2 0.017344 44.6242403115 0.124235072937
4.2 0.017886 43.1723454754 0.119141405904
4.2 0.018428 42.1245817179 0.115399450129
4.2 0.01897 40.8626899488 0.110789316563
4.2 0.019512 39.7367760362 0.10614738395
4.4 0.001084 191.8386832 0.707277440628
4.4 0.001626 174.872309139 0.647535376607
4.4 0.002168 162.141031549 0.590073986178
4.4 0.00271 151.34846559 0.538182786098
4.4 0.003252 144.439726249 0.509600948761
4.4 0.003794 135.196626775 0.474926053257
4.4 0.004336 128.892996862 0.448563664574
4.4 0.004878 121.111688651 0.417041957293
4.4 0.00542 113.514531277 0.387491698737
4.4 0.005962 108.472111603 0.367234679249
4.4 0.006504 104.162512334 0.3488969684
4.4 0.007046 99.9962997487 0.329076884125
4.4 0.007588 96.0112475279 0.313293970338
4.4 0.00813 93.6172850343 0.303312419198
4.4 0.008672 89.476953599 0.285141320924
4.4 0.009214 85.7454833513 0.27221738576
4.4 0.009756 82.561246705 0.259226658856
4.4 0.010298 79.3048420657 0.245974929819
4.4 0.01084 77.2171404646 0.237240570575
4.4 0.011382 74.878355095 0.228159563429
4.4 0.011924 72.6031330877 0.218711211703
4.4 0.012466 70.1944943826 0.20848214507
4.4 0.013008 67.5329575085 0.199937244198
4.4 0.01355 65.5787265052 0.192225775357
4.4 0.014092 63.817099443 0.185753141404
4.4 0.014634 61.8598364374 0.178052130799
4.4 0.015176 59.9356562068 0.170342796266
4.4 0.015718 58.351526302 0.164870785903
4.4 0.01626 56.6649541814 0.158585112487
4.4 0.016802 55.5226512164 0.154542589828
4.4 0.017344 53.2650788152 0.147074475783
4.4 0.017886 52.2005754314 0.143334724563
4.4 0.018428 50.6280412065 0.136914444266
4.4 0.01897 49.1321088388 0.131432115422
4.4 0.019512 48.0847809007 0.126784394853
4.6 0.001084 230.580893263 0.870027619659
4.6 0.001626 209.833786607 0.793797380466
4.6 0.002168 194.478877458 0.720821872382
4.6 0.00271 181.90414098 0.658962067355
4.6 0.003252 174.215176732 0.626120446213
4.6 0.003794 162.401110321 0.578974649654
4.6 0.004336 155.100622794 0.547931162648
4.6 0.004878 145.385095883 0.507751915526
4.6 0.00542 136.514443092 0.471937447901
4.6 0.005962 130.947878376 0.449557468387
4.6 0.006504 124.748056082 0.421127068415
4.6 0.007046 120.718422353 0.401065194341
4.6 0.007588 115.524861732 0.381189766426
4.6 0.00813 112.963965718 0.368413963712
4.6 0.008672 107.746494779 0.346973122593
4.6 0.009214 103.374547598 0.330295440773
4.6 0.009756 99.1044750036 0.31363325101
4.6 0.010298 96.1509857365 0.298761769001
4.6 0.01084 92.7485025462 0.286972926466
4.6 0.011382 90.396090498 0.276882337871
4.6 0.011924 87.4108420238 0.263286983624
4.6 0.012466 84.5867544279 0.25236620447
4.6 0.013008 81.483280056 0.241620201016
4.6 0.01355 79.1568932836 0.232907188387
4.6 0.014092 76.8442472281 0.223549311855
4.6 0.014634 74.4386752801 0.213397048289
4.6 0.015176 72.2115403978 0.204455770538
4.6 0.015718 70.49817369 0.199575062465
4.6 0.01626 68.664969949 0.191733153536
4.6 0.016802 66.7317772882 0.18495140787
4.6 0.017344 64.6079504039 0.177924020589
4.6 0.017886 63.0018710817 0.170812762223
4.6 0.018428 60.8275203297 0.163489759923
4.6 0.01897 59.7259143435 0.15806855777
4.6 0.019512 58.0332564258 0.152130863395
