2.2 0.001084 19.537193208 0.0696785143874
2.2 0.001626 17.9840538752 0.0637146565242
2.2 0.002168 17.064068437 0.0599312857455
2.2 0.00271 16.5484614771 0.057877952596
2.2 0.003252 15.900484095 0.0553582423356
2.2 0.003794 15.0599097442 0.0521498229509
2.2 0.004336 14.4400851403 0.0496372363844
2.2 0.004878 13.8857079335 0.0478954915283
2.2 0.00542 13.3877233629 0.0453970700445
2.2 0.005962 12.8279795384 0.0433889676414
2.2 0.006504 12.3651645541 0.0417136512357
2.2 0.007046 11.843822987 0.0398484867583
2.2 0.007588 11.3099774097 0.0379675124546
2.2 0.00813 10.8528102865 0.0364817253248
2.2 0.008672 10.4578625281 0.0352886770127
2.2 0.009214 10.113380691 0.0337700645291
2.2 0.009756 9.67822880918 0.0324332132588
2.2 0.010298 9.51380199938 0.0317014742668
2.2 0.01084 9.17395743822 0.0306138407976
2.2 0.011382 8.89199409744 0.0295196080506
2.2 0.011924 8.56360439562 0.0283245878492
2.2 0.012466 8.29810208136 0.0275194875595
2.2 0.013008 8.08500802131 0.0268752422288
2.2 0.01355 7.76146602198 0.0256825487414
2.2 0.014092 7.55108027456 0.0249427182192
2.2 0.014634 7.31312057279 0.0241287029607
2.2 0.015176 7.07737310762 0.0233204869035
2.2 0.015718 6.84935281149 0.0224194428275
2.2 0.01626 6.64950779194 0.0216041574289
2.2 0.016802 6.49221649432 0.0210545174912
2.2 0.017344 6.31726796465 0.0205080785707
2.2 0.017886 6.10905760465 0.0198305721728
2.2 0.018428 5.93412340222 0.0192578470481
2.2 0.01897 5.78643584262 0.0187300493528
2.2 0.019512 5.6105912208 0.0181083305743
2.4 0.001084 25.5886473257 0.0902938982762
2.4 0.001626 23.4563791508 0.0825892730648
2.4 0.002168 22.3251774559 0.0779186630559
2.4 0.00271 21.6538847607 0.0750612381316
2.4 0.003252 20.6684692269 0.0711391253765
2.4 0.003794 19.5752641582 0.0669317481216
2.4 0.004336 18.8135744976 0.064219356193
2.4 0.004878 18.0424310805 0.0613605073883
2.4 0.00542 17.2728004866 0.0578213462938
2.4 0.005962 16.5395745218 0.0555665679912
2.4 0.006504 15.9941341759 0.0536468800319
2.4 0.007046 15.1826427606 0.0506081807992
2.4 0.007588 14.5449705944 0.0482328118827
2.4 0.00813 13.9667417359 0.0467029352369
2.4 0.008672 13.4900155121 0.0450294061317
2.4 0.009214 13.0043251325 0.0429596854398
2.4 0.009756 12.5960695662 0.0413499195613
2.4 0.010298 12.2771161118 0.0402336315989
2.4 0.01084 11.7908237853 0.03862794056
2.4 0.011382 11.4235266064 0.0374759496853
2.4 0.011924 10.9843197188 0.0356824762099
2.4 0.012466 10.783243091 0.0351417060157
2.4 0.013008 10.3099958948 0.0336833895055
2.4 0.01355 10.0201602421 0.0326331776767
2.4 0.014092 9.68874699381 0.0312910813218
2.4 0.014634 9.38101770217 0.0302366894376
2.4 0.015176 9.11539301839 0.0293622651878
2.4 0.015718 8.85417858102 0.0283430833164
2.4 0.01626 8.63969469332 0.0274901515394
2.4 0.016802 8.46879806238 0.0269518976015
2.4 0.017344 8.13010055411 0.0257765124695
2.4 0.017886 7.91941034381 0.025048607901
2.4 0.018428 7.68532343157 0.0242635105317
2.4 0.01897 7.43722582501 0.0235198358876
2.4 0.019512 7.21848232856 0.0227325460084
2.6 0.001084 32.8089268139 0.114546361776
2.6 0.001626 29.9877520019 0.104968061045
2.6 0.002168 28.5554064839 0.0989491874585
2.6 0.00271 27.6157010601 0.0948616230854
2.6 0.003252 26.1499596617 0.0889812125983
2.6 0.003794 24.8218802585 0.0839758030095
2.6 0.004336 23.8288442968 0.0804500192799
2.6 0.004878 22.7682305525 0.0762576716945
2.6 0.00542 21.7300271436 0.0721965435876
2.6 0.005962 20.8799402399 0.0695827444721
2.6 0.006504 20.0395129009 0.0663729744502
2.6 0.007046 19.0360656984 0.0626996676265
2.6 0.007588 18.302790506 0.0602042340254
2.6 0.00813 17.5301303741 0.057812149353
2.6 0.008672 17.1257617606 0.0560950534547
2.6 0.009214 16.3989879378 0.0532464803819
2.6 0.009756 16.0155187436 0.0518266762345
2.6 0.010298 15.3415895639 0.0494708522371
2.6 0.01084 14.8151987244 0.0477576456401
2.6 0.011382 14.3311682636 0.0459513956755
2.6 0.011924 13.9433898422 0.0445298159567
2.6 0.012466 13.4686608246 0.0430431290798
2.6 0.013008 12.9662779032 0.0413002715968
2.6 0.01355 12.6389406322 0.0399509851393
2.6 0.014092 12.188865535 0.0384586330641
2.6 0.014634 11.8088737425 0.0373252511428
2.6 0.015176 11.4899505541 0.0359974877551
2.6 0.015718 11.1389404767 0.0347541348552
2.6 0.01626 10.9937358432 0.0343573152867
2.6 0.016802 10.5091490975 0.0327211806318
2.6 0.017344 10.2200448186 0.0316577732917
2.6 0.017886 9.9763413731 0.030811845446
2.6 0.018428 9.66581504323 0.0298293167809
2.6 0.01897 9.38734364518 0.0288666462311
2.6 0.019512 9.10671326288 0.0278074264773
2.8 0.001084 40.9032083578 0.141542732511
2.8 0.001626 37.3643185617 0.130442611537
2.8 0.002168 35.625024741 0.123124952285
2.8 0.00271 34.2955174994 0.117249916497
2.8 0.003252 32.2015440414 0.108981082842
2.8 0.003794 30.7248709396 0.103344635117
2.8 0.004336 29.3825522375 0.0983986816739
2.8 0.004878 27.9700699035 0.0928456898546
2.8 0.00542 26.7932940813 0.0886615941322
2.8 0.005962 25.6877101249 0.0849620124485
2.8 0.006504 24.4546494831 0.0805148208249
2.8 0.007046 23.3712374978 0.0766898319931
2.8 0.007588 22.4703822978 0.0736318838897
2.8 0.00813 21.6474630012 0.0706691679548
2.8 0.008672 21.0620145573 0.0682721949218
2.8 0.009214 20.2143759558 0.0650650138348
2.8 0.009756 19.6069080333 0.0626814837908
2.8 0.010298 18.6929863157 0.0598666358899
2.8 0.01084 18.2570700818 0.0581679406282
2.8 0.011382 17.607623477 0.0555825386893
2.8 0.011924 17.2013289244 0.054174212569
2.8 0.012466 16.4182948554 0.0514908863161
2.8 0.013008 16.0782738266 0.050084605502
2.8 0.01355 15.4983000935 0.0481606123629
2.8 0.014092 14.9582922028 0.0465151248781
2.8 0.014634 14.5436221746 0.0450042991641
2.8 0.015176 14.0869319245 0.0433754753755
2.8 0.015718 13.7682186553 0.0422362016237
2.8 0.01626 13.3277492585 0.0409300030997
2.8 0.016802 12.8865019167 0.0393677176799
2.8 0.017344 12.5728424692 0.0381508794838
2.8 0.017886 12.2528063663 0.0371062116299
2.8 0.018428 11.9115616395 0.0359023781945
2.8 0.01897 11.577366712 0.0346770721632
2.8 0.019512 11.2435742213 0.0335896484036
3.0 0.001084 49.9975755397 0.172777742179
3.0 0.001626 45.6847323992 0.160286603623
3.0 0.002168 43.5284025523 0.150856277808
3.0 0.00271 41.6027227369 0.142043212544
3.0 0.003252 38.8451080582 0.13110256149
3.0 0.003794 37.3033276302 0.125129282614
3.0 0.004336 35.4172751716 0.118602885056
3.0 0.004878 33.6830349991 0.111849568843
3.0 0.00542 32.3068081358 0.10686241065
3.0 0.005962 30.8006838475 0.101766444022
3.0 0.006504 29.2228577984 0.0959667912957
3.0 0.007046 28.1975258441 0.0924648465824
3.0 0.007588 27.0103522242 0.0880814061704
3.0 0.00813 26.2170541729 0.0850683838182
3.0 0.008672 25.2113304636 0.081280917915
3.0 0.009214 24.3969995848 0.0776615385648
3.0 0.009756 23.4334813035 0.0745548397328
3.0 0.010298 22.6624713907 0.0717951459823
3.0 0.01084 21.975216784 0.0689783005177
3.0 0.011382 21.2413740744 0.0664640515096
3.0 0.011924 20.5389939604 0.0639968976503
3.0 0.012466 19.8510364799 0.0615098399717
3.0 0.013008 19.2362189556 0.0593532168244
3.0 0.01355 18.5746516764 0.0572289531365
3.0 0.014092 18.0044596503 0.0552628756273
3.0 0.014634 17.5290379816 0.0533052218569
3.0 0.015176 17.0544576564 0.051755994846
3.0 0.015718 16.5634161063 0.0502594275022
3.0 0.01626 16.039461939 0.0484022356316
3.0 0.016802 15.6021769633 0.0466329179772
3.0 0.017344 15.2483856695 0.0452945669914
3.0 0.017886 14.827222605 0.0439294854956
3.0 0.018428 14.4093890858 0.0425023255636
3.0 0.01897 13.9136531427 0.0410736816667
3.0 0.019512 13.62813959 0.0401109992312
3.2 0.001084 60.2203123159 0.210360702449
3.2 0.001626 54.9563568686 0.194639926911
3.2 0.002168 52.2202006674 0.183099312035
3.2 0.00271 49.814405131 0.171189763075
3.2 0.003252 46.2436145613 0.157170976563
3.2 0.003794 44.8210097199 0.151340360727
3.2 0.004336 42.1316927288 0.141877574144
3.2 0.004878 40.0263148621 0.133326498633
3.2 0.00542 38.4572774647 0.127883912855
3.2 0.005962 36.3556854031 0.120662408976
3.2 0.006504 34.4881920986 0.113391124382
3.2 0.007046 33.6919315783 0.111428467456
3.2 0.007588 31.9638031913 0.104388480589
3.2 0.00813 31.3070217478 0.101589745479
3.2 0.008672 29.7686851527 0.0958924132811
3.2 0.009214 29.1173281849 0.0919101185446
3.2 0.009756 27.5671620955 0.0880729443302
3.2 0.010298 27.1126618453 0.0848851018083
3.2 0.01084 25.957195963 0.0813638291255
3.2 0.011382 25.2729569097 0.0789427433063
3.2 0.011924 24.3609619934 0.0754186747275
3.2 0.012466 23.6433152594 0.0727098219834
3.2 0.013008 22.8824974104 0.0701240725797
3.2 0.01355 22.1050007052 0.0676486370056
3.2 0.014092 21.4536575282 0.0647919096011
3.2 0.014634 20.9558475606 0.0629911566201
3.2 0.015176 20.3449101181 0.0612669441732
3.2 0.015718 19.6582637357 0.0586881439655
3.2 0.01626 19.1628157302 0.0568079070206
3.2 0.016802 18.6846125361 0.0551505790937
3.2 0.017344 18.1373911347 0.0534442730437
3.2 0.017886 17.7247654814 0.0518152303969
3.2 0.018428 17.0245031826 0.0497182013578
3.2 0.01897 16.7333153323 0.0486399979207
3.2 0.019512 16.3496082595 0.0470161843522
3.4 0.001084 72.5639385579 0.25629464116
3.4 0.001626 66.2471161718 0.236223848065
3.4 0.002168 62.5561822567 0.221578944
3.4 0.00271 59.2579960936 0.205224380601
3.4 0.003252 55.1778798302 0.189139695927
3.4 0.003794 53.3332282718 0.181854915927
3.4 0.004336 49.9622698472 0.16970141767
3.4 0.004878 47.5267762511 0.159607593413
3.4 0.00542 45.4302034622 0.152466270248
3.4 0.005962 42.8819810181 0.143096180368
3.4 0.006504 41.0611449134 0.135683602762
3.4 0.007046 39.8644673774 0.132183057499
3.4 0.007588 38.1236007194 0.124818079847
3.4 0.00813 36.9676693424 0.120139999746
3.4 0.008672 35.4318880659 0.113945631215
3.4 0.009214 34.2648842008 0.109049101393
3.4 0.009756 32.8390079535 0.104515855027
3.4 0.010298 31.9646383493 0.100531734493
3.4 0.01084 30.7761756797 0.0964276349715
3.4 0.011382 29.8712087742 0.0927165967258
3.4 0.011924 28.9329978466 0.0892182458175
3.4 0.012466 28.0836055853 0.0858713795006
3.4 0.013008 27.1668786492 0.0824284342702
3.4 0.01355 26.2453331732 0.0792159598786
3.4 0.014092 25.5032531871 0.0767575367167
3.4 0.014634 24.8268293976 0.0745264515808
3.4 0.015176 23.9994561062 0.0712935221378
3.4 0.015718 23.3347891309 0.0689528482573
3.4 0.01626 22.7617249477 0.067174056255
3.4 0.016802 22.1389659872 0.0648797905668
3.4 0.017344 21.6368850436 0.0626982633093
3.4 0.017886 20.9200502019 0.0604761978729
3.4 0.018428 20.3731821354 0.0584918588687
3.4 0.01897 20.0519096194 0.0572833259659
3.4 0.019512 19.5469730909 0.0553983978087
3.6 0.001084 87.2950734238 0.312299175848
3.6 0.001626 79.7337777737 0.287039527808
3.6 0.002168 74.9434144669 0.268436077051
3.6 0.00271 70.555725037 0.246287046286
3.6 0.003252 65.9487354041 0.22811613428
3.6 0.003794 63.3413114181 0.218416564981
3.6 0.004336 59.3322887431 0.203556293793
3.6 0.004878 56.4987120645 0.192045573544
3.6 0.00542 53.6670226874 0.182030148439
3.6 0.005962 50.6712281169 0.1698019856
3.6 0.006504 48.8881876459 0.163133818294
3.6 0.007046 47.0618323136 0.156394576339
3.6 0.007588 45.2801100691 0.148801329017
3.6 0.00813 43.4991172883 0.141935351117
3.6 0.008672 42.1904190486 0.13566582292
3.6 0.009214 40.3317061536 0.129551656132
3.6 0.009756 39.1137790561 0.12447329918
3.6 0.010298 37.6631647618 0.118952899625
3.6 0.01084 36.4193348013 0.113706393582
3.6 0.011382 35.3301219704 0.109200017458
3.6 0.011924 34.3333479707 0.106120305676
3.6 0.012466 33.3811497153 0.101053300689
3.6 0.013008 32.1583949023 0.09723664575
3.6 0.01355 31.0662899211 0.0931893908711
3.6 0.014092 30.3261298889 0.091367651098
3.6 0.014634 29.4605115805 0.0876557226861
3.6 0.015176 28.3659557535 0.0836632130291
3.6 0.015718 27.7273155235 0.0817923420412
3.6 0.01626 26.9557016035 0.0793215626222
3.6 0.016802 26.3155987564 0.0763012062783
3.6 0.017344 25.6349961517 0.0736355777143
3.6 0.017886 24.8108923602 0.0711472089967
3.6 0.018428 24.3774684687 0.069256770311
3.6 0.01897 23.8785583794 0.0675371052789
3.6 0.019512 23.1410424936 0.064810697048
3.8 0.001084 104.497906071 0.381164873365
3.8 0.001626 95.4236213474 0.349656135547
3.8 0.002168 89.3588925898 0.325440268494
3.8 0.00271 83.8431624492 0.296618953511
3.8 0.003252 78.8547834233 0.276347847905
3.8 0.003794 75.2561288843 0.263072544707
3.8 0.004336 70.6999540741 0.245500743582
3.8 0.004878 67.304964102 0.232140360572
3.8 0.00542 63.546465332 0.217737446427
3.8 0.005962 60.0006489169 0.202645689893
3.8 0.006504 58.4024531991 0.197258466925
3.8 0.007046 55.6409116549 0.185690641636
3.8 0.007588 54.0751521883 0.178549351215
3.8 0.00813 51.4341252701 0.168131899767
3.8 0.008672 50.5658333482 0.163257261258
3.8 0.009214 47.7644703996 0.154046304751
3.8 0.009756 46.4749282866 0.148357489083
3.8 0.010298 44.6620772285 0.141116929618
3.8 0.01084 43.2468093604 0.134522045705
3.8 0.011382 42.0977307694 0.130469276922
3.8 0.011924 40.9459652935 0.125920482895
3.8 0.012466 39.6928930072 0.120282557188
3.8 0.013008 38.224477463 0.115272985835
3.8 0.01355 37.0793728487 0.111462639098
3.8 0.014092 36.1116295567 0.107687188399
3.8 0.014634 34.8183343408 0.103196381419
3.8 0.015176 33.7915912601 0.099778659507
3.8 0.015718 32.9233950003 0.0971069536822
3.8 0.01626 32.1999738639 0.0938732667341
3.8 0.016802 31.4130311027 0.0901306281215
3.8 0.017344 30.3097487051 0.0870145108627
3.8 0.017886 29.677075803 0.0838111288963
3.8 0.018428 29.1442089543 0.0823891441737
3.8 0.01897 28.3140962995 0.0790997643433
3.8 0.019512 27.5534884097 0.0763486674411
4.0 0.001084 126.360874592 0.466320705481
4.0 0.001626 115.368891508 0.427999637549
4.0 0.002168 107.653720476 0.395456640225
4.0 0.00271 100.599533083 0.359720869646
4.0 0.003252 95.0317564367 0.337137310411
4.0 0.003794 89.9802634286 0.318826606047
4.0 0.004336 84.7984405561 0.29865263528
4.0 0.004878 80.4503337106 0.281599065486
4.0 0.00542 75.6099337579 0.261914037298
4.0 0.005962 71.4533736483 0.244052967481
4.0 0.006504 70.0386196923 0.239621861349
4.0 0.007046 66.3552370812 0.222919659722
4.0 0.007588 64.5819172354 0.214444957851
4.0 0.00813 61.6996003887 0.202460959468
4.0 0.008672 60.0973972538 0.195514608605
4.0 0.009214 57.2829063413 0.184966601308
4.0 0.009756 55.351650298 0.17753949473
4.0 0.010298 53.2659424083 0.168336508121
4.0 0.01084 51.7578273861 0.162064566738
4.0 0.011382 50.2987817382 0.157057705994
4.0 0.011924 49.0943718667 0.150002515794
4.0 0.012466 47.3250015939 0.144176266142
4.0 0.013008 45.6749161715 0.137730456964
4.0 0.01355 44.4330683912 0.133528643358
4.0 0.014092 43.0543788698 0.127645841754
4.0 0.014634 41.6048481954 0.123401559911
4.0 0.015176 40.4892845826 0.11941457593
4.0 0.015718 39.5502854006 0.1157414056
4.0 0.01626 38.6586731684 0.111468793302
4.0 0.016802 37.3752199772 0.106934437462
4.0 0.017344 36.3994631083 0.103051223855
4.0 0.017886 35.6149489398 0.1004983675
4.0 0.018428 34.7383289697 0.0972057402717
4.0 0.01897 33.7713429287 0.0935426169515
4.0 0.019512 33.0859501179 0.0908575371549
4.2 0.001084 151.358358388 0.572846300597
4.2 0.001626 138.033336359 0.525415730531
4.2 0.002168 128.493337424 0.482127578137
4.2 0.00271 120.020547916 0.438273826074
4.2 0.003252 114.09307152 0.412943781096
4.2 0.003794 107.421014956 0.387615730191
4.2 0.004336 101.779324174 0.364435672861
4.2 0.004878 96.1862003181 0.341173368059
4.2 0.00542 90.1604406815 0.316621629519
4.2 0.005962 85.7936321037 0.297751707475
4.2 0.006504 83.3880188994 0.288081185216
4.2 0.007046 79.6217386572 0.270268017231
4.2 0.007588 76.8628772889 0.257443631702
4.2 0.00813 74.3295401408 0.246540616301
4.2 0.008672 71.6090924075 0.235024683122
4.2 0.009214 68.6508819706 0.223783787043
4.2 0.009756 66.051815024 0.213330117464
4.2 0.010298 63.4660625409 0.201673834756
4.2 0.01084 62.1545313256 0.196653755116
4.2 0.011382 60.3421936485 0.189010201094
4.2 0.011924 58.8300505926 0.180279513012
4.2 0.012466 56.6480468588 0.172999248491
4.2 0.013008 54.846287478 0.16594306942
4.2 0.01355 53.1889450979 0.159405900828
4.2 0.014092 51.545632763 0.153600578411
4.2 0.014634 50.0612504509 0.148319780669
4.2 0.015176 48.5285388979 0.143164607267
4.2 0.015718 47.6697956518 0.137939174861
4.2 0.01626 46.178150279 0.132588615667
4.2 0.016802 44.674782834 0.12697187543
4.2 0.017344 43.7976822457 0.123771978859
4.2 0.017886 42.6122147306 0.119552407555
4.2 0.018428 41.5896600284 0.115600194141
4.2 0.01897 40.5435418827 0.111510903196
4.2 0.019512 39.3286287215 0.106875558172
4.4 0.001084 181.998170838 0.704540742233
4.4 0.001626 165.830879309 0.645223711965
4.4 0.002168 154.162772405 0.588588710514
4.4 0.00271 144.056866166 0.536084474006
4.4 0.003252 137.55563356 0.507342268916
4.4 0.003794 128.804445807 0.472619674231
4.4 0.004336 122.659011251 0.446233187739
4.4 0.004878 115.326069032 0.414870632377
4.4 0.00542 108.069855033 0.385328226525
4.4 0.005962 103.466233784 0.365393071661
4.4 0.006504 99.587994613 0.347715698343
4.4 0.007046 95.8422285478 0.328618514135
4.4 0.007588 91.8812020097 0.311052174046
4.4 0.00813 89.8817888929 0.302107544071
4.4 0.008672 85.7554195255 0.28400489858
4.4 0.009214 82.2749666389 0.271382825578
4.4 0.009756 79.1534194439 0.257495416966
4.4 0.010298 76.4806252689 0.245777022378
4.4 0.01084 74.7264968156 0.238022716801
4.4 0.011382 72.8075687157 0.227874720552
4.4 0.011924 70.4916891315 0.218197405451
4.4 0.012466 68.0830767526 0.207866844762
4.4 0.013008 65.8564008415 0.200406158415
4.4 0.01355 63.882136492 0.191752052851
4.4 0.014092 62.0987367278 0.185554271157
4.4 0.014634 60.201090967 0.178438469826
4.4 0.015176 58.5610581743 0.171673361429
4.4 0.015718 57.1170617921 0.165169771553
4.4 0.01626 55.2178519952 0.15784779784
4.4 0.016802 54.1996682925 0.154155374789
4.4 0.017344 52.3608310399 0.14729104307
4.4 0.017886 51.450035086 0.143815493127
4.4 0.018428 49.9554419072 0.137735066116
4.4 0.01897 48.6280042432 0.132419058097
4.4 0.019512 47.4006718884 0.126941875946
4.6 0.001084 217.845695093 0.866710590204
4.6 0.001626 198.315904171 0.791438424305
4.6 0.002168 184.345133157 0.718880085049
4.6 0.00271 172.717398379 0.657188126003
4.6 0.003252 165.56336522 0.62408164042
4.6 0.003794 154.418699324 0.577455090386
4.6 0.004336 147.412280788 0.545718567038
4.6 0.004878 138.100228501 0.505873945338
4.6 0.00542 129.692974331 0.470375536087
4.6 0.005962 124.541934929 0.448343268348
4.6 0.006504 118.997093575 0.420979569678
4.6 0.007046 115.434452875 0.401095338793
4.6 0.007588 110.134301616 0.377986493178
4.6 0.00813 108.186666031 0.368452642552
4.6 0.008672 103.09982542 0.346406294391
4.6 0.009214 98.984776212 0.329798703274
4.6 0.009756 95.0661274557 0.312324696797
4.6 0.010298 92.5561776334 0.299500469286
4.6 0.01084 89.7395483773 0.287932349396
4.6 0.011382 87.8477563447 0.276295451541
4.6 0.011924 84.7403660992 0.263997810236
4.6 0.012466 81.9505751392 0.251790652005
4.6 0.013008 79.2228853546 0.241811537913
4.6 0.01355 77.0102296219 0.232918579087
4.6 0.014092 74.7183851022 0.223841988941
4.6 0.014634 72.3478906816 0.214795912377
4.6 0.015176 70.4009357112 0.205767617531
4.6 0.015718 68.6493621221 0.199204327953
4.6 0.01626 66.7698644396 0.191093949556
4.6 0.016802 65.1876895518 0.18512846752
4.6 0.017344 63.3460694965 0.178397570083
4.6 0.017886 61.8235808532 0.171643743409
4.6 0.018428 60.0590271223 0.164711860399
4.6 0.01897 58.6915848517 0.158486012604
4.6 0.019512 57.4039289227 0.152534029589
