2.2 0.001084 18.6442772426 0.0669698824223
2.2 0.001626 17.3438274771 0.0620001876638
2.2 0.002168 16.8164485401 0.0595661721665
2.2 0.00271 16.4307438598 0.0579262403291
2.2 0.003252 15.5423536019 0.0540594752809
2.2 0.003794 14.879934396 0.0515165465444
2.2 0.004336 14.3269264381 0.0494452591477
2.2 0.004878 13.7244548745 0.046743154206
2.2 0.00542 13.190394814 0.0448143936696
2.2 0.005962 12.6883931618 0.0432465476092
2.2 0.006504 12.1327397348 0.0410891072714
2.2 0.007046 11.5982674442 0.039160511011
2.2 0.007588 11.1487654532 0.0377236700554
2.2 0.00813 10.7636190763 0.0364923539254
2.2 0.008672 10.4550383782 0.0351917421486
2.2 0.009214 10.0490504282 0.0335706673181
2.2 0.009756 9.80911307269 0.032669592738
2.2 0.010298 9.41096707749 0.0314077626967
2.2 0.01084 9.12746514109 0.0302568997689
2.2 0.011382 8.85171512122 0.0291244946672
2.2 0.011924 8.61545947453 0.0284555031402
2.2 0.012466 8.25217085328 0.0273704287454
2.2 0.013008 8.03653924813 0.0263900187547
2.2 0.01355 7.76766935635 0.0255454401127
2.2 0.014092 7.54248154297 0.0249423050551
2.2 0.014634 7.31809669086 0.024064386134
2.2 0.015176 7.08623621523 0.0231181170263
2.2 0.015718 6.93002771587 0.0225858114558
2.2 0.01626 6.72873422537 0.02183101636
2.2 0.016802 6.516387369 0.0210047967946
2.2 0.017344 6.34747610409 0.0204605749553
2.2 0.017886 6.15524530564 0.0198120519697
2.2 0.018428 5.97693633788 0.0191267793876
2.2 0.01897 5.79707224452 0.0184762922848
2.2 0.019512 5.63541574752 0.0178448854969
2.4 0.001084 24.4143977786 0.0867044459053
2.4 0.001626 22.6805973196 0.080826065281
2.4 0.002168 22.0878392286 0.0780774286086
2.4 0.00271 21.4913135074 0.0751383653989
2.4 0.003252 20.0822160835 0.0690733807555
2.4 0.003794 19.3660494587 0.0664002610028
2.4 0.004336 18.5459211794 0.0631982569884
2.4 0.004878 17.7616426033 0.0598188580235
2.4 0.00542 17.1577304642 0.057878282693
2.4 0.005962 16.4066928621 0.0551954690958
2.4 0.006504 15.6472652219 0.0524983778459
2.4 0.007046 15.0575629826 0.0505224154158
2.4 0.007588 14.4912938178 0.0486033291543
2.4 0.00813 14.0800771235 0.0468416979056
2.4 0.008672 13.5686474536 0.0449508266704
2.4 0.009214 13.1085361346 0.043200322051
2.4 0.009756 12.6537544263 0.0415587183837
2.4 0.010298 12.2151280128 0.0399815142902
2.4 0.01084 11.8591392817 0.0385390988025
2.4 0.011382 11.5146373815 0.0374177493241
2.4 0.011924 11.1076091357 0.0360939070819
2.4 0.012466 10.7348912522 0.0346596282364
2.4 0.013008 10.4253740828 0.0335674195437
2.4 0.01355 10.0575958565 0.0324696300927
2.4 0.014092 9.75070967932 0.0314806845335
2.4 0.014634 9.45239850728 0.0302052405315
2.4 0.015176 9.18139954483 0.029264061842
2.4 0.015718 8.95668323921 0.028449199269
2.4 0.01626 8.64676909114 0.0273744092557
2.4 0.016802 8.39508679714 0.0264543519343
2.4 0.017344 8.17445206854 0.0257353074888
2.4 0.017886 7.96183896348 0.0249223519431
2.4 0.018428 7.73972394186 0.0241261227627
2.4 0.01897 7.49391124262 0.0233084955897
2.4 0.019512 7.29214497651 0.0226255023325
2.6 0.001084 31.2087786253 0.109108427787
2.6 0.001626 29.0551666169 0.102902897727
2.6 0.002168 28.2634085936 0.0991170928712
2.6 0.00271 27.3395950929 0.0941765982513
2.6 0.003252 25.3297097612 0.0859453837693
2.6 0.003794 24.7265684937 0.0836914992486
2.6 0.004336 23.4393569672 0.0790723408462
2.6 0.004878 22.4072672018 0.0746035328784
2.6 0.00542 21.709109397 0.0724673135786
2.6 0.005962 20.625468805 0.0684804625653
2.6 0.006504 19.639403223 0.06499972487
2.6 0.007046 19.1234535844 0.063466206325
2.6 0.007588 18.2579821305 0.0601398779185
2.6 0.00813 17.8404741383 0.0583667470012
2.6 0.008672 16.9761423284 0.0552933294871
2.6 0.009214 16.5763629472 0.0532672862051
2.6 0.009756 15.8540745137 0.0514804247136
2.6 0.010298 15.436747427 0.0492758824428
2.6 0.01084 14.9671322883 0.0479520308232
2.6 0.011382 14.4796391446 0.0463300983503
2.6 0.011924 13.9358308607 0.0442876697587
2.6 0.012466 13.5283999616 0.0428063383963
2.6 0.013008 13.0561734054 0.040975437016
2.6 0.01355 12.6381107916 0.0400620881917
2.6 0.014092 12.2934089015 0.0384324282678
2.6 0.014634 11.9368043402 0.0372539738655
2.6 0.015176 11.5947176903 0.0361219927603
2.6 0.015718 11.2164245845 0.0349685951492
2.6 0.01626 10.9130371927 0.033710474191
2.6 0.016802 10.6154875105 0.0324397745435
2.6 0.017344 10.3185488317 0.0315666604293
2.6 0.017886 10.0584835146 0.0307250457991
2.6 0.018428 9.68535698303 0.0295236682776
2.6 0.01897 9.44974570523 0.0286632118252
2.6 0.019512 9.17901322896 0.0277478952805
2.8 0.001084 38.9787525543 0.136385368181
2.8 0.001626 36.2684079768 0.127921176116
2.8 0.002168 35.0992990229 0.122481803149
2.8 0.00271 33.6965696215 0.115452327641
2.8 0.003252 31.4551206444 0.106465182391
2.8 0.003794 30.6203110209 0.103267512816
2.8 0.004336 28.8920060417 0.0967390354024
2.8 0.004878 27.6745581005 0.0917675748933
2.8 0.00542 26.6306404507 0.0881402793197
2.8 0.005962 25.1898051877 0.0831882897534
2.8 0.006504 24.1745419963 0.0796092407134
2.8 0.007046 23.4854048765 0.0773452907057
2.8 0.007588 22.4932088138 0.0733880268771
2.8 0.00813 21.7985548128 0.070649690918
2.8 0.008672 20.9634294317 0.0673591420743
2.8 0.009214 20.2611267921 0.0647048830087
2.8 0.009756 19.5324164068 0.0622101846648
2.8 0.010298 18.9966920179 0.0599784453109
2.8 0.01084 18.3520016442 0.0579489537375
2.8 0.011382 17.6959552505 0.055578871846
2.8 0.011924 17.0701447272 0.0534178884527
2.8 0.012466 16.5487469472 0.0514230196593
2.8 0.013008 16.0195960147 0.0497987148197
2.8 0.01355 15.5467058139 0.0481490894655
2.8 0.014092 15.1452184626 0.0465432073349
2.8 0.014634 14.683520098 0.0450070542012
2.8 0.015176 14.1853112141 0.0433545985291
2.8 0.015718 13.8248756568 0.0419570299558
2.8 0.01626 13.4507283586 0.0404340239453
2.8 0.016802 13.0857532376 0.039388141118
2.8 0.017344 12.7311523319 0.0381255414191
2.8 0.017886 12.2660004322 0.0366112211028
2.8 0.018428 11.9750316466 0.0356972769393
2.8 0.01897 11.6807890766 0.0346224170608
2.8 0.019512 11.4157199072 0.0336247206308
3.0 0.001084 47.6916303775 0.16768068546
3.0 0.001626 44.4270935375 0.156917442209
3.0 0.002168 42.7091316438 0.149613501485
3.0 0.00271 40.6793496694 0.139517215772
3.0 0.003252 38.2384028474 0.129883719573
3.0 0.003794 37.0104025387 0.125189226732
3.0 0.004336 34.8740589936 0.116736868499
3.0 0.004878 33.4572430234 0.111232771566
3.0 0.00542 31.9366364 0.105834824166
3.0 0.005962 30.2086802932 0.0994514251793
3.0 0.006504 29.3642228897 0.0967399043571
3.0 0.007046 28.2323987619 0.0926040544783
3.0 0.007588 27.252155584 0.0882873480876
3.0 0.00813 26.1608076311 0.0844535572489
3.0 0.008672 25.3754963825 0.0805592803681
3.0 0.009214 24.2228415096 0.0774599989286
3.0 0.009756 23.6386091442 0.0741471184223
3.0 0.010298 22.7894991315 0.0718596185115
3.0 0.01084 22.018727296 0.068555431298
3.0 0.011382 21.2515449785 0.0657721353411
3.0 0.011924 20.6184419497 0.0637270423039
3.0 0.012466 20.0025465594 0.0609440183097
3.0 0.013008 19.3476014153 0.0589500929405
3.0 0.01355 18.7822102154 0.0569206294615
3.0 0.014092 18.2374135037 0.0553148786069
3.0 0.014634 17.6365660855 0.0529761903466
3.0 0.015176 17.1418248727 0.0513468703401
3.0 0.015718 16.7215136838 0.0498719446265
3.0 0.01626 16.2687246453 0.0482514211123
3.0 0.016802 15.842503899 0.0466748355872
3.0 0.017344 15.3122847097 0.0449531878366
3.0 0.017886 14.8959269184 0.0435539161011
3.0 0.018428 14.579850408 0.042550127437
3.0 0.01897 14.1935543244 0.0411442697001
3.0 0.019512 13.797572453 0.0397653447696
3.2 0.001084 57.6545149166 0.205090597652
3.2 0.001626 53.6743516769 0.191369232988
3.2 0.002168 51.3182823773 0.181724134912
3.2 0.00271 48.5029775566 0.167734782761
3.2 0.003252 45.8983938555 0.157251467028
3.2 0.003794 44.0144350549 0.150290806014
3.2 0.004336 41.5281669721 0.140494299198
3.2 0.004878 39.8864053663 0.134122830792
3.2 0.00542 37.8317857975 0.126158727009
3.2 0.005962 35.8371908163 0.118133686222
3.2 0.006504 35.2660677361 0.116793786951
3.2 0.007046 33.3518531714 0.109207904603
3.2 0.007588 32.4632261073 0.10509136312
3.2 0.00813 31.041671557 0.100237524643
3.2 0.008672 30.1703375123 0.0959437665511
3.2 0.009214 28.792461536 0.0918842510696
3.2 0.009756 28.0946518901 0.0884476636022
3.2 0.010298 27.0033920214 0.0845336373361
3.2 0.01084 26.1143822632 0.0808624988398
3.2 0.011382 25.3672880908 0.0783979861709
3.2 0.011924 24.6400678687 0.0753067974993
3.2 0.012466 23.8299422897 0.0722337559877
3.2 0.013008 22.9996369787 0.0694093233037
3.2 0.01355 22.3959491959 0.0677587075495
3.2 0.014092 21.6542748553 0.0649409883668
3.2 0.014634 20.9537790345 0.0627297508298
3.2 0.015176 20.4250339598 0.0605913686326
3.2 0.015718 19.8597147919 0.058858631973
3.2 0.01626 19.4450901125 0.0572157328747
3.2 0.016802 18.8878501682 0.0550246819131
3.2 0.017344 18.3075269453 0.0531715204023
3.2 0.017886 17.9360583425 0.0516501692433
3.2 0.018428 17.4831036724 0.0502344180483
3.2 0.01897 16.9906849416 0.0482909630303
3.2 0.019512 16.6700867968 0.0469963007475
3.4 0.001084 69.4887762498 0.250219355877
3.4 0.001626 64.6099946125 0.233281758986
3.4 0.002168 61.4047310595 0.219877925412
3.4 0.00271 57.6724871273 0.201164622
3.4 0.003252 54.9863868795 0.190158177216
3.4 0.003794 52.2089557952 0.180080578104
3.4 0.004336 49.459374156 0.169304324343
3.4 0.004878 47.3722898573 0.161058610875
3.4 0.00542 44.6739908253 0.150255650306
3.4 0.005962 42.418273654 0.140628765001
3.4 0.006504 41.763713057 0.138987635135
3.4 0.007046 39.5743508422 0.130171458062
3.4 0.007588 38.3205303898 0.124825520298
3.4 0.00813 36.8851427844 0.119051409742
3.4 0.008672 35.4978156102 0.113810362449
3.4 0.009214 34.2498212332 0.109034577005
3.4 0.009756 33.0867145562 0.104616347813
3.4 0.010298 31.8387324532 0.0994234302696
3.4 0.01084 30.996489237 0.0960727062606
3.4 0.011382 30.0780067491 0.0932194928172
3.4 0.011924 29.2633166049 0.0887222234508
3.4 0.012466 28.2070940843 0.0854672052957
3.4 0.013008 27.2973210708 0.082333456617
3.4 0.01355 26.527798448 0.0797912210372
3.4 0.014092 25.6441634953 0.0768764032182
3.4 0.014634 24.8672321233 0.0741083759079
3.4 0.015176 24.2241498236 0.0717593734555
3.4 0.015718 23.7345750942 0.0695298268728
3.4 0.01626 23.1293699311 0.0670951953956
3.4 0.016802 22.3248378932 0.0645946852265
3.4 0.017344 21.8692875973 0.0625667919897
3.4 0.017886 21.3050808079 0.0609503653854
3.4 0.018428 20.7529977951 0.0589380890575
3.4 0.01897 20.2520070639 0.0568734786735
3.4 0.019512 19.8343982904 0.0553196438972
3.6 0.001084 83.7368220703 0.305308396832
3.6 0.001626 77.6794498345 0.284611042289
3.6 0.002168 73.4282899859 0.26588346816
3.6 0.00271 68.613940467 0.242153562269
3.6 0.003252 65.8580360355 0.230608218051
3.6 0.003794 61.9061070648 0.216434605208
3.6 0.004336 58.9957412659 0.204433361634
3.6 0.004878 56.0709761392 0.192523760477
3.6 0.00542 52.843446949 0.179649175272
3.6 0.005962 50.6517560679 0.170168612163
3.6 0.006504 49.1580298513 0.16456303085
3.6 0.007046 47.0590412868 0.155676531429
3.6 0.007588 45.1872001924 0.148049597669
3.6 0.00813 43.9537412142 0.142683368532
3.6 0.008672 41.8216992801 0.134482707424
3.6 0.009214 40.6127164963 0.129496546742
3.6 0.009756 39.0595505678 0.123832939357
3.6 0.010298 37.630327824 0.117711644367
3.6 0.01084 36.7753534639 0.114512325936
3.6 0.011382 35.7805100236 0.10985461373
3.6 0.011924 34.6616281479 0.105358836061
3.6 0.012466 33.4198808512 0.101030589439
3.6 0.013008 32.414996973 0.0979605330936
3.6 0.01355 31.3222997343 0.093939078497
3.6 0.014092 30.3921501433 0.0909888833584
3.6 0.014634 29.6230498728 0.0879101142331
3.6 0.015176 28.9193478159 0.0849685186673
3.6 0.015718 28.2726291213 0.0819856627875
3.6 0.01626 27.3121242093 0.0787961870338
3.6 0.016802 26.6339397218 0.0762967549535
3.6 0.017344 25.8828660039 0.0736582928643
3.6 0.017886 25.3446723572 0.0719505867414
3.6 0.018428 24.6118358087 0.0690864598016
3.6 0.01897 24.0960014252 0.066875150922
3.6 0.019512 23.3333815679 0.0641970286182
3.8 0.001084 100.229160621 0.373302571927
3.8 0.001626 92.7129886723 0.347361287457
3.8 0.002168 87.2984619209 0.321571685443
3.8 0.00271 81.5352512067 0.292539021854
3.8 0.003252 78.7188344533 0.280609739737
3.8 0.003794 73.4077200917 0.260883561939
3.8 0.004336 70.306573953 0.247239066093
3.8 0.004878 66.4104174578 0.23076201161
3.8 0.00542 62.5844718506 0.215474779284
3.8 0.005962 60.5316656259 0.206673583284
3.8 0.006504 57.9714590958 0.195953520635
3.8 0.007046 56.030342402 0.186437715407
3.8 0.007588 53.483540399 0.176764173221
3.8 0.00813 52.2764546657 0.171326846545
3.8 0.008672 49.8198876048 0.161081856571
3.8 0.009214 48.1069812727 0.154747016482
3.8 0.009756 46.1256874277 0.146952045133
3.8 0.010298 44.878299402 0.141266870196
3.8 0.01084 43.6314370141 0.13655511392
3.8 0.011382 42.6003740238 0.130373785937
3.8 0.011924 41.0790476148 0.125700779153
3.8 0.012466 39.688241431 0.119927124416
3.8 0.013008 38.4283602902 0.116106982173
3.8 0.01355 37.2972299428 0.111693585054
3.8 0.014092 36.3021765507 0.108089739492
3.8 0.014634 35.2864917124 0.10413545202
3.8 0.015176 34.4976105102 0.100181725267
3.8 0.015718 33.4985917408 0.0968794635143
3.8 0.01626 32.4483767368 0.0930721720046
3.8 0.016802 31.6868807033 0.0903345354938
3.8 0.017344 30.8462693866 0.0872552690855
3.8 0.017886 30.0796332747 0.0846187386947
3.8 0.018428 29.3389749698 0.0816148260665
3.8 0.01897 28.397273551 0.0778454589698
3.8 0.019512 27.832225557 0.0752882848454
4.0 0.001084 121.286459997 0.45802214046
4.0 0.001626 111.791479547 0.42463947445
4.0 0.002168 104.87271019 0.390020288274
4.0 0.00271 97.8796007872 0.355251321447
4.0 0.003252 94.7000473797 0.342495366287
4.0 0.003794 88.1332156799 0.317357751623
4.0 0.004336 84.0959619386 0.29943358456
4.0 0.004878 79.1154634762 0.278947134704
4.0 0.00542 74.6298308411 0.260509400577
4.0 0.005962 72.5421386204 0.251804838104
4.0 0.006504 68.6921204459 0.234466740732
4.0 0.007046 66.8799902263 0.2245217003
4.0 0.007588 64.2257432819 0.214622899909
4.0 0.00813 62.19196506 0.205381420761
4.0 0.008672 59.4365417472 0.194293219488
4.0 0.009214 57.3154033785 0.186123253019
4.0 0.009756 54.6585489153 0.175362064683
4.0 0.010298 53.7211113752 0.169665926287
4.0 0.01084 52.0719673969 0.163183230613
4.0 0.011382 50.7250595352 0.157163273397
4.0 0.011924 49.011257804 0.149960079607
4.0 0.012466 47.2893638909 0.143907764458
4.0 0.013008 45.7980058658 0.138082835532
4.0 0.01355 44.716006087 0.133867782727
4.0 0.014092 43.4337763254 0.128787506329
4.0 0.014634 42.1734821022 0.123551293279
4.0 0.015176 41.0663083234 0.119315836353
4.0 0.015718 39.8084859894 0.114673851268
4.0 0.01626 39.0729828622 0.112386031245
4.0 0.016802 37.5613502098 0.106353648232
4.0 0.017344 36.889897551 0.104261787691
4.0 0.017886 35.8442261527 0.0999275643323
4.0 0.018428 34.859964712 0.0957295892396
4.0 0.01897 34.1234615264 0.0921563197026
4.0 0.019512 33.3954589398 0.0899073014005
4.2 0.001084 145.300565889 0.56390282414
4.2 0.001626 133.547544217 0.520438885008
4.2 0.002168 125.180263382 0.476064183211
4.2 0.00271 117.034672276 0.433966826231
4.2 0.003252 112.956519705 0.416960725801
4.2 0.003794 105.813873768 0.387480204582
4.2 0.004336 100.63868666 0.364593820937
4.2 0.004878 94.45986469 0.339014353431
4.2 0.00542 89.2296682577 0.316310799212
4.2 0.005962 86.7336649381 0.306347459593
4.2 0.006504 82.2826246573 0.284242908386
4.2 0.007046 79.7168371946 0.271903976145
4.2 0.007588 77.1304030576 0.261497831425
4.2 0.00813 74.1732646177 0.247439708049
4.2 0.008672 70.8156319171 0.234433572197
4.2 0.009214 68.432558822 0.224598041245
4.2 0.009756 65.7754043571 0.212332493563
4.2 0.010298 64.1031073294 0.204068816301
4.2 0.01084 62.3486104333 0.197004837543
4.2 0.011382 60.6109176722 0.189235350944
4.2 0.011924 58.6320674651 0.179920771208
4.2 0.012466 56.527079866 0.172788196983
4.2 0.013008 54.9643939774 0.166415670466
4.2 0.01355 53.4595063118 0.160188569708
4.2 0.014092 51.8376256964 0.153600539352
4.2 0.014634 50.2924629204 0.147052841008
4.2 0.015176 49.0722675367 0.143239109382
4.2 0.015718 47.8238529717 0.138123501036
4.2 0.01626 46.342449524 0.132549499023
4.2 0.016802 45.1961080175 0.128861193433
4.2 0.017344 44.1281005596 0.123377540667
4.2 0.017886 42.7839185872 0.118427899939
4.2 0.018428 41.9179716206 0.11400219761
4.2 0.01897 40.962024482 0.109912835568
4.2 0.019512 39.8233635638 0.106481623527
4.4 0.001084 174.947343756 0.695109462325
4.4 0.001626 160.421099049 0.638322335773
4.4 0.002168 150.285653657 0.582922737168
4.4 0.00271 140.754988961 0.532688536487
4.4 0.003252 135.275451063 0.509479309397
4.4 0.003794 127.28357607 0.474427867591
4.4 0.004336 120.584126478 0.444724076921
4.4 0.004878 112.931543282 0.412876442848
4.4 0.00542 107.316753003 0.386839512141
4.4 0.005962 103.527174891 0.370608873374
4.4 0.006504 98.954635308 0.346127847745
4.4 0.007046 95.4351331804 0.330909341102
4.4 0.007588 92.9926905315 0.318696987079
4.4 0.00813 88.9338918756 0.300256251222
4.4 0.008672 85.1341782857 0.284950480814
4.4 0.009214 81.7802366723 0.27147902015
4.4 0.009756 79.3331441308 0.257333989533
4.4 0.010298 76.6841511062 0.247018269983
4.4 0.01084 74.8175752657 0.238917452567
4.4 0.011382 72.7153145564 0.227877156285
4.4 0.011924 70.1373060585 0.217613849313
4.4 0.012466 67.9130389311 0.208507590435
4.4 0.013008 65.9779691842 0.201497493126
4.4 0.01355 64.0698939034 0.192337594116
4.4 0.014092 62.1640763444 0.184253974269
4.4 0.014634 60.5318958008 0.17852752298
4.4 0.015176 58.923397293 0.172232772508
4.4 0.015718 57.4958741267 0.166378570439
4.4 0.01626 55.4546006516 0.159302163836
4.4 0.016802 54.2832323557 0.154102037874
4.4 0.017344 52.7522013501 0.14744749567
4.4 0.017886 51.6615856678 0.142067916341
4.4 0.018428 50.4151778479 0.136751709827
4.4 0.01897 49.2386877163 0.131412541331
4.4 0.019512 47.8362683114 0.127234398641
4.6 0.001084 209.521237336 0.856468451593
4.6 0.001626 191.81271831 0.781991992555
4.6 0.002168 179.903055748 0.714143809442
4.6 0.00271 169.171688992 0.655637057444
4.6 0.003252 161.905343792 0.622985070379
4.6 0.003794 153.031077673 0.582144061618
4.6 0.004336 144.319731868 0.542697772294
4.6 0.004878 134.931676659 0.502746558254
4.6 0.00542 129.181298995 0.475619364341
4.6 0.005962 123.496740227 0.448690369304
4.6 0.006504 118.949785512 0.423071682341
4.6 0.007046 114.42259007 0.4036833405
4.6 0.007588 111.626056628 0.387189972117
4.6 0.00813 106.627652057 0.364987478527
4.6 0.008672 102.630740942 0.348383669003
4.6 0.009214 97.7638457476 0.328120071214
4.6 0.009756 95.4889361949 0.312857001495
4.6 0.010298 92.3118492981 0.301283050234
4.6 0.01084 89.9333263983 0.289258594391
4.6 0.011382 87.4687299594 0.276041034726
4.6 0.011924 83.9971929127 0.263908117291
4.6 0.012466 81.6745275254 0.252876836484
4.6 0.013008 79.3091294956 0.243264695052
4.6 0.01355 76.9588060898 0.231676614123
4.6 0.014092 74.7360116418 0.223039630651
4.6 0.014634 72.9692593448 0.216589887251
4.6 0.015176 71.0694880756 0.208312771634
4.6 0.015718 68.8387468775 0.19961139273
4.6 0.01626 66.9907336043 0.192807355984
4.6 0.016802 65.3225688223 0.184217800648
4.6 0.017344 63.6286241323 0.177519396821
4.6 0.017886 62.1655214538 0.17123018434
4.6 0.018428 60.8219529951 0.164252645936
4.6 0.01897 59.0529259342 0.157937743216
4.6 0.019512 57.3994212864 0.152160831469
