2.2 0.001084 18.4995164534 0.0659719213654
2.2 0.001626 17.1428740673 0.0609619005236
2.2 0.002168 16.3793079488 0.0577701198976
2.2 0.00271 15.9671090977 0.0559005653142
2.2 0.003252 15.3584995179 0.0533122694331
2.2 0.003794 14.4994917997 0.0498262310906
2.2 0.004336 14.0055551631 0.0482011307165
2.2 0.004878 13.5004561097 0.0463675092292
2.2 0.00542 12.9187483735 0.0436170828349
2.2 0.005962 12.4483362358 0.0422296877496
2.2 0.006504 11.9998336862 0.040590263724
2.2 0.007046 11.4893896335 0.038644301076
2.2 0.007588 10.9991407514 0.0368850498534
2.2 0.00813 10.58562851 0.0355839289869
2.2 0.008672 10.2286642139 0.0345386044911
2.2 0.009214 9.96898405518 0.0333202026449
2.2 0.009756 9.55991512652 0.0317600676183
2.2 0.010298 9.39306621065 0.0311462402095
2.2 0.01084 9.00886976195 0.0298197393143
2.2 0.011382 8.72076659551 0.0288425914465
2.2 0.011924 8.44022568507 0.0277644872418
2.2 0.012466 8.20541099211 0.0269223409767
2.2 0.013008 7.97926426105 0.0262946630631
2.2 0.01355 7.65864336596 0.0252551151877
2.2 0.014092 7.48228989739 0.0244378001466
2.2 0.014634 7.20244480068 0.0235566638276
2.2 0.015176 7.01182608716 0.0229859065302
2.2 0.015718 6.82569282858 0.0222485393744
2.2 0.01626 6.62552479374 0.0214573448696
2.2 0.016802 6.48449637687 0.021006267741
2.2 0.017344 6.31045034804 0.0204178716904
2.2 0.017886 6.08958312046 0.0195818013231
2.2 0.018428 5.94274135753 0.0190935314062
2.2 0.01897 5.75406889636 0.0184957109546
2.2 0.019512 5.57746029672 0.0178580298377
2.4 0.001084 24.2646461106 0.0852139459952
2.4 0.001626 22.4032659058 0.0790742490348
2.4 0.002168 21.4494087853 0.075213438225
2.4 0.00271 20.8578241416 0.0724628226188
2.4 0.003252 19.8699218138 0.0683657730139
2.4 0.003794 18.8060390703 0.064187421728
2.4 0.004336 18.1615253888 0.0617638505757
2.4 0.004878 17.407003716 0.0587319870226
2.4 0.00542 16.68050441 0.0556510423277
2.4 0.005962 16.1344457977 0.0541204911218
2.4 0.006504 15.4598332549 0.0515311766345
2.4 0.007046 14.7628237398 0.0491844685461
2.4 0.007588 14.2293081733 0.0473952844861
2.4 0.00813 13.6812304385 0.0456175190748
2.4 0.008672 13.283471191 0.0439694897276
2.4 0.009214 12.8613158302 0.042354090097
2.4 0.009756 12.4159432101 0.040768742842
2.4 0.010298 12.0381884264 0.0392673698
2.4 0.01084 11.5750908952 0.0377449370805
2.4 0.011382 11.2435726381 0.0364680115141
2.4 0.011924 10.9026836698 0.0351433963126
2.4 0.012466 10.6543075648 0.0344202063481
2.4 0.013008 10.1893297623 0.0328923479581
2.4 0.01355 9.95192689956 0.0318987662127
2.4 0.014092 9.63886545897 0.0308037132761
2.4 0.014634 9.33098245266 0.0298980268354
2.4 0.015176 9.05589486041 0.0289533454781
2.4 0.015718 8.77102350136 0.0278501104455
2.4 0.01626 8.5263460085 0.0270067652794
2.4 0.016802 8.34718767184 0.0264716229805
2.4 0.017344 8.04219813234 0.0254051179726
2.4 0.017886 7.83162230607 0.0244880628676
2.4 0.018428 7.62828684844 0.0239633940149
2.4 0.01897 7.42494741718 0.0231656156127
2.4 0.019512 7.24147659374 0.0224964480844
2.6 0.001084 31.0685987228 0.107310104033
2.6 0.001626 28.6292751742 0.100058243401
2.6 0.002168 27.4847733003 0.0953676574492
2.6 0.00271 26.5543545685 0.0910048302042
2.6 0.003252 25.0279297648 0.0847679920091
2.6 0.003794 23.8468172058 0.080250799557
2.6 0.004336 22.9467722198 0.0770852193476
2.6 0.004878 21.8863157366 0.0731005744278
2.6 0.00542 21.0241622171 0.069662576697
2.6 0.005962 20.2845045198 0.0671456936604
2.6 0.006504 19.3387083724 0.0638669322739
2.6 0.007046 18.4771666863 0.0608681698654
2.6 0.007588 17.9655467303 0.0592058243292
2.6 0.00813 17.153033804 0.0561150398833
2.6 0.008672 16.8335387813 0.0548382247603
2.6 0.009214 16.0922732574 0.0521865366505
2.6 0.009756 15.6499387537 0.0501223539067
2.6 0.010298 15.0562940467 0.0484627288916
2.6 0.01084 14.6063349497 0.0467136667772
2.6 0.011382 14.1739414588 0.0450980934859
2.6 0.011924 13.7453224392 0.0437303321816
2.6 0.012466 13.2871742569 0.0422081992132
2.6 0.013008 12.830188171 0.0405868580529
2.6 0.01355 12.4475135298 0.0391211217748
2.6 0.014092 12.0328354863 0.037707457349
2.6 0.014634 11.6738383199 0.0367828545674
2.6 0.015176 11.3805014275 0.0354910524551
2.6 0.015718 11.0637004091 0.0343557512266
2.6 0.01626 10.7746599399 0.0333556805307
2.6 0.016802 10.4304236976 0.0323380192868
2.6 0.017344 10.133309646 0.0312288604072
2.6 0.017886 9.88444315475 0.030203215499
2.6 0.018428 9.61032979398 0.0292687417353
2.6 0.01897 9.36484605332 0.0284917840009
2.6 0.019512 9.08020831876 0.0275865881365
2.8 0.001084 38.6834617198 0.133181000018
2.8 0.001626 35.5915271326 0.123979836205
2.8 0.002168 34.1514419658 0.118169463238
2.8 0.00271 32.8663021246 0.112009678556
2.8 0.003252 30.7824525446 0.103662508308
2.8 0.003794 29.6149336366 0.0991536330911
2.8 0.004336 28.2934218 0.0943345254966
2.8 0.004878 26.8991479142 0.0889509871008
2.8 0.00542 25.882064537 0.0851063896529
2.8 0.005962 24.7782977732 0.0813329088985
2.8 0.006504 23.5420953152 0.0770606284044
2.8 0.007046 22.7200952952 0.0743273742992
2.8 0.007588 22.0258062984 0.0719574545563
2.8 0.00813 21.1507174763 0.0684595790139
2.8 0.008672 20.5849521049 0.0662376037587
2.8 0.009214 19.7634360155 0.0632069529965
2.8 0.009756 19.2257008394 0.0606813350663
2.8 0.010298 18.4095868113 0.0585756124009
2.8 0.01084 18.0146503872 0.0563433654577
2.8 0.011382 17.348346154 0.0544181095896
2.8 0.011924 16.857822657 0.0528133756327
2.8 0.012466 16.2171301212 0.0505875685264
2.8 0.013008 15.7153055224 0.0487951801037
2.8 0.01355 15.2352209999 0.0470357848927
2.8 0.014092 14.7630501286 0.0458382089872
2.8 0.014634 14.34319724 0.0440645601731
2.8 0.015176 14.0269590198 0.0428716212973
2.8 0.015718 13.6273185405 0.041600795345
2.8 0.01626 13.1790470435 0.040127884583
2.8 0.016802 12.8232683554 0.0387776336567
2.8 0.017344 12.4952824679 0.0375450079518
2.8 0.017886 12.1443509021 0.0364144617822
2.8 0.018428 11.827778032 0.0353836689275
2.8 0.01897 11.4772530958 0.0342250495693
2.8 0.019512 11.1325597383 0.0331595247219
3.0 0.001084 47.2494522615 0.163250274141
3.0 0.001626 43.4699840039 0.151624742793
3.0 0.002168 41.5809216029 0.144142794162
3.0 0.00271 39.7911219541 0.135552341393
3.0 0.003252 37.0237417339 0.124762693863
3.0 0.003794 35.9762497005 0.120578783566
3.0 0.004336 34.014918551 0.113458885184
3.0 0.004878 32.3662658383 0.106972953076
3.0 0.00542 31.2140930868 0.102727674652
3.0 0.005962 29.6415526147 0.0971733258034
3.0 0.006504 28.2082874934 0.0918965088429
3.0 0.007046 27.5573200217 0.0899784026323
3.0 0.007588 26.4393555358 0.0858203568994
3.0 0.00813 25.612284472 0.0823003979068
3.0 0.008672 24.6456983646 0.0789214377329
3.0 0.009214 23.8469540033 0.0753772343192
3.0 0.009756 22.9251609677 0.0724133262314
3.0 0.010298 22.2278125405 0.0697201058456
3.0 0.01084 21.5813789717 0.0671813053253
3.0 0.011382 20.8627696304 0.0648522622948
3.0 0.011924 20.2019627603 0.0624379753439
3.0 0.012466 19.5355899189 0.0601318153739
3.0 0.013008 18.9622829636 0.0579468109146
3.0 0.01355 18.3969815219 0.0559680341634
3.0 0.014092 17.827545132 0.0541437107128
3.0 0.014634 17.3307332131 0.0523298549994
3.0 0.015176 16.8759415083 0.0509223251959
3.0 0.015718 16.3300459426 0.0488838185631
3.0 0.01626 15.8544431302 0.0472387899411
3.0 0.016802 15.5046825342 0.0460997491164
3.0 0.017344 15.0838337003 0.0446125812003
3.0 0.017886 14.689823889 0.0431541202848
3.0 0.018428 14.3272902129 0.0419298801521
3.0 0.01897 13.8240659909 0.0404275205111
3.0 0.019512 13.5721067342 0.0394025592778
3.2 0.001084 56.8998014368 0.199093949765
3.2 0.001626 52.3851594398 0.184272897087
3.2 0.002168 49.9434353179 0.175485733984
3.2 0.00271 47.61225866 0.163452882211
3.2 0.003252 43.9869209492 0.149248798656
3.2 0.003794 43.1419963815 0.145636792906
3.2 0.004336 40.3205612531 0.135771986257
3.2 0.004878 38.5200098977 0.128077773181
3.2 0.00542 37.1369934996 0.123312385493
3.2 0.005962 35.0637970388 0.115267706575
3.2 0.006504 33.4028084892 0.108823437689
3.2 0.007046 33.0217081253 0.108313737669
3.2 0.007588 31.1830993143 0.101017103832
3.2 0.00813 30.446103175 0.0977430046988
3.2 0.008672 29.0826928366 0.0932138662989
3.2 0.009214 28.4505269332 0.0893574621391
3.2 0.009756 26.9956212257 0.0858070648384
3.2 0.010298 26.5395046371 0.0828460224147
3.2 0.01084 25.4694203125 0.0793546286956
3.2 0.011382 24.6535359302 0.0760806401524
3.2 0.011924 23.9217769224 0.0733700258591
3.2 0.012466 23.2054547138 0.0714081197862
3.2 0.013008 22.5758059046 0.0681610006143
3.2 0.01355 21.8227850507 0.0660369346708
3.2 0.014092 21.1174848587 0.0633663315159
3.2 0.014634 20.6348719964 0.062250161998
3.2 0.015176 20.0108136332 0.0596365676033
3.2 0.015718 19.3319805154 0.0573462162625
3.2 0.01626 18.9438993686 0.0560153281144
3.2 0.016802 18.4141841465 0.0542842461566
3.2 0.017344 17.9927518249 0.0525985630321
3.2 0.017886 17.6106373925 0.0508981587575
3.2 0.018428 16.9882532854 0.0493696595916
3.2 0.01897 16.6721527737 0.0476845196863
3.2 0.019512 16.3491953973 0.0469346710215
3.4 0.001084 68.5502839957 0.242821170937
3.4 0.001626 63.1477454903 0.224148793641
3.4 0.002168 59.7733632638 0.212598219862
3.4 0.00271 56.6418494339 0.195599574377
3.4 0.003252 52.6651740998 0.179830184848
3.4 0.003794 51.3093424842 0.174379902755
3.4 0.004336 47.9794334435 0.163014627327
3.4 0.004878 45.9134397589 0.154333263259
3.4 0.00542 43.9033865964 0.146892684422
3.4 0.005962 41.4435843691 0.137047555709
3.4 0.006504 39.8027468922 0.130596418367
3.4 0.007046 38.9237348089 0.127887760506
3.4 0.007588 37.0320007732 0.120338368274
3.4 0.00813 35.921283963 0.115724424372
3.4 0.008672 34.524121302 0.110297526906
3.4 0.009214 33.4909078105 0.106184340256
3.4 0.009756 32.0995124793 0.101398750603
3.4 0.010298 31.2514994806 0.0977594704725
3.4 0.01084 30.0778975682 0.0933010959995
3.4 0.011382 29.1587369354 0.0895099510099
3.4 0.011924 28.3784278164 0.0870604852765
3.4 0.012466 27.5941488881 0.0840115663444
3.4 0.013008 26.7751146631 0.0807139006007
3.4 0.01355 25.8313736023 0.0776606164797
3.4 0.014092 25.1035127895 0.0752426425938
3.4 0.014634 24.4414921036 0.0728874151072
3.4 0.015176 23.6524948293 0.0702796943435
3.4 0.015718 22.9817571848 0.0679696519888
3.4 0.01626 22.420950861 0.0659135597163
3.4 0.016802 21.9577440718 0.0640086473534
3.4 0.017344 21.4507349416 0.0619315623613
3.4 0.017886 20.792085587 0.059866016757
3.4 0.018428 20.2843189423 0.0578266198873
3.4 0.01897 19.843392257 0.056428537241
3.4 0.019512 19.3166616828 0.0545917543525
3.6 0.001084 82.551054189 0.295747219044
3.6 0.001626 75.949940837 0.273240409312
3.6 0.002168 71.5213788932 0.257171881994
3.6 0.00271 67.3607401601 0.235101444617
3.6 0.003252 63.0314651243 0.217639406365
3.6 0.003794 60.915200136 0.209539034448
3.6 0.004336 57.1170736388 0.196151222186
3.6 0.004878 54.6492803725 0.185886108946
3.6 0.00542 51.8929813951 0.175026192667
3.6 0.005962 49.0429194357 0.163548867246
3.6 0.006504 47.4504499175 0.157266864115
3.6 0.007046 45.7814530027 0.151088486431
3.6 0.007588 44.0507690446 0.143800308947
3.6 0.00813 42.3308823933 0.136863755027
3.6 0.008672 41.1302508351 0.131831959788
3.6 0.009214 39.4377717013 0.125322126987
3.6 0.009756 38.1511083069 0.120277276183
3.6 0.010298 36.8577708808 0.11560120846
3.6 0.01084 35.4205469429 0.109658014188
3.6 0.011382 34.6132399329 0.106666893397
3.6 0.011924 33.5665690369 0.103556471143
3.6 0.012466 32.7699204918 0.0986234479354
3.6 0.013008 31.6477683629 0.0956527999991
3.6 0.01355 30.5554891555 0.0914109271707
3.6 0.014092 29.7901594637 0.0892517854924
3.6 0.014634 28.8449908824 0.0855480434019
3.6 0.015176 28.0281668357 0.0831600992914
3.6 0.015718 27.3434372171 0.0802943263908
3.6 0.01626 26.6994996603 0.0778059539487
3.6 0.016802 26.2082667521 0.075276875476
3.6 0.017344 25.3841530851 0.0725482605111
3.6 0.017886 24.6390259827 0.0701328964431
3.6 0.018428 24.1036039101 0.0682783064472
3.6 0.01897 23.4801546528 0.0662998886571
3.6 0.019512 22.8531148752 0.0640419465039
3.8 0.001084 98.900040076 0.361202435325
3.8 0.001626 90.8591686131 0.333767360369
3.8 0.002168 85.1025256168 0.311057747979
3.8 0.00271 79.977023299 0.283587200144
3.8 0.003252 75.46379965 0.26450586773
3.8 0.003794 72.336195626 0.252742483965
3.8 0.004336 68.1962187909 0.237082881289
3.8 0.004878 65.070170069 0.223701046947
3.8 0.00542 61.4557083205 0.209577415597
3.8 0.005962 58.1040262333 0.196054263638
3.8 0.006504 56.6501665494 0.190346007091
3.8 0.007046 53.9741852326 0.179552825028
3.8 0.007588 52.4000349764 0.172127261793
3.8 0.00813 49.9986890359 0.162719386103
3.8 0.008672 49.1492939682 0.158927986005
3.8 0.009214 46.7153660373 0.148835444839
3.8 0.009756 45.2566961459 0.143690404295
3.8 0.010298 43.5810669352 0.137245489198
3.8 0.01084 41.9811932307 0.130772811465
3.8 0.011382 41.1266475297 0.127601577464
3.8 0.011924 39.93572357 0.122610937211
3.8 0.012466 38.8517738968 0.117740043888
3.8 0.013008 37.5129821065 0.113055756922
3.8 0.01355 36.3707572182 0.108976383623
3.8 0.014092 35.2906844598 0.105254395861
3.8 0.014634 34.3123788435 0.101710569165
3.8 0.015176 33.4934763293 0.0985901024163
3.8 0.015718 32.5390491988 0.0949598214589
3.8 0.01626 31.925940503 0.0918226718654
3.8 0.016802 31.0401654336 0.08865597163
3.8 0.017344 29.9621400827 0.0849218932313
3.8 0.017886 29.4497162715 0.0836206169095
3.8 0.018428 28.4765364232 0.0801037433154
3.8 0.01897 27.9574908578 0.0783828879969
3.8 0.019512 27.1569328627 0.0754298744128
4.0 0.001084 119.619042817 0.44260206285
4.0 0.001626 109.699970083 0.408503029956
4.0 0.002168 102.375608889 0.377374888063
4.0 0.00271 95.979678981 0.344042982432
4.0 0.003252 91.0527647441 0.323141456054
4.0 0.003794 86.4708580191 0.306082026896
4.0 0.004336 81.8971993073 0.287848918523
4.0 0.004878 77.7602618723 0.270208756154
4.0 0.00542 73.1736696829 0.252623061542
4.0 0.005962 69.2684359034 0.236586458406
4.0 0.006504 67.8570153864 0.23120553562
4.0 0.007046 64.1576771391 0.214822846839
4.0 0.007588 62.4481603366 0.206425599631
4.0 0.00813 59.998683346 0.196961922334
4.0 0.008672 58.4276917811 0.190106669182
4.0 0.009214 55.8904165861 0.179674548374
4.0 0.009756 53.9217233143 0.172466658534
4.0 0.010298 51.7244122962 0.163680915932
4.0 0.01084 50.3653524518 0.157680249351
4.0 0.011382 48.9281903326 0.152440667705
4.0 0.011924 47.7615259555 0.146310577032
4.0 0.012466 46.2927192669 0.141266184417
4.0 0.013008 44.7393859253 0.134295648344
4.0 0.01355 43.3621600074 0.13016057845
4.0 0.014092 42.1119081665 0.125123639336
4.0 0.014634 41.1304257721 0.121475608381
4.0 0.015176 40.0037679634 0.117129962248
4.0 0.015718 38.8738279752 0.112517346075
4.0 0.01626 37.935022256 0.108820792237
4.0 0.016802 36.8416823987 0.104824180178
4.0 0.017344 36.0386256007 0.102373525957
4.0 0.017886 34.8681563523 0.0982042442143
4.0 0.018428 34.2079290205 0.0958430129851
4.0 0.01897 33.2448553333 0.0921756998458
4.0 0.019512 32.4018348135 0.0889740160429
4.2 0.001084 143.512341164 0.544360061785
4.2 0.001626 131.310084686 0.501170634763
4.2 0.002168 122.188878179 0.459427136174
4.2 0.00271 114.608183234 0.419786759088
4.2 0.003252 109.283518103 0.39607280899
4.2 0.003794 103.193129285 0.372092771575
4.2 0.004336 98.2951018741 0.351195532106
4.2 0.004878 92.9148653818 0.328248286747
4.2 0.00542 87.3354048573 0.306279971306
4.2 0.005962 83.1170640276 0.288411436878
4.2 0.006504 80.6418077478 0.278094965096
4.2 0.007046 76.9069189725 0.260257609787
4.2 0.007588 74.4584611987 0.249263239311
4.2 0.00813 72.1131772777 0.240020857252
4.2 0.008672 69.6431007598 0.228476070659
4.2 0.009214 66.7574289226 0.217166789529
4.2 0.009756 64.549203505 0.208113229631
4.2 0.010298 61.5876530868 0.196418310785
4.2 0.01084 60.5493902236 0.189858285358
4.2 0.011382 58.4538681531 0.182931872257
4.2 0.011924 57.126129142 0.176592046273
4.2 0.012466 55.3477306742 0.169083297482
4.2 0.013008 53.4967852723 0.161947814175
4.2 0.01355 51.8162386972 0.155795202326
4.2 0.014092 50.4957982589 0.15066671435
4.2 0.014634 49.1660764335 0.145240739709
4.2 0.015176 47.7269664018 0.139463858882
4.2 0.015718 46.3858956423 0.133700187159
4.2 0.01626 45.3518774598 0.130750092583
4.2 0.016802 44.1280371634 0.125734102752
4.2 0.017344 43.0959180371 0.122254438763
4.2 0.017886 41.7271790521 0.117473568506
4.2 0.018428 40.8745895023 0.113919450006
4.2 0.01897 39.6790590515 0.109177796303
4.2 0.019512 38.7996048947 0.10528272605
4.4 0.001084 173.009701017 0.67040801494
4.4 0.001626 158.10491034 0.616031901631
4.4 0.002168 146.873833412 0.561826805111
4.4 0.00271 137.714259776 0.513991751666
4.4 0.003252 131.70836951 0.486833858005
4.4 0.003794 123.728477276 0.453808266193
4.4 0.004336 118.330540699 0.430023640952
4.4 0.004878 111.289025058 0.399952200174
4.4 0.00542 104.686527738 0.372908481802
4.4 0.005962 100.200147825 0.35349858151
4.4 0.006504 96.2490929897 0.335956139029
4.4 0.007046 92.4950322361 0.316827161743
4.4 0.007588 89.172612812 0.303061067674
4.4 0.00813 87.0213201557 0.293036651945
4.4 0.008672 83.5440363405 0.276640053989
4.4 0.009214 79.9726131744 0.262656343424
4.4 0.009756 77.356341307 0.252000819945
4.4 0.010298 74.346206989 0.238592981952
4.4 0.01084 72.4357585106 0.229473096726
4.4 0.011382 70.281516103 0.221824195671
4.4 0.011924 68.4431593644 0.212670429178
4.4 0.012466 66.5154299404 0.203866368282
4.4 0.013008 64.0047848075 0.19532130712
4.4 0.01355 62.3278212614 0.188157666542
4.4 0.014092 60.6238600881 0.181752610667
4.4 0.014634 58.9260347453 0.174222414932
4.4 0.015176 57.2469644893 0.166996328127
4.4 0.015718 55.8239418922 0.162142024986
4.4 0.01626 54.4484063501 0.156848461859
4.4 0.016802 53.2837229168 0.152123999408
4.4 0.017344 51.3470528029 0.145410280542
4.4 0.017886 50.3094796589 0.141892462495
4.4 0.018428 49.0435787655 0.135460803291
4.4 0.01897 47.6602032111 0.130434214726
4.4 0.019512 46.78227247 0.126343493091
4.6 0.001084 207.299771491 0.825736309391
4.6 0.001626 189.190695711 0.755752968174
4.6 0.002168 175.840854065 0.687511252434
4.6 0.00271 165.008670149 0.629234734434
4.6 0.003252 158.398296947 0.598243265956
4.6 0.003794 148.177488668 0.553673042634
4.6 0.004336 142.046053991 0.525998156354
4.6 0.004878 133.216625717 0.487583098618
4.6 0.00542 125.528039072 0.454754574026
4.6 0.005962 120.626396314 0.433755179729
4.6 0.006504 114.984469896 0.406474224011
4.6 0.007046 111.318087569 0.386932997537
4.6 0.007588 107.052004002 0.369190669409
4.6 0.00813 104.700631883 0.355950117806
4.6 0.008672 100.31306132 0.336388724642
4.6 0.009214 96.3799636444 0.319980611294
4.6 0.009756 92.6019964026 0.304950032714
4.6 0.010298 89.7655356447 0.289675378805
4.6 0.01084 86.7936956565 0.278748021308
4.6 0.011382 84.5272141267 0.269625431417
4.6 0.011924 82.3552314464 0.257172953844
4.6 0.012466 79.8609097627 0.246960627977
4.6 0.013008 77.1193658369 0.236804186041
4.6 0.01355 75.0215490684 0.227855900467
4.6 0.014092 72.9114518165 0.2193779569
4.6 0.014634 70.9013641952 0.209443418005
4.6 0.015176 68.8616878601 0.201548337222
4.6 0.015718 67.3771840085 0.196819472815
4.6 0.01626 65.7012639774 0.189568471942
4.6 0.016802 63.8779892366 0.182601952156
4.6 0.017344 62.0154152838 0.176055515323
4.6 0.017886 60.5859254356 0.169180620837
4.6 0.018428 58.753182195 0.162582469454
4.6 0.01897 57.7035991453 0.157217080816
4.6 0.019512 56.1951305536 0.152006338879
