2.2 0.184924702397 15063.6588085 1.34846488876
2.4 0.231425921518 15325.0602826 1.3380712914
2.6 0.285929695332 15143.0051743 1.33895595405
2.8 0.349252333224 14508.6688467 1.33099623867
3.0 0.422242531447 13434.1482411 1.32362683764
3.2 0.505780851386 12391.6235161 1.31988765861
3.4 0.600779232412 11358.3942092 1.31054627103
3.6 0.708180535481 10363.1668095 1.30084961674
3.8 0.828958114192 9508.81700764 1.29108207243
4.0 0.9641154105 8872.34500552 1.27745667568
4.2 1.1146855727 8445.58046142 1.26715067784
4.4 1.28173109358 8139.02407262 1.2585093229
4.6 1.46634346696 7704.05689805 1.25473256943
