2.2 0.001084 34.878612502 0.120419046989
2.2 0.001626 31.9252768064 0.110403916888
2.2 0.002168 30.1651523549 0.103497911586
2.2 0.00271 29.1277160995 0.0991867280441
2.2 0.003252 27.8517921581 0.0942182975011
2.2 0.003794 26.2480295101 0.0881491732475
2.2 0.004336 25.173221963 0.0843055590726
2.2 0.004878 24.1384496668 0.0808234315217
2.2 0.00542 23.0559630547 0.0760828375802
2.2 0.005962 22.0299073998 0.0727681286068
2.2 0.006504 21.2219556177 0.0700655784569
2.2 0.007046 20.2328418007 0.0664655048645
2.2 0.007588 19.2653528585 0.062901763835
2.2 0.00813 18.4919301085 0.0604366719942
2.2 0.008672 17.7723135382 0.0585086491503
2.2 0.009214 17.2249484967 0.0561648552207
2.2 0.009756 16.5000478341 0.0532331375868
2.2 0.010298 16.1731756745 0.0520851656885
2.2 0.01084 15.5181923484 0.049843230097
2.2 0.011382 15.0048308995 0.048287661582
2.2 0.011924 14.4858832406 0.0464503900687
2.2 0.012466 14.0425764904 0.0448409388961
2.2 0.013008 13.6162114114 0.0435458716723
2.2 0.01355 13.0308323898 0.0417269242022
2.2 0.014092 12.7070438309 0.0405727242992
2.2 0.014634 12.2432190552 0.0386851832162
2.2 0.015176 11.8568343605 0.0374721120242
2.2 0.015718 11.5376824984 0.0363465232838
2.2 0.01626 11.211091751 0.0350727151411
2.2 0.016802 10.9875167224 0.0342612039318
2.2 0.017344 10.6904462163 0.0332818599933
2.2 0.017886 10.285652351 0.0319176356979
2.2 0.018428 10.0066625756 0.0309999264219
2.2 0.01897 9.70818763552 0.0300500795188
2.2 0.019512 9.38785518831 0.0291558938727
2.4 0.001084 46.6661737116 0.159865613609
2.4 0.001626 42.5705938793 0.146700604321
2.4 0.002168 40.2183656855 0.137470675889
2.4 0.00271 38.682801683 0.130918581202
2.4 0.003252 36.7264841928 0.123192451648
2.4 0.003794 34.7094914689 0.115550527807
2.4 0.004336 33.3088268407 0.110532860384
2.4 0.004878 31.8038363857 0.105070063319
2.4 0.00542 30.2348055811 0.0988952037579
2.4 0.005962 28.9400726112 0.0951648650318
2.4 0.006504 27.8189757195 0.0909846600582
2.4 0.007046 26.3686700886 0.0857405582474
2.4 0.007588 25.2839428456 0.0819388927989
2.4 0.00813 24.2386341276 0.0785980024211
2.4 0.008672 23.474920029 0.0759012816152
2.4 0.009214 22.6630434036 0.0726839017667
2.4 0.009756 21.8739614102 0.0696820453339
2.4 0.010298 21.2007863989 0.067363052295
2.4 0.01084 20.2327582733 0.0640665606387
2.4 0.011382 19.6679341611 0.0623017150032
2.4 0.011924 18.9733418763 0.0596249166459
2.4 0.012466 18.5255510382 0.0580031962956
2.4 0.013008 17.6487184691 0.0552479052222
2.4 0.01355 17.2139703767 0.0537221265287
2.4 0.014092 16.6422799018 0.0516543422004
2.4 0.014634 16.0362917176 0.0497173794524
2.4 0.015176 15.5657145167 0.048069303313
2.4 0.015718 15.1378269328 0.0464398635729
2.4 0.01626 14.7423120464 0.0451270386948
2.4 0.016802 14.4273136797 0.0441343698044
2.4 0.017344 13.8222634017 0.0421502469444
2.4 0.017886 13.441377474 0.0407632760161
2.4 0.018428 13.1482875903 0.0396302124999
2.4 0.01897 12.7264614458 0.0384557334648
2.4 0.019512 12.3523603547 0.0371889037527
2.6 0.001084 60.7807666427 0.206667434127
2.6 0.001626 55.4556249443 0.190784636986
2.6 0.002168 52.4607816197 0.179068688184
2.6 0.00271 50.1669550464 0.169257227953
2.6 0.003252 47.2529934832 0.157802318357
2.6 0.003794 44.8631060134 0.148773256979
2.6 0.004336 42.9090797446 0.141806296523
2.6 0.004878 40.7576135036 0.133978954605
2.6 0.00542 38.8463987401 0.126921561057
2.6 0.005962 37.188528764 0.121563774859
2.6 0.006504 35.4123755294 0.115425083687
2.6 0.007046 33.6258530209 0.108784116535
2.6 0.007588 32.4183359387 0.104787560608
2.6 0.00813 30.9547895417 0.0997436545642
2.6 0.008672 30.3114015006 0.0972299503727
2.6 0.009214 28.9591186333 0.0920695885128
2.6 0.009756 28.1424895265 0.0886424328266
2.6 0.010298 26.8223201627 0.0845550659712
2.6 0.01084 26.0035837148 0.0817703128285
2.6 0.011382 25.1809931176 0.0785710008874
2.6 0.011924 24.3832256906 0.0755520090372
2.6 0.012466 23.5562657107 0.0725357098801
2.6 0.013008 22.758266417 0.0697083726292
2.6 0.01355 22.14272112 0.0676590562485
2.6 0.014092 21.2971550425 0.0648503186375
2.6 0.014634 20.5694773148 0.0624436544537
2.6 0.015176 20.0152327191 0.0604056890855
2.6 0.015718 19.4106940637 0.0584345276548
2.6 0.01626 18.9883584412 0.0568703620979
2.6 0.016802 18.2930006006 0.0549014120448
2.6 0.017344 17.7005445394 0.0527161800007
2.6 0.017886 17.3340883156 0.051262664411
2.6 0.018428 16.8582409111 0.0497485087602
2.6 0.01897 16.3733761642 0.0479687237881
2.6 0.019512 15.864527017 0.0462111777924
2.8 0.001084 77.7077815437 0.265396669542
2.8 0.001626 70.9317608377 0.245695319317
2.8 0.002168 66.9653411517 0.230025958388
2.8 0.00271 63.7046195658 0.215542463488
2.8 0.003252 59.7541087667 0.199869641763
2.8 0.003794 57.0545171164 0.189452164874
2.8 0.004336 54.2297064251 0.179657112742
2.8 0.004878 51.4285826513 0.169436726646
2.8 0.00542 49.0527862635 0.160816311035
2.8 0.005962 46.7330405183 0.153035570595
2.8 0.006504 44.3202821818 0.144261550035
2.8 0.007046 42.4131981909 0.137262727329
2.8 0.007588 40.8806787477 0.132201752675
2.8 0.00813 39.2777746107 0.126183293461
2.8 0.008672 38.1330184927 0.121795462984
2.8 0.009214 36.5055489217 0.115288307599
2.8 0.009756 35.4674411581 0.110826794661
2.8 0.010298 33.7044238122 0.105841900152
2.8 0.01084 33.0415579045 0.10234936558
2.8 0.011382 31.6350459406 0.0976251680307
2.8 0.011924 30.7807348435 0.0944188072574
2.8 0.012466 29.6476031516 0.0902363415895
2.8 0.013008 28.8257049323 0.0874767854219
2.8 0.01355 27.8084270932 0.08401410529
2.8 0.014092 26.8137105994 0.0808152228484
2.8 0.014634 26.0362832615 0.0777552581178
2.8 0.015176 25.3477271665 0.0752481832198
2.8 0.015718 24.6400363108 0.0732379015886
2.8 0.01626 23.8806413589 0.0706426437791
2.8 0.016802 23.1206038125 0.0678344622289
2.8 0.017344 22.5303086289 0.0656256826869
2.8 0.017886 21.9662173889 0.0637224944049
2.8 0.018428 21.3446386413 0.061571144701
2.8 0.01897 20.6565225688 0.059308258713
2.8 0.019512 20.0386012765 0.0575318732392
3.0 0.001084 98.0144117368 0.340193734217
3.0 0.001626 89.4339971673 0.313932576259
3.0 0.002168 84.2182403569 0.293893331966
3.0 0.00271 79.9543542086 0.273215778118
3.0 0.003252 74.6778525144 0.252131839388
3.0 0.003794 71.829244329 0.241163300065
3.0 0.004336 67.7501154503 0.226889996292
3.0 0.004878 64.1898892138 0.212739626645
3.0 0.00542 61.2637462001 0.202541558417
3.0 0.005962 58.025437999 0.191489372256
3.0 0.006504 54.9648003382 0.179219202113
3.0 0.007046 53.1531188318 0.173644004018
3.0 0.007588 50.9040365623 0.165376786844
3.0 0.00813 49.3519695196 0.159027028872
3.0 0.008672 47.3631928219 0.151271033325
3.0 0.009214 45.836307266 0.143997184306
3.0 0.009756 43.8960966267 0.137591361284
3.0 0.010298 42.4204001397 0.13217673633
3.0 0.01084 41.0543243729 0.127067232796
3.0 0.011382 39.6191784616 0.122027160108
3.0 0.011924 38.435824347 0.117223064424
3.0 0.012466 37.2274280107 0.112777029446
3.0 0.013008 36.1122096242 0.1086581548
3.0 0.01355 34.8733796936 0.104193998994
3.0 0.014092 33.6825111999 0.0999669543383
3.0 0.014634 32.7070334569 0.0963359973281
3.0 0.015176 31.8600354757 0.0936013234557
3.0 0.015718 30.9226452072 0.0905302901553
3.0 0.01626 29.9088497701 0.0866730083708
3.0 0.016802 29.1263502248 0.0842149999243
3.0 0.017344 28.3026683833 0.0814837130013
3.0 0.017886 27.5454690445 0.0786885359571
3.0 0.018428 26.7701621505 0.0758342780802
3.0 0.01897 25.8025756954 0.0730425303244
3.0 0.019512 25.3423395255 0.0711484305206
3.2 0.001084 122.755162285 0.436764453479
3.2 0.001626 112.117936121 0.402135949209
3.2 0.002168 105.205939519 0.376300444898
3.2 0.00271 99.6817256976 0.346108563755
3.2 0.003252 92.8523586089 0.318785558769
3.2 0.003794 89.9240799067 0.307719715626
3.2 0.004336 84.0124081975 0.286619802337
3.2 0.004878 79.8816271053 0.26826682232
3.2 0.00542 76.1897052834 0.256528615179
3.2 0.005962 71.7919648163 0.240173530884
3.2 0.006504 68.1707914821 0.223692131967
3.2 0.007046 66.5370441735 0.2207040177
3.2 0.007588 63.1667928622 0.206069183796
3.2 0.00813 61.7663423328 0.200482703198
3.2 0.008672 58.626912535 0.188327528441
3.2 0.009214 57.5582634844 0.181207058333
3.2 0.009756 54.3342027869 0.17232056726
3.2 0.010298 53.2370308286 0.166237455685
3.2 0.01084 50.8652701326 0.158396940762
3.2 0.011382 49.4703635522 0.151922399613
3.2 0.011924 47.8751130836 0.145212072484
3.2 0.012466 46.6540464464 0.141702595921
3.2 0.013008 45.209812 0.134510113446
3.2 0.01355 43.5698399027 0.129334141346
3.2 0.014092 42.0818147455 0.123933526373
3.2 0.014634 41.0179808729 0.120787950388
3.2 0.015176 39.9833426167 0.116975034332
3.2 0.015718 38.3779406754 0.110586217429
3.2 0.01626 37.5059148579 0.108179434078
3.2 0.016802 36.3717590635 0.105067181453
3.2 0.017344 35.417820516 0.101117041146
3.2 0.017886 34.6154534415 0.0972306750911
3.2 0.018428 33.2338286806 0.0937298326125
3.2 0.01897 32.4759266148 0.0905298249941
3.2 0.019512 32.1426889957 0.0893475164393
3.4 0.001084 154.384511518 0.564773766713
3.4 0.001626 141.0156493 0.518685855481
3.4 0.002168 131.904502857 0.482839043139
3.4 0.00271 124.593199799 0.440820043278
3.4 0.003252 116.728071636 0.408958043219
3.4 0.003794 112.538717622 0.392915123323
3.4 0.004336 105.148923032 0.365116457991
3.4 0.004878 100.212830239 0.344085630147
3.4 0.00542 94.9470134487 0.325734304518
3.4 0.005962 89.5085043137 0.30319548629
3.4 0.006504 85.4406899458 0.286317708926
3.4 0.007046 82.960768283 0.278079304246
3.4 0.007588 79.2272411809 0.261292215681
3.4 0.00813 76.8593545319 0.251745664551
3.4 0.008672 73.8365870751 0.2383401215
3.4 0.009214 71.7658142479 0.229396159954
3.4 0.009756 68.4985711394 0.218711637482
3.4 0.010298 66.3258194916 0.209556202876
3.4 0.01084 63.8462741495 0.19908541992
3.4 0.011382 61.947863151 0.190288048133
3.4 0.011924 60.2286918114 0.184161284887
3.4 0.012466 58.6668579186 0.177565125356
3.4 0.013008 56.7578900101 0.169219039404
3.4 0.01355 54.6587629645 0.161838708021
3.4 0.014092 53.0270591076 0.156456730031
3.4 0.014634 51.7064205441 0.151684464343
3.4 0.015176 49.9246191371 0.144952025242
3.4 0.015718 48.3026996713 0.139621535484
3.4 0.01626 47.0221270117 0.13620326848
3.4 0.016802 45.7822588983 0.13175823437
3.4 0.017344 44.6557513186 0.126205272145
3.4 0.017886 43.1652757831 0.121358306445
3.4 0.018428 41.9679678241 0.116789785846
3.4 0.01897 41.3623749325 0.114418787025
3.4 0.019512 40.4330036862 0.111080118755
3.6 0.001084 194.536483038 0.733837221896
3.6 0.001626 177.849400138 0.67376110243
3.6 0.002168 165.866548312 0.622980399394
3.6 0.00271 156.427528976 0.567620888899
3.6 0.003252 147.351586499 0.529911749129
3.6 0.003794 141.167861946 0.505518656536
3.6 0.004336 132.415546489 0.470896701355
3.6 0.004878 126.034927805 0.444602415733
3.6 0.00542 118.867103201 0.416472689403
3.6 0.005962 112.098160167 0.387242392364
3.6 0.006504 107.802208492 0.370095565553
3.6 0.007046 103.812284309 0.352851042617
3.6 0.007588 100.233954224 0.335670073922
3.6 0.00813 96.2630068231 0.318699780437
3.6 0.008672 93.7233374125 0.306085658468
3.6 0.009214 89.8391402669 0.291700870842
3.6 0.009756 86.3646137077 0.278937210075
3.6 0.010298 83.1920875556 0.266370219815
3.6 0.01084 80.3938455307 0.252221542582
3.6 0.011382 78.1878713573 0.242793626447
3.6 0.011924 76.0944176637 0.235182550034
3.6 0.012466 74.3962305911 0.225035527763
3.6 0.013008 71.4478061736 0.215099044137
3.6 0.01355 69.1130873094 0.206050614289
3.6 0.014092 67.0970511216 0.199191517711
3.6 0.014634 65.2629835035 0.190901708489
3.6 0.015176 62.7692160637 0.1833624283
3.6 0.015718 61.0697608905 0.177678497493
3.6 0.01626 59.4940952501 0.172712227086
3.6 0.016802 58.2012613027 0.166179252212
3.6 0.017344 56.4348726085 0.159239177497
3.6 0.017886 54.6203421577 0.152562149423
3.6 0.018428 53.5337157397 0.147855941952
3.6 0.01897 52.4882791217 0.144326337563
3.6 0.019512 51.0464848258 0.139063798892
3.8 0.001084 244.680714158 0.961805066388
3.8 0.001626 223.707087902 0.882637487697
3.8 0.002168 208.352341167 0.810311310634
3.8 0.00271 196.712596636 0.739768841932
3.8 0.003252 186.55325196 0.694741657573
3.8 0.003794 177.910530095 0.65682007773
3.8 0.004336 167.825942085 0.614014064873
3.8 0.004878 159.333350765 0.577682414227
3.8 0.00542 149.776993132 0.537395599801
3.8 0.005962 141.483407707 0.50190299054
3.8 0.006504 136.959908033 0.483100642041
3.8 0.007046 130.805702113 0.452623269159
3.8 0.007588 127.595791697 0.435426152806
3.8 0.00813 121.277002449 0.407874037354
3.8 0.008672 119.856491238 0.39898902462
3.8 0.009214 113.759771716 0.375911657179
3.8 0.009756 109.52660943 0.359790995643
3.8 0.010298 105.510075612 0.342401864701
3.8 0.01084 102.171494293 0.325737152667
3.8 0.011382 99.6077707776 0.314819715763
3.8 0.011924 97.0162189193 0.302002012216
3.8 0.012466 94.3061702829 0.289180364686
3.8 0.013008 90.9308966018 0.276982371225
3.8 0.01355 88.0533976339 0.265707901808
3.8 0.014092 85.4172528829 0.25461870347
3.8 0.014634 82.629877773 0.244794312293
3.8 0.015176 80.1310658003 0.2360955398
3.8 0.015718 77.7387154976 0.228487275391
3.8 0.01626 76.3007240434 0.220137798324
3.8 0.016802 74.2179439594 0.212074898736
3.8 0.017344 71.505641546 0.201441899466
3.8 0.017886 70.1766618968 0.19482982274
3.8 0.018428 68.5903052384 0.18974942276
3.8 0.01897 66.8653476703 0.183162929562
3.8 0.019512 65.1881672849 0.176591136678
4.0 0.001084 311.354299895 1.27244559897
4.0 0.001626 284.779569019 1.16552119747
4.0 0.002168 265.120578954 1.06414725644
4.0 0.00271 250.710606794 0.975581524388
4.0 0.003252 238.821894107 0.920489371048
4.0 0.003794 226.561996052 0.8631954866
4.0 0.004336 214.749445149 0.810400614993
4.0 0.004878 203.214694376 0.757398311659
4.0 0.00542 190.304233257 0.702862371181
4.0 0.005962 180.697333584 0.660275190527
4.0 0.006504 175.301280438 0.636374782225
4.0 0.007046 166.923220978 0.590952099082
4.0 0.007588 162.968468425 0.568725223925
4.0 0.00813 155.999001987 0.537939025061
4.0 0.008672 152.691861371 0.521931750724
4.0 0.009214 145.678281592 0.49405025016
4.0 0.009756 139.92413698 0.470181687876
4.0 0.010298 134.974048893 0.446663266769
4.0 0.01084 131.414861501 0.427975386004
4.0 0.011382 127.761988894 0.410995012684
4.0 0.011924 125.147679909 0.393554059598
4.0 0.012466 120.613008145 0.377863019229
4.0 0.013008 116.958543395 0.36016011857
4.0 0.01355 113.114394253 0.346058754991
4.0 0.014092 109.874595459 0.331721189997
4.0 0.014634 106.487226598 0.319674296336
4.0 0.015176 103.154634189 0.306969647905
4.0 0.015718 100.473858854 0.29583589776
4.0 0.01626 98.2730079135 0.284941085306
4.0 0.016802 95.1627899282 0.272541058334
4.0 0.017344 93.0174525282 0.262058301136
4.0 0.017886 90.6004008529 0.252568045806
4.0 0.018428 88.4430000666 0.245003981792
4.0 0.01897 86.3967936048 0.236045315865
4.0 0.019512 83.867324373 0.227320960506
4.2 0.001084 394.832638729 1.70140181699
4.2 0.001626 361.460453151 1.55480464072
4.2 0.002168 337.040383877 1.41475956413
4.2 0.00271 319.80986608 1.30508091956
4.2 0.003252 306.141392517 1.2335904841
4.2 0.003794 289.501339537 1.14807671946
4.2 0.004336 276.222391871 1.08320183841
4.2 0.004878 260.564925372 1.00429319174
4.2 0.00542 243.638879766 0.933301767599
4.2 0.005962 233.223602779 0.88408654481
4.2 0.006504 224.796778094 0.842404297141
4.2 0.007046 216.070140039 0.789459450891
4.2 0.007588 209.081450569 0.752252951896
4.2 0.00813 202.722721817 0.721175591759
4.2 0.008672 196.434758055 0.693683948712
4.2 0.009214 187.488128221 0.655521529907
4.2 0.009756 180.892210268 0.6252542671
4.2 0.010298 174.261917049 0.590771957207
4.2 0.01084 170.578324328 0.567047374091
4.2 0.011382 165.514780004 0.542455717019
4.2 0.011924 161.910432633 0.521328729394
4.2 0.012466 156.332023547 0.498691330857
4.2 0.013008 151.552705374 0.476401075691
4.2 0.01355 146.889883984 0.45673847962
4.2 0.014092 142.546897374 0.439397550943
4.2 0.014634 138.032255473 0.420756693535
4.2 0.015176 133.769847068 0.403811865842
4.2 0.015718 130.725460535 0.388207214405
4.2 0.01626 127.637034842 0.375201239907
4.2 0.016802 123.908265609 0.358182194154
4.2 0.017344 121.620480443 0.345861243028
4.2 0.017886 117.902605039 0.332229871357
4.2 0.018428 115.377246734 0.320933605391
4.2 0.01897 112.259161171 0.308201177749
4.2 0.019512 109.531446386 0.297924191167
4.4 0.001084 506.09930205 2.3067557264
4.4 0.001626 463.736722678 2.10147535234
4.4 0.002168 433.365579941 1.91028953827
4.4 0.00271 412.416580504 1.77246087252
4.4 0.003252 395.962479924 1.67734857792
4.4 0.003794 373.208191452 1.55021163771
4.4 0.004336 358.281653487 1.47029411119
4.4 0.004878 336.576306791 1.35336579897
4.4 0.00542 316.086967719 1.2629713091
4.4 0.005962 303.734253754 1.20378775387
4.4 0.006504 291.535915213 1.13616988311
4.4 0.007046 282.473767649 1.07410447962
4.4 0.007588 271.542455276 1.0140042265
4.4 0.00813 266.168629287 0.98356564585
4.4 0.008672 255.527210786 0.938754021236
4.4 0.009214 244.323051929 0.881391559731
4.4 0.009756 236.80812206 0.845380158722
4.4 0.010298 229.153930647 0.798553760746
4.4 0.01084 222.886528768 0.761454514183
4.4 0.011382 217.426371699 0.731395122858
4.4 0.011924 210.987176256 0.701565916131
4.4 0.012466 204.888279489 0.670726871935
4.4 0.013008 198.279101087 0.640488733442
4.4 0.01355 192.589854941 0.615130965938
4.4 0.014092 186.610384482 0.589854830983
4.4 0.014634 181.159257664 0.563726422717
4.4 0.015176 176.349999349 0.540021063156
4.4 0.015718 172.50308051 0.522287557778
4.4 0.01626 167.819099187 0.501572051863
4.4 0.016802 165.090620325 0.484297293782
4.4 0.017344 159.367245964 0.461627146307
4.4 0.017886 156.03614869 0.445746574977
4.4 0.018428 152.206608571 0.428240368759
4.4 0.01897 148.190418904 0.412776733115
4.4 0.019512 145.090946219 0.39872569369
4.6 0.001084 650.57072249 3.17202606133
4.6 0.001626 596.933786542 2.87981535809
4.6 0.002168 560.040377035 2.62803042904
4.6 0.00271 534.87444952 2.44854251356
4.6 0.003252 515.265952565 2.31927763766
4.6 0.003794 484.999746473 2.13124906741
4.6 0.004336 466.837228539 2.02434350881
4.6 0.004878 438.168065007 1.85753545619
4.6 0.00542 414.136257018 1.74507824336
4.6 0.005962 398.592955039 1.66905499537
4.6 0.006504 382.209399584 1.5635925694
4.6 0.007046 372.516629628 1.49039538005
4.6 0.007588 356.576688657 1.39341119332
4.6 0.00813 351.317071515 1.36114053447
4.6 0.008672 336.029290436 1.28869628624
4.6 0.009214 322.981067202 1.21622093807
4.6 0.009756 312.98305209 1.16109169793
4.6 0.010298 303.896874794 1.09523105629
4.6 0.01084 294.492484696 1.04664479471
4.6 0.011382 288.506420294 1.00807159393
4.6 0.011924 278.518046096 0.963376789885
4.6 0.012466 271.087359921 0.922959968734
4.6 0.013008 262.470838452 0.880973170231
4.6 0.01355 254.227827627 0.844104174751
4.6 0.014092 247.794313756 0.808801578685
4.6 0.014634 240.829298118 0.770530596578
4.6 0.015176 235.957527962 0.741605170411
4.6 0.015718 230.518322082 0.718375346255
4.6 0.01626 225.08443554 0.689014660036
4.6 0.016802 219.775387341 0.663069582005
4.6 0.017344 213.372107141 0.632541730516
4.6 0.017886 208.317641156 0.609764268453
4.6 0.018428 202.856180918 0.586572626761
4.6 0.01897 198.888288642 0.569208290456
4.6 0.019512 193.856630912 0.543714326033
