2.2 0.184924702397 22940.3674144 1.34547024353
2.4 0.231425921518 23500.5848198 1.34273541453
2.6 0.285929695332 23108.2378021 1.33602669268
2.8 0.349252333224 22252.5301753 1.33251095307
3.0 0.422242531447 20688.4049605 1.32755964297
3.2 0.505780851386 19114.19069 1.32321282316
3.4 0.600779232412 17552.5373538 1.31383277633
3.6 0.708180535481 16056.1572277 1.30423015324
3.8 0.828958114192 14777.0341889 1.29440481229
4.0 0.9641154105 13859.1407094 1.28311009672
4.2 1.1146855727 13251.2385933 1.27528831075
4.4 1.28173109358 12795.341489 1.26633932399
4.6 1.46634346696 12118.8146506 1.26042448625
