2.2 0.001084 17.6123296139 0.063351075258
2.2 0.001626 16.8301349283 0.0605925275508
2.2 0.002168 16.6302979784 0.0594837871802
2.2 0.00271 16.3643136362 0.058021938118
2.2 0.003252 15.4643694099 0.0538535106958
2.2 0.003794 14.8999323719 0.0516534046461
2.2 0.004336 14.3886642734 0.0496551994633
2.2 0.004878 13.8133307376 0.0472336739511
2.2 0.00542 13.3909681658 0.0458035831543
2.2 0.005962 12.9068086145 0.044173914124
2.2 0.006504 12.3107948759 0.0419803679645
2.2 0.007046 11.8658157383 0.0404825923847
2.2 0.007588 11.4667642297 0.0390109593812
2.2 0.00813 11.036923196 0.0374895781019
2.2 0.008672 10.7502949062 0.0363970968529
2.2 0.009214 10.2961710779 0.0349795583385
2.2 0.009756 10.0393291062 0.0337134742746
2.2 0.010298 9.68967823677 0.0327922795516
2.2 0.01084 9.39727793929 0.031361400203
2.2 0.011382 9.18996845385 0.0304539182702
2.2 0.011924 8.86857816102 0.0296848934911
2.2 0.012466 8.54569996913 0.0284252252936
2.2 0.013008 8.28734766953 0.0275741025189
2.2 0.01355 7.98775975785 0.0265464242547
2.2 0.014092 7.72631446238 0.025692708422
2.2 0.014634 7.52517987181 0.0249486072002
2.2 0.015176 7.31332767757 0.0242180070371
2.2 0.015718 7.12647687006 0.0235190642223
2.2 0.01626 6.91446559346 0.0226736017593
2.2 0.016802 6.69239166391 0.0218237019655
2.2 0.017344 6.5196148918 0.0212495954493
2.2 0.017886 6.35159976009 0.0207067334186
2.2 0.018428 6.163682385 0.0200171795847
2.2 0.01897 5.98473425089 0.0194341866108
2.2 0.019512 5.81726449583 0.0187570385854
2.4 0.001084 22.953041593 0.0820765120731
2.4 0.001626 21.9692315586 0.0787511949071
2.4 0.002168 21.705957993 0.0773583939627
2.4 0.00271 21.3277508401 0.0750236963799
2.4 0.003252 19.959893725 0.0690248534844
2.4 0.003794 19.5854903967 0.0678154903515
2.4 0.004336 18.705532203 0.063878701517
2.4 0.004878 17.9629409027 0.0606782200357
2.4 0.00542 17.5182591589 0.0591339413303
2.4 0.005962 16.7368453633 0.056541193638
2.4 0.006504 15.9739969497 0.0538197786652
2.4 0.007046 15.5406308796 0.0522879697728
2.4 0.007588 14.9559289859 0.0501892846832
2.4 0.00813 14.479126754 0.048253037571
2.4 0.008672 13.9825319163 0.0466239109994
2.4 0.009214 13.5300728448 0.0448022061396
2.4 0.009756 13.06258755 0.0432505029938
2.4 0.010298 12.6476378786 0.0415857656332
2.4 0.01084 12.3236250344 0.0402269102521
2.4 0.011382 11.9433810383 0.0391497746208
2.4 0.011924 11.5186577144 0.0376090015355
2.4 0.012466 11.1186742672 0.0362204046551
2.4 0.013008 10.7447760978 0.0350591098671
2.4 0.01355 10.3863502842 0.0337864686904
2.4 0.014092 10.1045419699 0.0328182967541
2.4 0.014634 9.85909023757 0.0318664941478
2.4 0.015176 9.55629507906 0.0307965939117
2.4 0.015718 9.27440262936 0.0298075597536
2.4 0.01626 8.979327372 0.0288393207749
2.4 0.016802 8.71831437673 0.0279095840545
2.4 0.017344 8.46776287489 0.0269068447068
2.4 0.017886 8.24342891716 0.0263089157379
2.4 0.018428 8.00241695333 0.0255212936624
2.4 0.01897 7.76832594805 0.0245514458153
2.4 0.019512 7.55575369922 0.0236824477281
2.6 0.001084 29.2815726759 0.103907631346
2.6 0.001626 28.0547545894 0.0995852534345
2.6 0.002168 27.7628826511 0.0977439547669
2.6 0.00271 27.0847720146 0.0940251816259
2.6 0.003252 25.286699316 0.0863325438795
2.6 0.003794 25.165048173 0.0862229463282
2.6 0.004336 23.705067202 0.0798745108913
2.6 0.004878 22.8062975648 0.0764452726825
2.6 0.00542 22.3256969943 0.0747492369563
2.6 0.005962 21.0270029688 0.0703283769819
2.6 0.006504 20.1506176962 0.0671903471966
2.6 0.007046 19.9174315371 0.0666870983781
2.6 0.007588 18.835074719 0.0626543545581
2.6 0.00813 18.3802607505 0.0604030874627
2.6 0.008672 17.626990544 0.0583008463806
2.6 0.009214 17.2008042653 0.0557662986113
2.6 0.009756 16.4695913451 0.0543247767916
2.6 0.010298 16.1242079385 0.0516988611443
2.6 0.01084 15.5796884305 0.0504305231803
2.6 0.011382 15.06467964 0.0482335613819
2.6 0.011924 14.5086753543 0.0463909780188
2.6 0.012466 14.0623255975 0.0450762460285
2.6 0.013008 13.6175605284 0.0431932345351
2.6 0.01355 13.2231383243 0.0419160852822
2.6 0.014092 12.8854668664 0.0408983255609
2.6 0.014634 12.4859292831 0.0396822993796
2.6 0.015176 12.0889014401 0.0380609521095
2.6 0.015718 11.7107300714 0.0368919190841
2.6 0.01626 11.4077772707 0.0356728544696
2.6 0.016802 11.0704560006 0.0344147023086
2.6 0.017344 10.8273354056 0.0336522498499
2.6 0.017886 10.5074424575 0.0325052604023
2.6 0.018428 10.0812449664 0.0312218075723
2.6 0.01897 9.86236607098 0.0303092754847
2.6 0.019512 9.63525293462 0.0296793627613
2.8 0.001084 36.653918548 0.129689849055
2.8 0.001626 35.078011597 0.123960799168
2.8 0.002168 34.6160013252 0.121842175229
2.8 0.00271 33.4709476955 0.115232874289
2.8 0.003252 31.4460553515 0.106770124389
2.8 0.003794 31.1139197949 0.105856285262
2.8 0.004336 29.3300474354 0.0985970122265
2.8 0.004878 28.3266778335 0.0947576033144
2.8 0.00542 27.4095678224 0.0913720621459
2.8 0.005962 25.9454339664 0.0860968257023
2.8 0.006504 25.1104727391 0.0833090890334
2.8 0.007046 24.5534120989 0.0815035567954
2.8 0.007588 23.3752435059 0.0768606812289
2.8 0.00813 22.6744307899 0.0741381275405
2.8 0.008672 21.9078170657 0.0711921573953
2.8 0.009214 21.1858482484 0.0683897259176
2.8 0.009756 20.5248790149 0.0660886729833
2.8 0.010298 19.9625053245 0.0636286946738
2.8 0.01084 19.2146789866 0.0611859785801
2.8 0.011382 18.5506902318 0.0585996861812
2.8 0.011924 17.9909695006 0.0567911829114
2.8 0.012466 17.4513068677 0.0547153376167
2.8 0.013008 16.8849885622 0.0527110343129
2.8 0.01355 16.3797006621 0.0510695078608
2.8 0.014092 15.9466195596 0.04981604161
2.8 0.014634 15.4285782918 0.0478579662856
2.8 0.015176 14.969016769 0.0463484955506
2.8 0.015718 14.5734356135 0.0448482593884
2.8 0.01626 14.159203222 0.0433819167122
2.8 0.016802 13.8621610294 0.0422512679039
2.8 0.017344 13.4882620037 0.040862189894
2.8 0.017886 12.9541924251 0.0392451607094
2.8 0.018428 12.6698938007 0.0381528059505
2.8 0.01897 12.3428986427 0.0373888059617
2.8 0.019512 12.0377961868 0.0360857098498
3.0 0.001084 44.8248123563 0.159363362719
3.0 0.001626 42.8877291248 0.151859823834
3.0 0.002168 42.0213149864 0.148651965424
3.0 0.00271 40.3694844833 0.138849976609
3.0 0.003252 38.3900250201 0.130959587197
3.0 0.003794 37.5713341357 0.127959664377
3.0 0.004336 35.5607995059 0.120008286617
3.0 0.004878 34.3816687814 0.115350882679
3.0 0.00542 32.9675594718 0.110015505146
3.0 0.005962 31.3156916786 0.103707719154
3.0 0.006504 30.6838736972 0.101438183139
3.0 0.007046 29.5799115767 0.0973431616004
3.0 0.007588 28.4825256639 0.092817853424
3.0 0.00813 27.4949591036 0.089206843951
3.0 0.008672 26.6542288152 0.0854246425657
3.0 0.009214 25.5231836473 0.0821195106231
3.0 0.009756 24.9972582572 0.0792921949582
3.0 0.010298 24.0501026015 0.076505053195
3.0 0.01084 23.1435527751 0.0726099774708
3.0 0.011382 22.5502398415 0.0706062607389
3.0 0.011924 21.9392161805 0.0685867568742
3.0 0.012466 21.2826261312 0.0655708570941
3.0 0.013008 20.6142096191 0.0635722817079
3.0 0.01355 19.9612431518 0.0613225522121
3.0 0.014092 19.3695113683 0.0594793789422
3.0 0.014634 18.7456929362 0.0574056341252
3.0 0.015176 18.255109212 0.0556280989345
3.0 0.015718 17.760764288 0.053893685943
3.0 0.01626 17.343930428 0.0523886795031
3.0 0.016802 16.906119247 0.0504886091005
3.0 0.017344 16.3666893514 0.0488489726221
3.0 0.017886 15.9054653813 0.04726693088
3.0 0.018428 15.4688596078 0.0458908953552
3.0 0.01897 15.1287841523 0.0447309756035
3.0 0.019512 14.7146772614 0.0430188640342
3.2 0.001084 54.1814397258 0.194342140371
3.2 0.001626 51.8493475702 0.186163201453
3.2 0.002168 50.3964949908 0.180082521027
3.2 0.00271 48.1687082745 0.167299527622
3.2 0.003252 46.2193341226 0.159516270435
3.2 0.003794 44.6945349425 0.153843841035
3.2 0.004336 42.4778282667 0.145039737027
3.2 0.004878 41.0324006323 0.13870492532
3.2 0.00542 39.1400569699 0.131482656242
3.2 0.005962 37.2651081965 0.123701244193
3.2 0.006504 36.9781747071 0.122319097788
3.2 0.007046 35.0162327989 0.115416208063
3.2 0.007588 34.0551365398 0.110908468932
3.2 0.00813 32.7379073646 0.106648263762
3.2 0.008672 31.772855246 0.102169817776
3.2 0.009214 30.4897946081 0.0979533277481
3.2 0.009756 29.7254176713 0.0947011861363
3.2 0.010298 28.5500104554 0.0905670574632
3.2 0.01084 27.6442910556 0.0867003131144
3.2 0.011382 26.9770127262 0.0843233674464
3.2 0.011924 26.2905648851 0.0811635157778
3.2 0.012466 25.5604465561 0.0785193999899
3.2 0.013008 24.6536701755 0.0752968927143
3.2 0.01355 23.9471234126 0.0731528474476
3.2 0.014092 23.0763975227 0.0706077787802
3.2 0.014634 22.4842993189 0.0682877389654
3.2 0.015176 21.874647688 0.0661048174922
3.2 0.015718 21.3248226162 0.0643219464226
3.2 0.01626 20.8446652348 0.0620077862667
3.2 0.016802 20.2613777073 0.0600532787105
3.2 0.017344 19.6559930916 0.0583039670357
3.2 0.017886 19.144557139 0.056049881576
3.2 0.018428 18.68476127 0.0544929459037
3.2 0.01897 18.2608087802 0.0530758731675
3.2 0.019512 17.894683814 0.0514449150514
3.4 0.001084 64.9660020615 0.236424231563
3.4 0.001626 62.0499496234 0.226668756805
3.4 0.002168 59.9198375036 0.216989617313
3.4 0.00271 57.1003458815 0.201290006866
3.4 0.003252 55.2126397944 0.193248040053
3.4 0.003794 52.9228684866 0.1842270048
3.4 0.004336 50.545813967 0.174418225956
3.4 0.004878 48.6731528565 0.165792368395
3.4 0.00542 46.2413315693 0.156690786169
3.4 0.005962 44.2256000333 0.148183364124
3.4 0.006504 43.813541756 0.146233347608
3.4 0.007046 41.512640189 0.137553092998
3.4 0.007588 40.2697667009 0.132233515087
3.4 0.00813 38.8826542072 0.127316129788
3.4 0.008672 37.5464776336 0.121698104348
3.4 0.009214 36.2689685586 0.116520724291
3.4 0.009756 35.1741673478 0.112749226384
3.4 0.010298 33.6796047055 0.106562782458
3.4 0.01084 32.9513157164 0.103136979209
3.4 0.011382 32.0632007372 0.100027326321
3.4 0.011924 31.3776658001 0.096640479
3.4 0.012466 30.3830143625 0.0935722335657
3.4 0.013008 29.3241589846 0.0892985664682
3.4 0.01355 28.4014000971 0.0867669727156
3.4 0.014092 27.5794527002 0.0836723101154
3.4 0.014634 26.9168423685 0.0811160422986
3.4 0.015176 26.1834387811 0.0786305729597
3.4 0.015718 25.5563596043 0.0758505854482
3.4 0.01626 24.9128950066 0.0737469303309
3.4 0.016802 24.0941422648 0.071602856846
3.4 0.017344 23.5845859164 0.0690527059104
3.4 0.017886 22.8564222369 0.0660797083165
3.4 0.018428 22.447154453 0.065065733413
3.4 0.01897 21.875835386 0.0628373906315
3.4 0.019512 21.3341091233 0.0608056174902
3.6 0.001084 77.8449300427 0.28783114373
3.6 0.001626 74.1377432977 0.275418227639
3.6 0.002168 71.1831568249 0.261145980189
3.6 0.00271 67.6999339281 0.242231093361
3.6 0.003252 65.7696069614 0.233586529153
3.6 0.003794 62.5835451345 0.220922296214
3.6 0.004336 60.0934951135 0.209880978044
3.6 0.004878 57.6263868753 0.198770309
3.6 0.00542 54.7052011091 0.187443292907
3.6 0.005962 52.8428368581 0.179456642669
3.6 0.006504 51.4227190977 0.173605593772
3.6 0.007046 49.2163448667 0.163880494736
3.6 0.007588 47.5846552728 0.158015664422
3.6 0.00813 46.1974378217 0.152552029011
3.6 0.008672 44.3966919753 0.1449317076
3.6 0.009214 42.8842117415 0.138713799489
3.6 0.009756 41.6241489395 0.134023597933
3.6 0.010298 39.931222444 0.126760142462
3.6 0.01084 39.0782272154 0.122767640213
3.6 0.011382 38.1389549075 0.118917522943
3.6 0.011924 37.1839632433 0.115532135747
3.6 0.012466 35.946030895 0.110133600869
3.6 0.013008 34.7580466584 0.106248052993
3.6 0.01355 33.6879900298 0.102661915898
3.6 0.014092 32.9657254019 0.0996520905643
3.6 0.014634 32.05396016 0.0964778376307
3.6 0.015176 31.1483061941 0.0930894427799
3.6 0.015718 30.3544266183 0.0902279913484
3.6 0.01626 29.5275332727 0.0876779284881
3.6 0.016802 28.7625586264 0.0845392223677
3.6 0.017344 27.9082293674 0.0807387535364
3.6 0.017886 27.4337619442 0.0794902290983
3.6 0.018428 26.6800989744 0.0765291563733
3.6 0.01897 26.0031796921 0.0741665309907
3.6 0.019512 25.4413547022 0.0716872965322
3.8 0.001084 92.9248975021 0.351097926848
3.8 0.001626 88.191019095 0.335106585298
3.8 0.002168 84.339104679 0.315175283312
3.8 0.00271 80.2773213308 0.291831439943
3.8 0.003252 78.4189236496 0.28321186867
3.8 0.003794 74.2008021527 0.265609971569
3.8 0.004336 71.5456380771 0.253473443585
3.8 0.004878 68.2557542741 0.239200095127
3.8 0.00542 64.8000092983 0.225420172262
3.8 0.005962 63.0088155407 0.217441907163
3.8 0.006504 60.4668800676 0.206527259003
3.8 0.007046 58.4918648877 0.196442035667
3.8 0.007588 56.3967423265 0.190003061875
3.8 0.00813 54.961568883 0.183163724902
3.8 0.008672 52.7702258139 0.173516405114
3.8 0.009214 50.9816293008 0.16646421469
3.8 0.009756 49.0874639 0.159040008107
3.8 0.010298 47.650043857 0.151871635361
3.8 0.01084 46.369922221 0.146544472976
3.8 0.011382 45.297903773 0.142630115181
3.8 0.011924 44.111800822 0.137679110492
3.8 0.012466 42.6836367484 0.131302815857
3.8 0.013008 41.2923702236 0.126613031234
3.8 0.01355 40.2704781403 0.122950001339
3.8 0.014092 39.21882212 0.118867744869
3.8 0.014634 38.0166082834 0.114321194982
3.8 0.015176 36.9344285224 0.109871934363
3.8 0.015718 36.1082246232 0.107865295525
3.8 0.01626 35.1598810947 0.103783160528
3.8 0.016802 34.2118600835 0.0997132346687
3.8 0.017344 33.4244620491 0.0970353158272
3.8 0.017886 32.6030418387 0.0941143300226
3.8 0.018428 31.7166527464 0.0908672313895
3.8 0.01897 31.097008989 0.0879803623006
3.8 0.019512 30.3172512785 0.0844673253387
4.0 0.001084 111.856253596 0.428628372728
4.0 0.001626 105.908853565 0.408031151158
4.0 0.002168 101.021756456 0.382096938553
4.0 0.00271 95.9871938478 0.353126097152
4.0 0.003252 93.9550278059 0.344342168204
4.0 0.003794 88.805573591 0.322227495825
4.0 0.004336 85.4481284142 0.306927287868
4.0 0.004878 81.1357239521 0.288989435934
4.0 0.00542 77.2069329824 0.272609765951
4.0 0.005962 75.2652782467 0.264562728456
4.0 0.006504 71.4842186436 0.246812378281
4.0 0.007046 69.6526617786 0.2378606146
4.0 0.007588 67.3838502944 0.229687220154
4.0 0.00813 65.4487694304 0.219913194646
4.0 0.008672 62.8163295955 0.208847096088
4.0 0.009214 61.0447531006 0.201302063447
4.0 0.009756 58.085442756 0.190201825659
4.0 0.010298 57.0806939511 0.182538769965
4.0 0.01084 55.3646554961 0.176807368662
4.0 0.011382 54.1040991645 0.171637091615
4.0 0.011924 52.6690795892 0.164457606635
4.0 0.012466 50.7202574654 0.157523984751
4.0 0.013008 49.3823639603 0.151816341591
4.0 0.01355 48.1871884395 0.148124362907
4.0 0.014092 46.8152833691 0.141916479921
4.0 0.014634 45.4010307579 0.136325885273
4.0 0.015176 44.2935698676 0.132815787678
4.0 0.015718 43.2373354561 0.128782671917
4.0 0.01626 42.0368980959 0.123598033855
4.0 0.016802 40.8709881053 0.119478734688
4.0 0.017344 39.9883010526 0.116552212211
4.0 0.017886 38.9161075225 0.112099411367
4.0 0.018428 38.0949756084 0.108407419086
4.0 0.01897 37.2685726573 0.10440567323
4.0 0.019512 36.3805733864 0.101071571887
4.2 0.001084 133.567954681 0.526393366037
4.2 0.001626 126.095581527 0.49858762437
4.2 0.002168 120.181149534 0.465432688392
4.2 0.00271 114.290430585 0.429875517927
4.2 0.003252 111.794516841 0.417665374321
4.2 0.003794 106.111227143 0.392213408246
4.2 0.004336 102.007414955 0.372752430995
4.2 0.004878 96.5577438583 0.350431413536
4.2 0.00542 92.238287328 0.331087924046
4.2 0.005962 89.697463723 0.3211662838
4.2 0.006504 85.409636983 0.299580767694
4.2 0.007046 83.0136763522 0.288866137438
4.2 0.007588 80.6453012652 0.278033242229
4.2 0.00813 78.1278541392 0.265805033146
4.2 0.008672 74.7484133427 0.25222382986
4.2 0.009214 72.8186467342 0.243901506817
4.2 0.009756 69.6880782097 0.230041914774
4.2 0.010298 68.0515440644 0.221312064201
4.2 0.01084 66.210685624 0.214878561928
4.2 0.011382 64.7719521596 0.207368826374
4.2 0.011924 63.0067196449 0.198373491661
4.2 0.012466 60.638496548 0.19023902652
4.2 0.013008 59.2951488322 0.184185490963
4.2 0.01355 57.6927682766 0.177645500791
4.2 0.014092 55.9576023573 0.169748409567
4.2 0.014634 54.3636247283 0.165038359572
4.2 0.015176 53.1375358949 0.160580467409
4.2 0.015718 51.6948336815 0.154330740861
4.2 0.01626 50.2824247645 0.148571719397
4.2 0.016802 49.1835786566 0.144688218098
4.2 0.017344 47.817022288 0.138361382784
4.2 0.017886 46.9174686445 0.13480115774
4.2 0.018428 45.8896149583 0.129530441119
4.2 0.01897 44.8133805039 0.125258098572
4.2 0.019512 43.6023450916 0.121344299966
4.4 0.001084 160.261011246 0.647031312753
4.4 0.001626 151.043072681 0.609725762529
4.4 0.002168 143.928008106 0.56908053139
4.4 0.00271 136.933578175 0.526024267309
4.4 0.003252 133.540010248 0.50900510018
4.4 0.003794 127.16638385 0.479414103476
4.4 0.004336 121.884125772 0.453835215768
4.4 0.004878 115.056366464 0.425700088277
4.4 0.00542 110.552138554 0.404389184358
4.4 0.005962 106.792076194 0.388408917984
4.4 0.006504 102.431067148 0.365796579989
4.4 0.007046 99.2137808286 0.350790487786
4.4 0.007588 96.8221136801 0.338206137952
4.4 0.00813 93.4423181807 0.322855901694
4.4 0.008672 89.8407371813 0.30763788208
4.4 0.009214 86.6279187646 0.294559856885
4.4 0.009756 83.8475121798 0.278708818645
4.4 0.010298 81.5662998421 0.270746193471
4.4 0.01084 79.3916702975 0.260792652576
4.4 0.011382 77.8015491446 0.251460876901
4.4 0.011924 75.2556286714 0.240482284484
4.4 0.012466 73.1892432207 0.230216857355
4.4 0.013008 71.3990464716 0.223878532408
4.4 0.01355 69.2248541597 0.213827041111
4.4 0.014092 67.2297133809 0.206338079963
4.4 0.014634 65.4910747399 0.200901734083
4.4 0.015176 63.7419323756 0.193400641812
4.4 0.015718 62.0166965439 0.186017204416
4.4 0.01626 60.5779127391 0.180287044265
4.4 0.016802 59.0179854323 0.17328845253
4.4 0.017344 57.789231164 0.167734783365
4.4 0.017886 56.4604647657 0.160896527585
4.4 0.018428 55.421387707 0.156410745551
4.4 0.01897 53.8821886228 0.150370986742
4.4 0.019512 52.3197099847 0.145172047739
4.6 0.001084 191.416127591 0.794022769877
4.6 0.001626 180.295307002 0.745268807784
4.6 0.002168 171.995146589 0.696424387479
4.6 0.00271 164.223103389 0.646270307896
4.6 0.003252 159.38249572 0.621489435575
4.6 0.003794 152.48012909 0.587552338638
4.6 0.004336 145.40394692 0.553214790949
4.6 0.004878 137.026750123 0.516966869671
4.6 0.00542 132.421333569 0.495559112669
4.6 0.005962 127.138681955 0.470376414889
4.6 0.006504 122.897244198 0.446498292876
4.6 0.007046 118.866543673 0.427201977911
4.6 0.007588 116.051744726 0.411428584731
4.6 0.00813 111.6886531 0.391469864132
4.6 0.008672 108.143818574 0.377150620263
4.6 0.009214 103.276186224 0.355770696223
4.6 0.009756 100.770944724 0.339411942789
4.6 0.010298 97.8923877804 0.329810147354
4.6 0.01084 95.4742741326 0.316977165342
4.6 0.011382 93.6989087348 0.305171412192
4.6 0.011924 90.0809626264 0.291349055864
4.6 0.012466 88.1802968904 0.28012171569
4.6 0.013008 85.706155003 0.27039078768
4.6 0.01355 83.2068918258 0.258985801392
4.6 0.014092 81.0317887124 0.252457934825
4.6 0.014634 78.7934129492 0.2428350432
4.6 0.015176 76.672907462 0.233900318491
4.6 0.015718 74.9602668542 0.22657001582
4.6 0.01626 73.1158970802 0.218020793686
4.6 0.016802 71.0263298496 0.208186343966
4.6 0.017344 69.8137177522 0.202291606163
4.6 0.017886 68.3320835522 0.195147973288
4.6 0.018428 66.7534468487 0.187887947636
4.6 0.01897 64.6881416999 0.180736775612
4.6 0.019512 63.079138139 0.174793461977
