2.2 0.001084 17.6365494911 0.0631993592701
2.2 0.001626 16.6985172203 0.0598694984617
2.2 0.002168 16.2218028532 0.0579727470418
2.2 0.00271 15.9488350065 0.0565439304893
2.2 0.003252 15.3668343032 0.0537772857509
2.2 0.003794 14.5384144253 0.0502290124853
2.2 0.004336 14.1545202132 0.0488678081432
2.2 0.004878 13.6243293657 0.0466461548414
2.2 0.00542 13.1231268441 0.0444908808123
2.2 0.005962 12.7150609373 0.0433300104903
2.2 0.006504 12.2054052368 0.0414614617059
2.2 0.007046 11.6872636264 0.0396106450785
2.2 0.007588 11.2486605517 0.0381756769417
2.2 0.00813 10.8601128008 0.0369210006327
2.2 0.008672 10.4956896292 0.0356664455112
2.2 0.009214 10.2598125634 0.0346091865412
2.2 0.009756 9.82112340851 0.0331634375792
2.2 0.010298 9.59393305792 0.0321108371464
2.2 0.01084 9.26718667197 0.0310628189563
2.2 0.011382 8.96534186697 0.0299234142986
2.2 0.011924 8.71432583714 0.0288956895041
2.2 0.012466 8.47200358753 0.0281020147936
2.2 0.013008 8.19112638256 0.0272878607704
2.2 0.01355 7.89717389559 0.0262434124101
2.2 0.014092 7.69825080566 0.0255133411726
2.2 0.014634 7.42491809004 0.0246541202049
2.2 0.015176 7.22063346036 0.0240782827814
2.2 0.015718 7.01329229301 0.0231574255693
2.2 0.01626 6.82698627367 0.0224118081551
2.2 0.016802 6.67231501101 0.02187195273
2.2 0.017344 6.49095393946 0.0212289433308
2.2 0.017886 6.28147677141 0.0204418677358
2.2 0.018428 6.11074695797 0.0198164635501
2.2 0.01897 5.93051047471 0.0193090572678
2.2 0.019512 5.76432224869 0.0186121863891
2.4 0.001084 23.016426232 0.0815746955503
2.4 0.001626 21.739376104 0.0775651767492
2.4 0.002168 21.1903037632 0.0751940306183
2.4 0.00271 20.7914330551 0.0728408300508
2.4 0.003252 19.8508410944 0.0686334337544
2.4 0.003794 18.8843614753 0.0647594941173
2.4 0.004336 18.3853271892 0.0628610541156
2.4 0.004878 17.6233025151 0.0597667553838
2.4 0.00542 17.0030050425 0.0571846271138
2.4 0.005962 16.5477543572 0.0558829500565
2.4 0.006504 15.7733192321 0.0531374802557
2.4 0.007046 15.1418351616 0.0509117394385
2.4 0.007588 14.6897627822 0.0492704713715
2.4 0.00813 14.1493816772 0.0473123918309
2.4 0.008672 13.7617823508 0.0457690245654
2.4 0.009214 13.3146474029 0.044200874807
2.4 0.009756 12.8319898833 0.0424471863617
2.4 0.010298 12.47023837 0.0409862071363
2.4 0.01084 12.0266218896 0.039601462288
2.4 0.011382 11.7102492083 0.0380693236852
2.4 0.011924 11.3996108639 0.0371768957573
2.4 0.012466 11.0301868971 0.0361593490092
2.4 0.013008 10.6538244008 0.0347344225604
2.4 0.01355 10.317551936 0.0335306045216
2.4 0.014092 9.99876047199 0.0323464785514
2.4 0.014634 9.66928640033 0.0313331311252
2.4 0.015176 9.40486766909 0.0304259612119
2.4 0.015718 9.1743307634 0.0295635725458
2.4 0.01626 8.91597061862 0.0286936572902
2.4 0.016802 8.66572568479 0.0277323555353
2.4 0.017344 8.38957390727 0.0268609563041
2.4 0.017886 8.14249756245 0.0259806460555
2.4 0.018428 7.93633851977 0.0251723148568
2.4 0.01897 7.7091393116 0.0243506966253
2.4 0.019512 7.50410772189 0.0237424329639
2.6 0.001084 29.4283755392 0.103043510091
2.6 0.001626 27.7584879448 0.0978008407139
2.6 0.002168 27.0810983725 0.09495546455
2.6 0.00271 26.4526522032 0.0915754690262
2.6 0.003252 25.1051048591 0.0857171238308
2.6 0.003794 24.1755736955 0.0821647822796
2.6 0.004336 23.3976388766 0.0790832363261
2.6 0.004878 22.3264452973 0.0746125717998
2.6 0.00542 21.5744412409 0.0717877779401
2.6 0.005962 20.8830804886 0.0694377039261
2.6 0.006504 19.8754756709 0.0658809282704
2.6 0.007046 19.0743807622 0.063176301536
2.6 0.007588 18.6921184232 0.0619685616633
2.6 0.00813 17.8575208057 0.0588196110324
2.6 0.008672 17.4749643983 0.0570945604986
2.6 0.009214 16.7691860764 0.0548921907894
2.6 0.009756 16.3129099078 0.05266664438
2.6 0.010298 15.6980882977 0.0510290189522
2.6 0.01084 15.2521874468 0.0490497708291
2.6 0.011382 14.8406024392 0.0476102742745
2.6 0.011924 14.3755348 0.0461915082556
2.6 0.012466 13.8912025806 0.0444757495099
2.6 0.013008 13.4296044021 0.0428767368589
2.6 0.01355 13.0193547702 0.0413659828481
2.6 0.014092 12.6251385782 0.0399729755322
2.6 0.014634 12.2469575376 0.0389802100752
2.6 0.015176 11.9639992799 0.0378741328726
2.6 0.015718 11.6471848661 0.0367310250417
2.6 0.01626 11.2731480024 0.0353537755906
2.6 0.016802 10.9112312299 0.0342581262318
2.6 0.017344 10.6503270579 0.0333241865953
2.6 0.017886 10.3659365087 0.0319897178278
2.6 0.018428 10.0841400256 0.0311912261377
2.6 0.01897 9.81381124533 0.0303288863143
2.6 0.019512 9.50407439822 0.0292898335423
2.8 0.001084 36.6844952918 0.127964027008
2.8 0.001626 34.6076756375 0.121190990635
2.8 0.002168 33.7560183572 0.117644136266
2.8 0.00271 32.7779572155 0.112566249563
2.8 0.003252 30.9100850878 0.104761567156
2.8 0.003794 30.121569074 0.101843668443
2.8 0.004336 28.8830849322 0.096909299704
2.8 0.004878 27.5474221271 0.0915432267296
2.8 0.00542 26.7079186111 0.0884455719507
2.8 0.005962 25.638796792 0.0847236896783
2.8 0.006504 24.3819472419 0.0802998128377
2.8 0.007046 23.6958404021 0.0780452770535
2.8 0.007588 23.0786184815 0.0760123012851
2.8 0.00813 22.0808228744 0.0721083878769
2.8 0.008672 21.4701509813 0.0695629932933
2.8 0.009214 20.6813686893 0.0669344113874
2.8 0.009756 20.1173625625 0.0642752514475
2.8 0.010298 19.2979045196 0.0623026111249
2.8 0.01084 18.9230522284 0.0598283665073
2.8 0.011382 18.2618365708 0.0582250187604
2.8 0.011924 17.6826561364 0.0556491445754
2.8 0.012466 17.0616848164 0.0535780978137
2.8 0.013008 16.5523141516 0.0521092242912
2.8 0.01355 16.0814465248 0.0500068723083
2.8 0.014092 15.5980981296 0.0485362021233
2.8 0.014634 15.1916576356 0.0471252863525
2.8 0.015176 14.7899563627 0.0459225175384
2.8 0.015718 14.3386325917 0.0441764044221
2.8 0.01626 13.9079536293 0.0427298831532
2.8 0.016802 13.5703320954 0.0415772696848
2.8 0.017344 13.2292520324 0.0402549236143
2.8 0.017886 12.8921419254 0.0391013985806
2.8 0.018428 12.5709789166 0.0379837890246
2.8 0.01897 12.1686758093 0.0365977061303
2.8 0.019512 11.783281335 0.0354282691945
3.0 0.001084 44.7165092864 0.156502567604
3.0 0.001626 42.179393395 0.147728108178
3.0 0.002168 41.0682193191 0.144071450555
3.0 0.00271 39.7694751104 0.136547742876
3.0 0.003252 37.2351964018 0.125926245305
3.0 0.003794 36.6538362628 0.123809808032
3.0 0.004336 34.7696776336 0.116849418827
3.0 0.004878 33.297181999 0.110931689096
3.0 0.00542 32.2959014126 0.107346302733
3.0 0.005962 30.7563881118 0.101505185359
3.0 0.006504 29.3280957152 0.0960932094593
3.0 0.007046 28.8730310641 0.0949756850946
3.0 0.007588 27.7086369334 0.0906796391421
3.0 0.00813 26.7974440942 0.0868053119542
3.0 0.008672 25.9068480189 0.083689607357
3.0 0.009214 25.1303899062 0.080196106105
3.0 0.009756 24.2001129894 0.0772080995094
3.0 0.010298 23.5012001331 0.0745620048567
3.0 0.01084 22.8532667774 0.0720179682038
3.0 0.011382 22.0460074926 0.0691755590244
3.0 0.011924 21.3607885064 0.0664716762426
3.0 0.012466 20.759289405 0.0645573991274
3.0 0.013008 20.1785184953 0.0624017268627
3.0 0.01355 19.5803201353 0.0600555574479
3.0 0.014092 18.9721715181 0.0581122519901
3.0 0.014634 18.4413993616 0.0563508429871
3.0 0.015176 17.938581204 0.0548135372732
3.0 0.015718 17.368143254 0.0527745184352
3.0 0.01626 16.8957396652 0.0512898047076
3.0 0.016802 16.4863220975 0.0496609646133
3.0 0.017344 16.0786170763 0.0483837911716
3.0 0.017886 15.7344776734 0.0469413767677
3.0 0.018428 15.261064849 0.0452385416037
3.0 0.01897 14.7605640973 0.0438231821312
3.0 0.019512 14.4899959013 0.0427528309168
3.2 0.001084 53.8768735924 0.190510402882
3.2 0.001626 50.7907295433 0.179360504995
3.2 0.002168 49.2715364572 0.17505767012
3.2 0.00271 47.4947080295 0.163702748562
3.2 0.003252 44.2658393668 0.150959941631
3.2 0.003794 43.9497406246 0.149644800619
3.2 0.004336 41.2529965431 0.139969941121
3.2 0.004878 39.7535945023 0.133696513843
3.2 0.00542 38.4934282498 0.128727516082
3.2 0.005962 36.4853476615 0.121108881474
3.2 0.006504 34.8695554275 0.114042359882
3.2 0.007046 34.7289545439 0.114413217709
3.2 0.007588 32.7910632159 0.107091189822
3.2 0.00813 32.0159036745 0.103564604845
3.2 0.008672 30.7113149609 0.0991042610348
3.2 0.009214 30.0272626295 0.0955037784806
3.2 0.009756 28.5872911565 0.0915874290149
3.2 0.010298 28.1113540828 0.0886796544374
3.2 0.01084 27.0423216775 0.0854126209289
3.2 0.011382 26.1178004464 0.0815938439761
3.2 0.011924 25.5253579529 0.0793676023992
3.2 0.012466 24.8024279225 0.0770201099333
3.2 0.013008 24.1754824751 0.0736824771365
3.2 0.01355 23.4300520988 0.0715563597496
3.2 0.014092 22.624513215 0.0688794976075
3.2 0.014634 22.1051454936 0.0672129485196
3.2 0.015176 21.3693648628 0.0646681679585
3.2 0.015718 20.7892831245 0.0631731182359
3.2 0.01626 20.2336293462 0.0608042161596
3.2 0.016802 19.7228028149 0.0592619571768
3.2 0.017344 19.3582657023 0.0574492008468
3.2 0.017886 18.8658646718 0.055532859015
3.2 0.018428 18.2077791106 0.053727563255
3.2 0.01897 17.863191545 0.0521143909354
3.2 0.019512 17.3890441063 0.0509268459385
3.4 0.001084 64.666454068 0.231428192721
3.4 0.001626 60.9224482436 0.218429361574
3.4 0.002168 58.6918479508 0.211222826662
3.4 0.00271 56.309251675 0.196198442759
3.4 0.003252 52.9520595988 0.182830235131
3.4 0.003794 52.1199897091 0.179557657302
3.4 0.004336 49.0125281056 0.168116419445
3.4 0.004878 47.3055925558 0.160735346553
3.4 0.00542 45.4214809623 0.152807231761
3.4 0.005962 43.1671826892 0.144346077086
3.4 0.006504 41.6119111244 0.137487470437
3.4 0.007046 40.8853390375 0.135162763723
3.4 0.007588 38.938901375 0.127786196919
3.4 0.00813 37.8250017885 0.123050119546
3.4 0.008672 36.4722835658 0.117963547813
3.4 0.009214 35.4147355829 0.113631285764
3.4 0.009756 34.0900194673 0.108794231662
3.4 0.010298 33.1991187243 0.105195065707
3.4 0.01084 31.9682861352 0.100743775307
3.4 0.011382 31.0292754903 0.0967552567981
3.4 0.011924 30.3386621124 0.0942481121337
3.4 0.012466 29.5630353437 0.0909065319919
3.4 0.013008 28.7829356922 0.0876641052673
3.4 0.01355 27.8347912559 0.0845530221794
3.4 0.014092 27.0298936389 0.0818834279385
3.4 0.014634 26.2197794505 0.079368927263
3.4 0.015176 25.4396129846 0.076751092869
3.4 0.015718 24.8201933071 0.0745729559268
3.4 0.01626 24.1944928178 0.0723910229267
3.4 0.016802 23.6693592034 0.0701126854935
3.4 0.017344 23.1220507492 0.0679348561541
3.4 0.017886 22.3966639459 0.0656981112064
3.4 0.018428 21.867291312 0.0637137818357
3.4 0.01897 21.2895889691 0.0615148035831
3.4 0.019512 20.8439155656 0.0602871446185
3.6 0.001084 77.6071458542 0.281410183748
3.6 0.001626 73.0163048821 0.265777636064
3.6 0.002168 69.8574433346 0.254030742893
3.6 0.00271 66.7229115395 0.235529107865
3.6 0.003252 63.2983867388 0.221183891101
3.6 0.003794 61.671038826 0.215015864123
3.6 0.004336 58.2978153848 0.2019584978
3.6 0.004878 56.1513346921 0.192501597586
3.6 0.00542 53.6470084672 0.182150819189
3.6 0.005962 51.0540518102 0.171965341984
3.6 0.006504 49.6716062194 0.166144739791
3.6 0.007046 48.0612500952 0.160013942662
3.6 0.007588 46.2020627144 0.15207004849
3.6 0.00813 44.6166016782 0.146203513454
3.6 0.008672 43.387312098 0.14136849122
3.6 0.009214 41.7993599449 0.134774005889
3.6 0.009756 40.4910320057 0.129549024332
3.6 0.010298 39.2469957627 0.125181949345
3.6 0.01084 37.6448955318 0.118800153721
3.6 0.011382 36.9254049581 0.115325071674
3.6 0.011924 35.8688874726 0.11157492782
3.6 0.012466 35.1503475432 0.107631149299
3.6 0.013008 34.1027526185 0.105016659522
3.6 0.01355 32.9604002635 0.099650900885
3.6 0.014092 32.0313480531 0.0972768755939
3.6 0.014634 31.0369065155 0.0937604960067
3.6 0.015176 30.3389248385 0.0911096973024
3.6 0.015718 29.5850019841 0.0885047299362
3.6 0.01626 28.8452160361 0.0855798897921
3.6 0.016802 28.1707829452 0.0827590597219
3.6 0.017344 27.3771692595 0.0802663108892
3.6 0.017886 26.6780938244 0.077905139491
3.6 0.018428 26.032724239 0.0752784791201
3.6 0.01897 25.3800295454 0.0729375721279
3.6 0.019512 24.8508245267 0.0713470941644
3.8 0.001084 92.5808951152 0.342251770215
3.8 0.001626 87.0367757361 0.323770685653
3.8 0.002168 82.8182434051 0.306038804916
3.8 0.00271 79.025125081 0.283954989123
3.8 0.003252 75.5552504726 0.268201620803
3.8 0.003794 73.0177644117 0.258114839276
3.8 0.004336 69.4796312984 0.243689703422
3.8 0.004878 66.7473538703 0.231599493529
3.8 0.00542 63.4944831996 0.218650047212
3.8 0.005962 60.4725516393 0.206367148068
3.8 0.006504 59.206310373 0.20112355637
3.8 0.007046 56.5470152527 0.190036882082
3.8 0.007588 54.9627650163 0.181824235372
3.8 0.00813 52.9048921872 0.175240943468
3.8 0.008672 51.8129497907 0.170306610084
3.8 0.009214 49.6507977887 0.160870857045
3.8 0.009756 48.0320565947 0.155022452284
3.8 0.010298 46.5395599752 0.149401031555
3.8 0.01084 44.7138535858 0.14174455208
3.8 0.011382 43.8670065974 0.137387369154
3.8 0.011924 42.6717269331 0.132831435233
3.8 0.012466 41.6984792302 0.129194957226
3.8 0.013008 40.4654914341 0.124253652455
3.8 0.01355 39.1806210387 0.119255558155
3.8 0.014092 38.0004114471 0.115232897213
3.8 0.014634 37.1204620711 0.111910184777
3.8 0.015176 36.2081942443 0.108480886009
3.8 0.015718 35.2702653994 0.105002496928
3.8 0.01626 34.3311504103 0.101083596708
3.8 0.016802 33.50965017 0.0986025250537
3.8 0.017344 32.5908313523 0.0952150657985
3.8 0.017886 31.9483837955 0.0928097425608
3.8 0.018428 30.8789670538 0.0884896834769
3.8 0.01897 30.3751045584 0.0873592869592
3.8 0.019512 29.5667960725 0.084110335031
4.0 0.001084 111.657359932 0.417952832809
4.0 0.001626 104.813627697 0.395195192957
4.0 0.002168 99.3410146302 0.370256856007
4.0 0.00271 94.5715092138 0.343609006219
4.0 0.003252 90.8194870832 0.326275968883
4.0 0.003794 87.1402685864 0.311787521265
4.0 0.004336 83.2955227163 0.295646921949
4.0 0.004878 79.662788538 0.279761042023
4.0 0.00542 75.571532112 0.264144388516
4.0 0.005962 72.0565911784 0.248717436423
4.0 0.006504 70.8182913301 0.244237036957
4.0 0.007046 67.1721698353 0.227456598848
4.0 0.007588 65.6120333796 0.219499483985
4.0 0.00813 63.3665815822 0.212051958223
4.0 0.008672 61.7317541857 0.204281289977
4.0 0.009214 59.2959805845 0.193845008462
4.0 0.009756 57.3597465713 0.186461196748
4.0 0.010298 55.2093998568 0.17813502462
4.0 0.01084 53.6954532382 0.170402782511
4.0 0.011382 52.2208104138 0.164496047003
4.0 0.011924 51.030993354 0.160270949995
4.0 0.012466 49.8074063781 0.155124143759
4.0 0.013008 48.3025586702 0.148045524945
4.0 0.01355 46.7110899986 0.142968492026
4.0 0.014092 45.5158257721 0.138037633018
4.0 0.014634 44.4428754239 0.134316369508
4.0 0.015176 43.2738712363 0.129458345242
4.0 0.015718 42.1007054187 0.124780695416
4.0 0.01626 41.0299013195 0.121128253214
4.0 0.016802 40.070425222 0.117927120018
4.0 0.017344 39.1568149766 0.114097406987
4.0 0.017886 37.9463736187 0.109482419232
4.0 0.018428 37.127115602 0.107323133573
4.0 0.01897 36.2694699316 0.103346807071
4.0 0.019512 35.2691513803 0.0998627168023
4.2 0.001084 133.372964376 0.512057569191
4.2 0.001626 125.063243027 0.483836128708
4.2 0.002168 118.289791902 0.450416603681
4.2 0.00271 112.566694462 0.417829755161
4.2 0.003252 108.63151386 0.398284381233
4.2 0.003794 103.789234046 0.377664908966
4.2 0.004336 99.80052495 0.359947131444
4.2 0.004878 95.11161997 0.338919155138
4.2 0.00542 90.1519842463 0.320417065217
4.2 0.005962 86.514247194 0.303439084245
4.2 0.006504 84.0679053411 0.293570268456
4.2 0.007046 80.4101370787 0.275624193618
4.2 0.007588 78.1674386371 0.2661937157
4.2 0.00813 75.9555728691 0.257274059027
4.2 0.008672 73.7022784398 0.246170299537
4.2 0.009214 70.7089325464 0.233883988002
4.2 0.009756 68.7815809435 0.226124532071
4.2 0.010298 65.5423950571 0.214115999533
4.2 0.01084 64.4612991331 0.20551088543
4.2 0.011382 62.4076935054 0.199115682885
4.2 0.011924 61.1382854329 0.193851665761
4.2 0.012466 59.6448436408 0.18606120699
4.2 0.013008 57.7407006794 0.178578175425
4.2 0.01355 56.0134531654 0.172031005783
4.2 0.014092 54.6767959504 0.167243724073
4.2 0.014634 53.2364001231 0.161245719698
4.2 0.015176 51.8587533406 0.15515347623
4.2 0.015718 50.3386745898 0.149223694086
4.2 0.01626 49.2496278657 0.1465713898
4.2 0.016802 48.070768693 0.141600753911
4.2 0.017344 46.7850779018 0.136421215261
4.2 0.017886 45.4902432657 0.132215192132
4.2 0.018428 44.5507831501 0.128265003192
4.2 0.01897 43.4719364866 0.123693601446
4.2 0.019512 42.5768459531 0.119770184805
4.4 0.001084 160.128861468 0.628235813446
4.4 0.001626 150.002692106 0.592177517788
4.4 0.002168 141.833930395 0.549782167023
4.4 0.00271 134.862621656 0.509952034669
4.4 0.003252 130.601707439 0.487977193478
4.4 0.003794 124.071456211 0.459192993435
4.4 0.004336 120.05303608 0.440162426052
4.4 0.004878 113.76944036 0.412448430556
4.4 0.00542 107.942526525 0.38943398536
4.4 0.005962 104.07840457 0.371755226047
4.4 0.006504 100.144287452 0.354487036746
4.4 0.007046 96.5174932599 0.335897290142
4.4 0.007588 93.5265820966 0.323626951098
4.4 0.00813 91.3782112712 0.312724545586
4.4 0.008672 88.372127716 0.298944739623
4.4 0.009214 84.7153597468 0.283602440991
4.4 0.009756 82.4031976677 0.274824335191
4.4 0.010298 78.9745276551 0.259584305997
4.4 0.01084 77.168461424 0.250026416279
4.4 0.011382 75.0925560196 0.243080434649
4.4 0.011924 73.5184665925 0.234624069877
4.4 0.012466 71.7003034286 0.225214238061
4.4 0.013008 69.0740557616 0.216533806914
4.4 0.01355 67.4674518953 0.208264322643
4.4 0.014092 65.8080908976 0.202452426792
4.4 0.014634 63.9952426111 0.194358578142
4.4 0.015176 62.2403457387 0.187025740514
4.4 0.015718 60.6706433078 0.182263420795
4.4 0.01626 59.2100680391 0.176735174374
4.4 0.016802 57.7770902026 0.170309198461
4.4 0.017344 56.0890032349 0.164314560898
4.4 0.017886 54.8668637622 0.159730086529
4.4 0.018428 53.6425080142 0.153596038106
4.4 0.01897 52.4965077025 0.149075985099
4.4 0.019512 51.3835535747 0.144005802367
4.6 0.001084 191.357093096 0.771190456512
4.6 0.001626 179.149193793 0.724051680285
4.6 0.002168 169.535414542 0.671800637027
4.6 0.00271 161.285688237 0.622844598711
4.6 0.003252 156.802898517 0.598374423826
4.6 0.003794 148.15604064 0.559338442578
4.6 0.004336 143.78959601 0.537335385242
4.6 0.004878 135.760128242 0.501962608686
4.6 0.00542 129.124215493 0.473767996386
4.6 0.005962 124.846616586 0.455063255553
4.6 0.006504 119.396906883 0.429055794628
4.6 0.007046 115.993313097 0.410390013627
4.6 0.007588 112.197848692 0.393661403159
4.6 0.00813 109.859290664 0.380474778494
4.6 0.008672 105.872324928 0.362876025963
4.6 0.009214 102.143731028 0.347279940927
4.6 0.009756 98.3980239583 0.332297013304
4.6 0.010298 95.2429205682 0.315190002423
4.6 0.01084 92.6695538373 0.306019930274
4.6 0.011382 90.2385047638 0.295887138158
4.6 0.011924 88.4502022953 0.284955945954
4.6 0.012466 86.0431141839 0.273751866237
4.6 0.013008 83.2681140818 0.262537161631
4.6 0.01355 81.3502517849 0.253613311537
4.6 0.014092 79.1857324248 0.244743601081
4.6 0.014634 76.9875839668 0.23430023628
4.6 0.015176 74.9932853871 0.228494067099
4.6 0.015718 73.1323139879 0.221560842006
4.6 0.01626 71.384355606 0.213428781403
4.6 0.016802 69.6399807566 0.206426769284
4.6 0.017344 67.8543316852 0.199300262893
4.6 0.017886 66.1874453223 0.191680229053
4.6 0.018428 64.8431890832 0.18620614335
4.6 0.01897 63.2973315946 0.178777914927
4.6 0.019512 62.0468459116 0.17397272841
