2.2 0.001084 38.3017763374 0.131899801076
2.2 0.001626 36.0155222359 0.12459380483
2.2 0.002168 34.7276790444 0.119711979925
2.2 0.00271 33.9147676477 0.115815951843
2.2 0.003252 32.5569231298 0.109831044095
2.2 0.003794 30.7989610511 0.102725509551
2.2 0.004336 29.899259054 0.09966967057
2.2 0.004878 28.5895144062 0.0948407129802
2.2 0.00542 27.3700585887 0.0899037771209
2.2 0.005962 26.4056238379 0.0871987784422
2.2 0.006504 25.2589062794 0.0832330002316
2.2 0.007046 24.0711309424 0.0789750720299
2.2 0.007588 23.0867357903 0.0756100711968
2.2 0.00813 22.2460362966 0.0728299577082
2.2 0.008672 21.43448378 0.0700370579464
2.2 0.009214 20.9384618287 0.0680573106589
2.2 0.009756 19.9432209105 0.064623084711
2.2 0.010298 19.4541591158 0.062672834054
2.2 0.01084 18.671304997 0.0601116602861
2.2 0.011382 18.0541577922 0.0579539359207
2.2 0.011924 17.52872164 0.0560498213701
2.2 0.012466 16.9759706757 0.054202373019
2.2 0.013008 16.3564240258 0.0521679872451
2.2 0.01355 15.7488902359 0.0500315604961
2.2 0.014092 15.3566758381 0.0488053480225
2.2 0.014634 14.765976335 0.0467595189657
2.2 0.015176 14.2853376621 0.0454210852779
2.2 0.015718 13.9052990313 0.0438525670823
2.2 0.01626 13.5563943488 0.0424871549543
2.2 0.016802 13.2279069131 0.0413285721081
2.2 0.017344 12.8379176099 0.0400314619452
2.2 0.017886 12.3999571242 0.0385739258871
2.2 0.018428 12.038816345 0.0373042150593
2.2 0.01897 11.7028783663 0.0361143666534
2.2 0.019512 11.3513287443 0.0350588264181
2.4 0.001084 49.2521679419 0.169203582877
2.4 0.001626 46.2965400964 0.160417985493
2.4 0.002168 44.7396401102 0.154277546533
2.4 0.00271 43.5245880259 0.148110235606
2.4 0.003252 41.4843926295 0.139245806382
2.4 0.003794 39.5308931624 0.13164164362
2.4 0.004336 38.3488350986 0.127403095918
2.4 0.004878 36.5170394119 0.120485003526
2.4 0.00542 35.0302190066 0.114661125097
2.4 0.005962 33.8873612931 0.111472926837
2.4 0.006504 32.1975128775 0.105682982421
2.4 0.007046 30.6797087448 0.0999276825834
2.4 0.007588 29.7131372069 0.0968027088768
2.4 0.00813 28.5532505906 0.0924718826269
2.4 0.008672 27.7137470098 0.0893499402663
2.4 0.009214 26.7277973766 0.0858730887787
2.4 0.009756 25.6991993562 0.0819932772092
2.4 0.010298 24.9351629797 0.0791881670855
2.4 0.01084 23.9038519131 0.0759808821364
2.4 0.011382 23.3067220392 0.0733236831239
2.4 0.011924 22.5437830424 0.0711331431367
2.4 0.012466 21.784679128 0.0686127732292
2.4 0.013008 21.0085244906 0.0655481946172
2.4 0.01355 20.3641033021 0.0634548686525
2.4 0.014092 19.6848375111 0.0610870281359
2.4 0.014634 18.9891388852 0.0589580102315
2.4 0.015176 18.4471630001 0.0570993226865
2.4 0.015718 18.0024249397 0.0553397650776
2.4 0.01626 17.5089362984 0.0536988132061
2.4 0.016802 16.992378697 0.0520782732263
2.4 0.017344 16.4527154038 0.0503411390827
2.4 0.017886 15.9325494418 0.0486238724265
2.4 0.018428 15.5094996062 0.0467774854627
2.4 0.01897 15.0823476553 0.0456100169199
2.4 0.019512 14.6723267706 0.0441176106642
2.6 0.001084 62.1856896909 0.21348523166
2.6 0.001626 58.4090528196 0.202500572476
2.6 0.002168 56.426317831 0.194742656049
2.6 0.00271 54.6668566818 0.185741175008
2.6 0.003252 51.911039869 0.173944372879
2.6 0.003794 49.9842659946 0.166746671002
2.6 0.004336 48.1684911293 0.159894619224
2.6 0.004878 45.7486017958 0.15021461227
2.6 0.00542 43.9666657163 0.143610519643
2.6 0.005962 42.3208525621 0.13856159734
2.6 0.006504 40.1406732178 0.130983576941
2.6 0.007046 38.3358819504 0.123997617795
2.6 0.007588 37.4559082287 0.121848327634
2.6 0.00813 35.6800046517 0.114936861231
2.6 0.008672 34.9109679553 0.111938617837
2.6 0.009214 33.294688052 0.106307861796
2.6 0.009756 32.4252260458 0.102134134035
2.6 0.010298 31.0413921135 0.0981745165571
2.6 0.01084 30.1392962513 0.0943450713681
2.6 0.011382 29.2283353537 0.0913804686169
2.6 0.011924 28.2698568755 0.0882616192827
2.6 0.012466 27.3243692401 0.0845656527045
2.6 0.013008 26.3874392906 0.0812797498547
2.6 0.01355 25.5735749208 0.0785002823084
2.6 0.014092 24.7199129223 0.0755061204013
2.6 0.014634 23.9124300754 0.0730405422618
2.6 0.015176 23.3477678172 0.0708567317082
2.6 0.015718 22.7227137326 0.0687502984686
2.6 0.01626 22.0458895142 0.066621288256
2.6 0.016802 21.3182172835 0.0640589502211
2.6 0.017344 20.7939337356 0.0623022100742
2.6 0.017886 20.1968748367 0.0597509456961
2.6 0.018428 19.6656471813 0.0581972535367
2.6 0.01897 19.1505786264 0.0565915707526
2.6 0.019512 18.473301443 0.0544793992029
2.8 0.001084 77.1598708958 0.267568235654
2.8 0.001626 72.5037293935 0.253401697345
2.8 0.002168 69.9102075403 0.243453141728
2.8 0.00271 67.451724499 0.230184748017
2.8 0.003252 63.817383432 0.214701474893
2.8 0.003794 62.033965265 0.208275523794
2.8 0.004336 59.3065671939 0.197659368399
2.8 0.004878 56.3993430057 0.185886899505
2.8 0.00542 54.2945155591 0.17850852456
2.8 0.005962 51.8507151782 0.170429783317
2.8 0.006504 49.1562128029 0.160327708327
2.8 0.007046 47.514512713 0.15446958269
2.8 0.007588 46.1200624856 0.15020401046
2.8 0.00813 44.1337842172 0.142360674635
2.8 0.008672 42.8538777002 0.13720192966
2.8 0.009214 41.1316677439 0.130912072317
2.8 0.009756 40.0611622369 0.125948349592
2.8 0.010298 38.2314789268 0.120926277199
2.8 0.01084 37.4595651828 0.116606753362
2.8 0.011382 35.9483822244 0.11271533077
2.8 0.011924 34.9458578059 0.107689001728
2.8 0.012466 33.6509623422 0.102807593465
2.8 0.013008 32.7261229067 0.100566615478
2.8 0.01355 31.7628407482 0.0961335203589
2.8 0.014092 30.7008504966 0.0923770588004
2.8 0.014634 29.8164406656 0.0894322410676
2.8 0.015176 29.0025676426 0.0869825071499
2.8 0.015718 28.1894772705 0.0842373393116
2.8 0.01626 27.3007787393 0.0809650600788
2.8 0.016802 26.5695032544 0.0785943401157
2.8 0.017344 25.8593465478 0.0760763880027
2.8 0.017886 25.1942743562 0.0737209336476
2.8 0.018428 24.5781499758 0.0715770070014
2.8 0.01897 23.7655360936 0.0688703069379
2.8 0.019512 22.972716495 0.0663469451254
3.0 0.001084 94.3901799673 0.333175791985
3.0 0.001626 88.7115996328 0.314803638392
3.0 0.002168 85.3511907592 0.302666947933
3.0 0.00271 82.2178762246 0.283886051054
3.0 0.003252 77.4479869545 0.263289980518
3.0 0.003794 75.8844558374 0.258108626044
3.0 0.004336 71.9044724615 0.242599993981
3.0 0.004878 68.7395702341 0.229732986573
3.0 0.00542 66.0762459988 0.221025542353
3.0 0.005962 62.7829073251 0.208574339439
3.0 0.006504 59.6043720308 0.195419535268
3.0 0.007046 58.3061084795 0.191557548124
3.0 0.007588 55.9069650209 0.182428150741
3.0 0.00813 54.060939125 0.174799410165
3.0 0.008672 52.084740194 0.167409861756
3.0 0.009214 50.5814905549 0.160709270195
3.0 0.009756 48.6699205936 0.154280553898
3.0 0.010298 47.0678319026 0.148330484561
3.0 0.01084 45.6021257399 0.142694183894
3.0 0.011382 44.0155858679 0.136693408307
3.0 0.011924 42.7253848783 0.13123258987
3.0 0.012466 41.5206259909 0.127314693677
3.0 0.013008 40.4209249587 0.122970576941
3.0 0.01355 39.1772641657 0.117492205837
3.0 0.014092 37.8256149466 0.113088832569
3.0 0.014634 36.744726565 0.109510534424
3.0 0.015176 35.7561136939 0.106400876856
3.0 0.015718 34.6437603387 0.102634475002
3.0 0.01626 33.5484072858 0.0988228673229
3.0 0.016802 32.6798544473 0.0960097158951
3.0 0.017344 31.8769226279 0.0934520997047
3.0 0.017886 31.1499374761 0.0904097183842
3.0 0.018428 30.2541944403 0.0872217540971
3.0 0.01897 29.1764451917 0.0837404477225
3.0 0.019512 28.5631036969 0.0812956097829
3.2 0.001084 115.016116754 0.415921809612
3.2 0.001626 108.0923913 0.392134710978
3.2 0.002168 103.553944435 0.37629432427
3.2 0.00271 99.6364733967 0.349908441926
3.2 0.003252 93.5725951727 0.325078448295
3.2 0.003794 92.3041350364 0.320679514249
3.2 0.004336 86.7122514369 0.29866655776
3.2 0.004878 83.4433258287 0.285132857549
3.2 0.00542 79.9312671693 0.272447077452
3.2 0.005962 75.8455615734 0.255406897901
3.2 0.006504 72.1065125917 0.239197420043
3.2 0.007046 71.3167950569 0.237776440339
3.2 0.007588 67.5416889059 0.222162383182
3.2 0.00813 66.0406999532 0.215438994376
3.2 0.008672 62.998519473 0.203574396426
3.2 0.009214 61.9449657693 0.198440402921
3.2 0.009756 58.8352989231 0.188311195906
3.2 0.010298 57.4283513488 0.181845124438
3.2 0.01084 55.215123458 0.174511796438
3.2 0.011382 53.4944192119 0.166685109404
3.2 0.011924 52.2110834839 0.161513947541
3.2 0.012466 50.8557613931 0.157057566486
3.2 0.013008 49.7147842003 0.149998918274
3.2 0.01355 47.8251562285 0.143701287575
3.2 0.014092 46.4219582758 0.138905103103
3.2 0.014634 45.1944510699 0.134563319489
3.2 0.015176 43.8177708736 0.130053167433
3.2 0.015718 42.3378953605 0.125564502177
3.2 0.01626 41.086705074 0.121152828414
3.2 0.016802 40.0738603747 0.118535536148
3.2 0.017344 39.2324199898 0.114198204146
3.2 0.017886 38.2580300779 0.110669958833
3.2 0.018428 36.7361416612 0.105862499835
3.2 0.01897 36.012701792 0.102161417768
3.2 0.019512 35.2904369685 0.100335968338
3.4 0.001084 140.32583537 0.520781086006
3.4 0.001626 131.778186761 0.490978488673
3.4 0.002168 125.5951765 0.467453427462
3.4 0.00271 120.700889285 0.434128133224
3.4 0.003252 114.362853614 0.406944994626
3.4 0.003794 111.98519109 0.397836621604
3.4 0.004336 105.466482123 0.371000208797
3.4 0.004878 101.578777629 0.354585772171
3.4 0.00542 96.7964633924 0.335115147402
3.4 0.005962 91.9075093701 0.315237084417
3.4 0.006504 88.279583088 0.29956197193
3.4 0.007046 86.2509729847 0.291368239614
3.4 0.007588 82.4361171828 0.274926602109
3.4 0.00813 80.1470095872 0.264616178447
3.4 0.008672 77.1879996697 0.252942137932
3.4 0.009214 75.205450988 0.244552537346
3.4 0.009756 72.1179790432 0.232828610931
3.4 0.010298 69.8741611249 0.224367902004
3.4 0.01084 67.4059835451 0.214460047297
3.4 0.011382 65.4781214003 0.205940658207
3.4 0.011924 64.0167217336 0.200068973658
3.4 0.012466 62.5333396261 0.192720522778
3.4 0.013008 60.7885057704 0.184699007623
3.4 0.01355 58.8020647107 0.177568897271
3.4 0.014092 57.1117629578 0.171606717991
3.4 0.014634 55.3765719214 0.16571561451
3.4 0.015176 53.6441842389 0.159759657448
3.4 0.015718 52.0182317297 0.154578541961
3.4 0.01626 50.6305966207 0.150265346547
3.4 0.016802 49.4971050584 0.145281632843
3.4 0.017344 48.2790764594 0.140447593871
3.4 0.017886 46.6152164413 0.134779907169
3.4 0.018428 45.5661411254 0.130351329668
3.4 0.01897 44.5122015303 0.125981276726
3.4 0.019512 43.6111223437 0.123254629432
3.6 0.001084 171.750800471 0.654583967477
3.6 0.001626 161.2195844 0.61731409892
3.6 0.002168 152.978851682 0.581837112229
3.6 0.00271 146.71376103 0.541525425989
3.6 0.003252 140.072563859 0.51138980591
3.6 0.003794 135.978284471 0.494574497836
3.6 0.004336 128.816552274 0.463415232933
3.6 0.004878 123.875442376 0.441585182363
3.6 0.00542 117.769272822 0.415734089331
3.6 0.005962 112.031471541 0.391942760922
3.6 0.006504 108.516010318 0.376567764017
3.6 0.007046 104.78720329 0.35987522357
3.6 0.007588 101.192980186 0.342035623605
3.6 0.00813 97.6281176169 0.327453627268
3.6 0.008672 95.1197497012 0.31692111246
3.6 0.009214 91.8256463411 0.303082291717
3.6 0.009756 88.3698264373 0.290347273524
3.6 0.010298 85.5238155095 0.278725122337
3.6 0.01084 82.2546916644 0.264886583244
3.6 0.011382 80.5927956943 0.256642411531
3.6 0.011924 78.4758914545 0.247390008599
3.6 0.012466 76.9893007062 0.238660775798
3.6 0.013008 74.4437062062 0.230162147159
3.6 0.01355 72.3354073313 0.220073582445
3.6 0.014092 70.0096509097 0.212336447771
3.6 0.014634 68.0526414512 0.204582895984
3.6 0.015176 66.2099509005 0.198220560613
3.6 0.015718 64.1724080499 0.19169255725
3.6 0.01626 62.612538269 0.185480812518
3.6 0.016802 61.0200501207 0.178615032681
3.6 0.017344 59.2807320161 0.172447189481
3.6 0.017886 57.7790493082 0.166737466188
3.6 0.018428 56.55572521 0.161309846457
3.6 0.01897 55.1174784346 0.155872548491
3.6 0.019512 54.0534932453 0.15214949866
3.8 0.001084 209.554284069 0.826701320108
3.8 0.001626 196.719658909 0.780083669666
3.8 0.002168 186.237995385 0.72908696528
3.8 0.00271 178.79375657 0.681110507442
3.8 0.003252 171.877334261 0.64714125876
3.8 0.003794 165.910759408 0.619435424305
3.8 0.004336 158.302663677 0.583819031847
3.8 0.004878 151.888489758 0.554067881065
3.8 0.00542 144.013884327 0.521241769328
3.8 0.005962 137.344731146 0.492184688195
3.8 0.006504 133.53871085 0.475909827512
3.8 0.007046 127.954310334 0.448164677001
3.8 0.007588 124.824148681 0.429989889307
3.8 0.00813 119.766039306 0.410133816185
3.8 0.008672 117.892305732 0.400361789302
3.8 0.009214 112.946728157 0.380163902824
3.8 0.009756 108.588184537 0.363716215454
3.8 0.010298 105.353841818 0.349087693833
3.8 0.01084 101.543742816 0.332021461996
3.8 0.011382 99.4756982696 0.320519812563
3.8 0.011924 97.010943622 0.309047658029
3.8 0.012466 94.7832179359 0.299321437924
3.8 0.013008 92.0797163628 0.287342096123
3.8 0.01355 89.2662656339 0.27532079023
3.8 0.014092 86.5458541802 0.264668901749
3.8 0.014634 84.3737225776 0.256528404018
3.8 0.015176 81.8117468385 0.247126447811
3.8 0.015718 79.664246108 0.239098226069
3.8 0.01626 77.478342049 0.229828995693
3.8 0.016802 75.6148410641 0.222940000039
3.8 0.017344 73.5682794791 0.214285000283
3.8 0.017886 72.4191366777 0.209165216435
3.8 0.018428 69.9636036454 0.199323143725
3.8 0.01897 68.7102085539 0.19588847069
3.8 0.019512 67.0207982225 0.187517084443
4.0 0.001084 258.80953508 1.05252265513
4.0 0.001626 242.938954891 0.992165135833
4.0 0.002168 229.825942576 0.921700385121
4.0 0.00271 220.590028313 0.863132165929
4.0 0.003252 212.911701926 0.824067444267
4.0 0.003794 204.457292675 0.783023656998
4.0 0.004336 196.138822822 0.741680077563
4.0 0.004878 187.510083538 0.700379463252
4.0 0.00542 177.317536124 0.658524551033
4.0 0.005962 169.906493767 0.623337036294
4.0 0.006504 165.355583332 0.605895571689
4.0 0.007046 157.984796952 0.564950897818
4.0 0.007588 154.520386622 0.545934101355
4.0 0.00813 149.033557962 0.522532247095
4.0 0.008672 145.774518429 0.505835656265
4.0 0.009214 139.75520382 0.481210489321
4.0 0.009756 134.96831653 0.46054563961
4.0 0.010298 130.30037051 0.439654694006
4.0 0.01084 126.677430247 0.419801696071
4.0 0.011382 123.438133797 0.403664121099
4.0 0.011924 120.90246954 0.391703715934
4.0 0.012466 117.780890288 0.377706185159
4.0 0.013008 114.640257519 0.361568000457
4.0 0.01355 111.01165411 0.34760595804
4.0 0.014092 107.852091193 0.33444994639
4.0 0.014634 104.923150156 0.323678515766
4.0 0.015176 102.002047142 0.310872548885
4.0 0.015718 99.322762477 0.299811748912
4.0 0.01626 96.8024195066 0.290076962069
4.0 0.016802 94.5902498831 0.281147424377
4.0 0.017344 92.7624712861 0.27222276701
4.0 0.017886 89.9699293796 0.260947695199
4.0 0.018428 87.8527287004 0.253827127525
4.0 0.01897 86.0191496489 0.243750874483
4.0 0.019512 83.7119834369 0.234681573905
4.2 0.001084 318.096246968 1.35066227582
4.2 0.001626 298.792716984 1.27070154825
4.2 0.002168 282.980304967 1.17710356766
4.2 0.00271 271.914851114 1.10523908879
4.2 0.003252 263.570490671 1.05783377902
4.2 0.003794 252.283569155 0.997399918202
4.2 0.004336 243.738049176 0.951848368734
4.2 0.004878 232.159636928 0.891909101129
4.2 0.00542 219.331074308 0.837721583494
4.2 0.005962 211.899283923 0.801592677014
4.2 0.006504 204.597740635 0.769456671269
4.2 0.007046 196.917341142 0.725190310507
4.2 0.007588 191.527234492 0.697800968533
4.2 0.00813 186.4152727 0.670501859675
4.2 0.008672 181.134526965 0.645545073104
4.2 0.009214 173.721930727 0.611758628958
4.2 0.009756 168.791236027 0.591395498299
4.2 0.010298 162.06045602 0.558493370118
4.2 0.01084 158.676493102 0.535496534851
4.2 0.011382 154.244788302 0.515874769531
4.2 0.011924 151.256044001 0.500438083287
4.2 0.012466 147.42859929 0.480082503559
4.2 0.013008 143.365127 0.461557628215
4.2 0.01355 139.048250888 0.4426285624
4.2 0.014092 135.156428598 0.428071051737
4.2 0.014634 131.58088626 0.411992098207
4.2 0.015176 127.995118519 0.393771055039
4.2 0.015718 124.669458566 0.381188519238
4.2 0.01626 121.866799958 0.370732675696
4.2 0.016802 119.399149257 0.359205366354
4.2 0.017344 116.636639757 0.34591112486
4.2 0.017886 113.198679507 0.332656109278
4.2 0.018428 110.827299233 0.321450973916
4.2 0.01897 108.410025671 0.309804347309
4.2 0.019512 105.893406143 0.300023020101
4.4 0.001084 393.816621685 1.74434226632
4.4 0.001626 370.490847924 1.63690399624
4.4 0.002168 351.804430006 1.51916506412
4.4 0.00271 338.08256646 1.4299606502
4.4 0.003252 328.709115741 1.37140865678
4.4 0.003794 313.107926997 1.28283807662
4.4 0.004336 304.701309475 1.23367882997
4.4 0.004878 288.712227645 1.14708259523
4.4 0.00542 273.962514083 1.08043725725
4.4 0.005962 265.514473182 1.04075786474
4.4 0.006504 254.949514266 0.987916674118
4.4 0.007046 247.069635658 0.941512856961
4.4 0.007588 239.418212647 0.899612132283
4.4 0.00813 234.804597335 0.86781791647
4.4 0.008672 227.022469791 0.833920060385
4.4 0.009214 218.09792581 0.787726855196
4.4 0.009756 212.177849313 0.764173396803
4.4 0.010298 204.594617147 0.720102856176
4.4 0.01084 199.453466655 0.69117884408
4.4 0.011382 194.782518284 0.669634188203
4.4 0.011924 190.343451851 0.644171145205
4.4 0.012466 185.623854001 0.619113930796
4.4 0.013008 180.50748452 0.596347895067
4.4 0.01355 175.018401842 0.569541272315
4.4 0.014092 170.628393984 0.552624630002
4.4 0.014634 166.398867928 0.528945162839
4.4 0.015176 161.969293797 0.508105734571
4.4 0.015718 158.31888614 0.494452504849
4.4 0.01626 154.950635383 0.478708620953
4.4 0.016802 151.901864764 0.462429745301
4.4 0.017344 147.342350059 0.443630858344
4.4 0.017886 143.817251533 0.426790447208
4.4 0.018428 140.755187466 0.41278796382
4.4 0.01897 137.911427227 0.39838171465
4.4 0.019512 134.647071973 0.384901002275
4.6 0.001084 487.36061334 2.27058288676
4.6 0.001626 459.190078707 2.12245450149
4.6 0.002168 437.699997663 1.97875627349
4.6 0.00271 421.135853993 1.86700587946
4.6 0.003252 411.006350813 1.79385837547
4.6 0.003794 389.924675415 1.66611978133
4.6 0.004336 380.645706933 1.6054432416
4.6 0.004878 360.004410467 1.48954525048
4.6 0.00542 343.834310814 1.4111987013
4.6 0.005962 333.425477636 1.36051718518
4.6 0.006504 319.474997212 1.28155228115
4.6 0.007046 311.902824381 1.23351129696
4.6 0.007588 301.748321632 1.17330363715
4.6 0.00813 296.2494513 1.13217921262
4.6 0.008672 285.859880101 1.08292849492
4.6 0.009214 276.178012476 1.03510094206
4.6 0.009756 267.467429223 0.991148381763
4.6 0.010298 259.067750581 0.937194220752
4.6 0.01084 252.454411366 0.904331645845
4.6 0.011382 247.112608443 0.877393387946
4.6 0.011924 240.818308345 0.839199793535
4.6 0.012466 234.962302133 0.808309997535
4.6 0.013008 228.314724391 0.775927323523
4.6 0.01355 221.978957124 0.745963738206
4.6 0.014092 217.374820194 0.717841974618
4.6 0.014634 211.624074858 0.686838561791
4.6 0.015176 207.478320581 0.669561770632
4.6 0.015718 202.512084178 0.645608585902
4.6 0.01626 198.559388214 0.623664454459
4.6 0.016802 193.720067765 0.601209359149
4.6 0.017344 188.440579899 0.575398466305
4.6 0.017886 183.664749477 0.554341227749
4.6 0.018428 180.473063891 0.537063446509
4.6 0.01897 176.030630412 0.517779025452
4.6 0.019512 172.721666883 0.501116683148
