2.2 0.001084 32.6653013269 0.113258597799
2.2 0.001626 30.75467444 0.107025917347
2.2 0.002168 29.7088264639 0.103027173516
2.2 0.00271 29.0647385998 0.0998823488793
2.2 0.003252 27.9223208019 0.094781562373
2.2 0.003794 26.4064552484 0.0886071878971
2.2 0.004336 25.6496621457 0.0860256254829
2.2 0.004878 24.5619672979 0.0819217141751
2.2 0.00542 23.5429198391 0.0777508436878
2.2 0.005962 22.7399931136 0.0755052652433
2.2 0.006504 21.7658612525 0.0720835211062
2.2 0.007046 20.76008302 0.0684894506426
2.2 0.007588 19.9257572773 0.0656794378747
2.2 0.00813 19.2078310929 0.0633252950473
2.2 0.008672 18.517373482 0.0609529088025
2.2 0.009214 18.0930018959 0.0592026187753
2.2 0.009756 17.2460829912 0.0563398747472
2.2 0.010298 16.8305309369 0.054609342282
2.2 0.01084 16.1739999349 0.0524700970443
2.2 0.011382 15.6399658148 0.0505725833601
2.2 0.011924 15.1883317162 0.0488940281078
2.2 0.012466 14.7210233781 0.0473506220666
2.2 0.013008 14.1915614446 0.0456653133299
2.2 0.01355 13.6635815547 0.0438027541491
2.2 0.014092 13.3211713351 0.0426914748294
2.2 0.014634 12.8161195809 0.040971118543
2.2 0.015176 12.4138239176 0.0398667199426
2.2 0.015718 12.0780690127 0.0384578518488
2.2 0.01626 11.7717518292 0.0372525581359
2.2 0.016802 11.4907388035 0.0362514666766
2.2 0.017344 11.1565193486 0.0351245693941
2.2 0.017886 10.7793866568 0.0338444175085
2.2 0.018428 10.4706701634 0.0327345667123
2.2 0.01897 10.1722571968 0.0317322111022
2.2 0.019512 9.87133790552 0.0307540326013
2.4 0.001084 43.4514239543 0.149787913611
2.4 0.001626 40.8725214976 0.142083881293
2.4 0.002168 39.5669680126 0.136875705848
2.4 0.00271 38.5539932248 0.131624578381
2.4 0.003252 36.7495938711 0.123765472094
2.4 0.003794 35.0023371551 0.116955425769
2.4 0.004336 33.9776112113 0.113272530298
2.4 0.004878 32.3857835581 0.107206328365
2.4 0.00542 31.0932672707 0.102103527261
2.4 0.005962 30.1204013115 0.0993852701254
2.4 0.006504 28.629434073 0.0942613909514
2.4 0.007046 27.3106722825 0.0893146949152
2.4 0.007588 26.4597859859 0.0865276219986
2.4 0.00813 25.4336668098 0.0826905747159
2.4 0.008672 24.6937285618 0.0799074688374
2.4 0.009214 23.8264263907 0.0768745570013
2.4 0.009756 22.9159751073 0.0734737422988
2.4 0.010298 22.2404713788 0.0709557416077
2.4 0.01084 21.3398615149 0.0681549868353
2.4 0.011382 20.8017554182 0.065716481672
2.4 0.011924 20.1418536275 0.0638286942566
2.4 0.012466 19.4643252974 0.0616606930376
2.4 0.013008 18.7719641936 0.0589492159416
2.4 0.01355 18.1911749898 0.0570340804558
2.4 0.014092 17.5911284748 0.05492539233
2.4 0.014634 16.9751750305 0.0530547131743
2.4 0.015176 16.4939530109 0.0514038652839
2.4 0.015718 16.0977421925 0.0498380706203
2.4 0.01626 15.6557160463 0.0483638585928
2.4 0.016802 15.1941772762 0.0468668747124
2.4 0.017344 14.7101193398 0.0453392634611
2.4 0.017886 14.2479235412 0.0437912014672
2.4 0.018428 13.8708662916 0.042160492951
2.4 0.01897 13.485864525 0.0410707250836
2.4 0.019512 13.1226384012 0.0397925595002
2.6 0.001084 56.5417711367 0.194245206077
2.6 0.001626 53.1320632294 0.18430406954
2.6 0.002168 51.401898019 0.177468793657
2.6 0.00271 49.8492538813 0.169504597307
2.6 0.003252 47.324052315 0.158715924448
2.6 0.003794 45.567611811 0.152154150051
2.6 0.004336 43.9356235071 0.145977555071
2.6 0.004878 41.7448794426 0.137193471672
2.6 0.00542 40.1457662349 0.131264229922
2.6 0.005962 38.6782459423 0.126717449334
2.6 0.006504 36.6967157275 0.119836384637
2.6 0.007046 35.0676624672 0.113616773633
2.6 0.007588 34.2809856108 0.111676024031
2.6 0.00813 32.6606748047 0.105359914093
2.6 0.008672 31.9571927247 0.102575637905
2.6 0.009214 30.4957662074 0.0975719161188
2.6 0.009756 29.6916224919 0.0937115003683
2.6 0.010298 28.4385398895 0.0901602787132
2.6 0.01084 27.6145492308 0.0866334682361
2.6 0.011382 26.7916866027 0.0839412734729
2.6 0.011924 25.9145305197 0.0811233441788
2.6 0.012466 25.0436113194 0.0777651615876
2.6 0.013008 24.1860485061 0.0747647355572
2.6 0.01355 23.4383912201 0.0721913839277
2.6 0.014092 22.6647143668 0.0694819229587
2.6 0.014634 21.9304338107 0.0672873300932
2.6 0.015176 21.4179524918 0.0652912804905
2.6 0.015718 20.8481204245 0.0633538297526
2.6 0.01626 20.2171037332 0.0613330616546
2.6 0.016802 19.5507197734 0.0590484085633
2.6 0.017344 19.0714762647 0.0574198624251
2.6 0.017886 18.5282719421 0.0550713491718
2.6 0.018428 18.0378429019 0.0536569518305
2.6 0.01897 17.5645470266 0.0521829788046
2.6 0.019512 16.949784974 0.0502530753794
2.8 0.001084 72.0789021548 0.249712580052
2.8 0.001626 67.7441770684 0.236489897124
2.8 0.002168 65.3935204844 0.227440589099
2.8 0.00271 63.1250736563 0.215274294635
2.8 0.003252 59.6952559082 0.200719560511
2.8 0.003794 58.0435437172 0.194762277582
2.8 0.004336 55.5048425771 0.184882035951
2.8 0.004878 52.7879263139 0.173905461661
2.8 0.00542 50.8510512583 0.167097867393
2.8 0.005962 48.5865564469 0.159597278975
2.8 0.006504 46.0704197742 0.15022218338
2.8 0.007046 44.5529312304 0.144852773522
2.8 0.007588 43.2571304045 0.140890273981
2.8 0.00813 41.3885462946 0.133522142956
2.8 0.008672 40.1894263219 0.128679653173
2.8 0.009214 38.5805153068 0.122882734652
2.8 0.009756 37.5684037764 0.118182923726
2.8 0.010298 35.8650772777 0.113553981754
2.8 0.01084 35.1498465916 0.109459482656
2.8 0.011382 33.7460498129 0.105888730635
2.8 0.011924 32.7908998353 0.101157615012
2.8 0.012466 31.5777018946 0.0966253610946
2.8 0.013008 30.7006459042 0.0944733224839
2.8 0.01355 29.7973113585 0.0903469386001
2.8 0.014092 28.8077800228 0.0868777090158
2.8 0.014634 27.9860835593 0.0841282960275
2.8 0.015176 27.2269944721 0.0818656334684
2.8 0.015718 26.4564585419 0.0792287269974
2.8 0.01626 25.6248872151 0.0761906923998
2.8 0.016802 24.9447716085 0.0739763001657
2.8 0.017344 24.2812402793 0.0716048077484
2.8 0.017886 23.6582440557 0.0694094956196
2.8 0.018428 23.0794290808 0.0673969488079
2.8 0.01897 22.3171755969 0.0648547260819
2.8 0.019512 21.5778072236 0.0625128647881
3.0 0.001084 90.4262444107 0.318717727231
3.0 0.001626 84.9959451049 0.301117661057
3.0 0.002168 81.8311624025 0.289755038319
3.0 0.00271 78.8420175483 0.271923117766
3.0 0.003252 74.2312699605 0.25206558781
3.0 0.003794 72.7544931019 0.247156155367
3.0 0.004336 68.939369902 0.232364851071
3.0 0.004878 65.9040773053 0.220048990466
3.0 0.00542 63.3836199016 0.211782045935
3.0 0.005962 60.2311240597 0.199874309259
3.0 0.006504 57.1914295178 0.187339312074
3.0 0.007046 55.964788398 0.18373059531
3.0 0.007588 53.6611305865 0.175010343097
3.0 0.00813 51.884780243 0.167658848288
3.0 0.008672 49.9945207025 0.160638945419
3.0 0.009214 48.5458221392 0.154196882301
3.0 0.009756 46.7069340145 0.148029104291
3.0 0.010298 45.1798590691 0.142346751087
3.0 0.01084 43.7837389678 0.136969545745
3.0 0.011382 42.2575798465 0.13123161776
3.0 0.011924 41.0136294655 0.125991569798
3.0 0.012466 39.8562195501 0.122237790065
3.0 0.013008 38.7957842614 0.118072035667
3.0 0.01355 37.6022431548 0.112838646415
3.0 0.014092 36.3098469211 0.108637172729
3.0 0.014634 35.2738680023 0.105230243882
3.0 0.015176 34.3249636601 0.102260848935
3.0 0.015718 33.2540694751 0.0986232243309
3.0 0.01626 32.2108214359 0.0950092791274
3.0 0.016802 31.3792276861 0.0922766056815
3.0 0.017344 30.6103017748 0.0898341905948
3.0 0.017886 29.9170329376 0.0869269572019
3.0 0.018428 29.0533033724 0.0838581857042
3.0 0.01897 28.0234276431 0.0805578364302
3.0 0.019512 27.4394701109 0.0782319133032
3.2 0.001084 112.939472244 0.408001850909
3.2 0.001626 106.145532533 0.384658237473
3.2 0.002168 101.714144901 0.369263200114
3.2 0.00271 97.8655011773 0.343407723154
3.2 0.003252 91.8857397214 0.318949342135
3.2 0.003794 90.654286981 0.314680189414
3.2 0.004336 85.1585028108 0.293117491513
3.2 0.004878 81.9476785408 0.279821896973
3.2 0.00542 78.5160051047 0.267418736155
3.2 0.005962 74.5004903737 0.250709231526
3.2 0.006504 70.8331323981 0.234800939859
3.2 0.007046 70.069256615 0.233472727381
3.2 0.007588 66.3533084952 0.218153960219
3.2 0.00813 64.8741173146 0.211522786073
3.2 0.008672 61.8915734894 0.19993661944
3.2 0.009214 60.84805587 0.194854532981
3.2 0.009756 57.7913268441 0.184921823487
3.2 0.010298 56.4203441888 0.178579417001
3.2 0.01084 54.2462428129 0.171398371906
3.2 0.011382 52.5522752104 0.163709906676
3.2 0.011924 51.2933588664 0.158640955716
3.2 0.012466 49.96034011 0.154274135395
3.2 0.013008 48.8354698507 0.147332144141
3.2 0.01355 46.9832135323 0.141171515123
3.2 0.014092 45.5996556065 0.136462126034
3.2 0.014634 44.3991529669 0.132233800813
3.2 0.015176 43.0413706941 0.127778707059
3.2 0.015718 41.5936111853 0.123413962655
3.2 0.01626 40.3659622626 0.119060026038
3.2 0.016802 39.3725094353 0.116489066716
3.2 0.017344 38.5483627672 0.112232043394
3.2 0.017886 37.5896643333 0.10876019727
3.2 0.018428 36.0974276379 0.104068744929
3.2 0.01897 35.3874386552 0.100441666266
3.2 0.019512 34.6715256213 0.0986367122914
3.4 0.001084 141.260950404 0.524510856615
3.4 0.001626 132.65468072 0.494490521422
3.4 0.002168 126.422618966 0.470740206965
3.4 0.00271 121.499795559 0.437187861334
3.4 0.003252 115.129981594 0.409849221137
3.4 0.003794 112.73165793 0.400650648193
3.4 0.004336 106.17215231 0.373607166385
3.4 0.004878 102.257962778 0.357085552695
3.4 0.00542 97.4394113425 0.337462118411
3.4 0.005962 92.5179096986 0.317439943074
3.4 0.006504 88.8645549587 0.301655115794
3.4 0.007046 86.8184044443 0.293374310637
3.4 0.007588 82.9817723007 0.276815167603
3.4 0.00813 80.6788117459 0.266437122751
3.4 0.008672 77.7001224966 0.254676552508
3.4 0.009214 75.707052261 0.246236740462
3.4 0.009756 72.5981293361 0.234431439041
3.4 0.010298 70.3363590116 0.225904588069
3.4 0.01084 67.853236454 0.215926727226
3.4 0.011382 65.912907975 0.207349868225
3.4 0.011924 64.44131075 0.201429322747
3.4 0.012466 62.9489578159 0.194027994623
3.4 0.013008 61.1926238472 0.185949789641
3.4 0.01355 59.1938741168 0.178767035677
3.4 0.014092 57.492151206 0.17275658054
3.4 0.014634 55.7458648972 0.166821585435
3.4 0.015176 54.0019244372 0.16082179616
3.4 0.015718 52.3628942857 0.155599400507
3.4 0.01626 50.9653694227 0.151256895595
3.4 0.016802 49.8240305258 0.146239588468
3.4 0.017344 48.5980166878 0.141372871089
3.4 0.017886 46.9228225422 0.135660244854
3.4 0.018428 45.8671769933 0.131196953284
3.4 0.01897 44.8077365876 0.126800137862
3.4 0.019512 43.9002150734 0.124052892964
3.6 0.001084 177.348358267 0.677922417856
3.6 0.001626 166.47629741 0.639321248597
3.6 0.002168 157.938582255 0.602290680035
3.6 0.00271 151.505213881 0.56068764797
3.6 0.003252 144.697944911 0.529705376323
3.6 0.003794 140.452785646 0.512116924996
3.6 0.004336 133.074360914 0.479806386876
3.6 0.004878 127.972925782 0.457225347115
3.6 0.00542 121.652146487 0.430387326062
3.6 0.005962 115.729197164 0.40578408716
3.6 0.006504 112.085940307 0.389794723437
3.6 0.007046 108.22932229 0.372398311559
3.6 0.007588 104.538493216 0.353958053652
3.6 0.00813 100.856583103 0.338822315513
3.6 0.008672 98.2726694194 0.327910575652
3.6 0.009214 94.8833324843 0.3136801473
3.6 0.009756 91.2940565996 0.300469302783
3.6 0.010298 88.3522106313 0.288379258243
3.6 0.01084 84.9878003462 0.274081007659
3.6 0.011382 83.2642873097 0.265518172913
3.6 0.011924 81.081671849 0.255879246575
3.6 0.012466 79.551008433 0.246898269951
3.6 0.013008 76.9153553579 0.23800893523
3.6 0.01355 74.7498208062 0.227630039345
3.6 0.014092 72.3394939926 0.219522491455
3.6 0.014634 70.3281694019 0.211521433462
3.6 0.015176 68.4126720715 0.204912174434
3.6 0.015718 66.2988356748 0.198113393212
3.6 0.01626 64.6905583366 0.191705539577
3.6 0.016802 63.0460186321 0.184599214415
3.6 0.017344 61.2534972898 0.178203060891
3.6 0.017886 59.7029146288 0.172257527871
3.6 0.018428 58.4454243721 0.166643035639
3.6 0.01897 56.9556330698 0.161016973646
3.6 0.019512 55.8559407745 0.157137966966
3.8 0.001084 222.154150666 0.882243540694
3.8 0.001626 208.577388536 0.832428995221
3.8 0.002168 197.446096578 0.777512612502
3.8 0.00271 189.660236363 0.726810321314
3.8 0.003252 182.42289479 0.691002510124
3.8 0.003794 176.091549601 0.661101217493
3.8 0.004336 168.067424589 0.623021509307
3.8 0.004878 161.268935953 0.5911734336
3.8 0.00542 152.889579276 0.556052038877
3.8 0.005962 145.845490137 0.52525155984
3.8 0.006504 141.756797945 0.50766116968
3.8 0.007046 135.869545445 0.477983709268
3.8 0.007588 132.577108451 0.458716995806
3.8 0.00813 127.182852883 0.437187486417
3.8 0.008672 125.232800465 0.42688707331
3.8 0.009214 120.001089262 0.405616468686
3.8 0.009756 115.33525376 0.387821974439
3.8 0.010298 111.921545239 0.3722015348
3.8 0.01084 107.903541443 0.354034245397
3.8 0.011382 105.689828127 0.34164041411
3.8 0.011924 103.086133872 0.329341189008
3.8 0.012466 100.722882006 0.318945569203
3.8 0.013008 97.853266121 0.306144373929
3.8 0.01355 94.8806779231 0.293302317165
3.8 0.014092 91.9938260276 0.281906590831
3.8 0.014634 89.6685033505 0.273182106885
3.8 0.015176 86.9348549161 0.263055992812
3.8 0.015718 84.6585484632 0.254479882403
3.8 0.01626 82.353566272 0.244642610846
3.8 0.016802 80.380671337 0.237283110993
3.8 0.017344 78.2077004904 0.228004253377
3.8 0.017886 77.0006454657 0.222453539273
3.8 0.018428 74.3932522244 0.212036042161
3.8 0.01897 73.0465395349 0.208243435793
3.8 0.019512 71.2677866574 0.199329862543
4.0 0.001084 282.013449873 1.16045679762
4.0 0.001626 264.825020648 1.09374941886
4.0 0.002168 250.57643481 1.0154930392
4.0 0.00271 240.753141178 0.952158560662
4.0 0.003252 232.537298936 0.909643759106
4.0 0.003794 223.354518903 0.86389459646
4.0 0.004336 214.381062089 0.818271614951
4.0 0.004878 204.987508284 0.772249555501
4.0 0.00542 193.815960811 0.725919794377
4.0 0.005962 185.860878135 0.687996788323
4.0 0.006504 180.770197037 0.668107297028
4.0 0.007046 172.847094846 0.623242666273
4.0 0.007588 169.062268366 0.602247162901
4.0 0.00813 163.047793131 0.575817996073
4.0 0.008672 159.557539927 0.557818645689
4.0 0.009214 152.977428497 0.530760900986
4.0 0.009756 147.73961601 0.507774789923
4.0 0.010298 142.701745554 0.484807104729
4.0 0.01084 138.734711359 0.462778758235
4.0 0.011382 135.193036973 0.444734686003
4.0 0.011924 132.455565696 0.43147686665
4.0 0.012466 129.007600934 0.415927767937
4.0 0.013008 125.602994812 0.398320401056
4.0 0.01355 121.694265918 0.382826279208
4.0 0.014092 118.179895952 0.368222242028
4.0 0.014634 114.950274819 0.356207431002
4.0 0.015176 111.775736637 0.341972463039
4.0 0.015718 108.863010411 0.329805925892
4.0 0.01626 106.12787497 0.319116828731
4.0 0.016802 103.709623895 0.309181767324
4.0 0.017344 101.736977348 0.299308264248
4.0 0.017886 98.6911646048 0.286923794135
4.0 0.018428 96.3627662099 0.278760851304
4.0 0.01897 94.3877663614 0.267873353858
4.0 0.019512 91.8624958153 0.257716705642
4.2 0.001084 356.975153352 1.5439014672
4.2 0.001626 335.588963849 1.45205318468
4.2 0.002168 318.033572326 1.34509780952
4.2 0.00271 306.045935619 1.26567857493
4.2 0.003252 296.885520694 1.21178857135
4.2 0.003794 284.2912006 1.14197256079
4.2 0.004336 274.892875054 1.0901366336
4.2 0.004878 261.90103521 1.02015363652
4.2 0.00542 247.402432651 0.958006291586
4.2 0.005962 239.34150149 0.918659791104
4.2 0.006504 231.031973714 0.881037152048
4.2 0.007046 222.534841272 0.830959869472
4.2 0.007588 216.443367955 0.799048369406
4.2 0.00813 210.710621373 0.767313600861
4.2 0.008672 204.814381411 0.739305821757
4.2 0.009214 196.463010705 0.7000672321
4.2 0.009756 190.918969569 0.677032374785
4.2 0.010298 183.559906264 0.639401599321
4.2 0.01084 179.604794148 0.612779640137
4.2 0.011382 174.666999918 0.590041141299
4.2 0.011924 171.315423046 0.572247784565
4.2 0.012466 166.915316678 0.548887913123
4.2 0.013008 162.440288321 0.527903674941
4.2 0.01355 157.567720851 0.506135250875
4.2 0.014092 153.082723387 0.489187761255
4.2 0.014634 149.143401211 0.47076569464
4.2 0.015176 145.076678373 0.449635284902
4.2 0.015718 141.435594224 0.435689446376
4.2 0.01626 138.219713421 0.423164097887
4.2 0.016802 135.482945735 0.409940275168
4.2 0.017344 132.39841099 0.394798977135
4.2 0.017886 128.508021325 0.379398285782
4.2 0.018428 125.845037251 0.366624596597
4.2 0.01897 123.139374099 0.353326525708
4.2 0.019512 120.284278797 0.342147693248
4.4 0.001084 456.204952763 2.07667482731
4.4 0.001626 429.788932885 1.9482243141
4.4 0.002168 408.603117842 1.80964321776
4.4 0.00271 393.445775722 1.70895826984
4.4 0.003252 382.837700307 1.63845734439
4.4 0.003794 364.942738385 1.53221163744
4.4 0.004336 355.519304187 1.47370550047
4.4 0.004878 337.067372943 1.36843325243
4.4 0.00542 320.019843886 1.28969857673
4.4 0.005962 310.591304571 1.2445998663
4.4 0.006504 298.351617142 1.18074302606
4.4 0.007046 289.357330318 1.12631818815
4.4 0.007588 280.390359573 1.07503077879
4.4 0.00813 275.097973924 1.03693695077
4.4 0.008672 266.029208778 0.996824627931
4.4 0.009214 255.695439679 0.94089737951
4.4 0.009756 248.893899455 0.913179183062
4.4 0.010298 240.325508388 0.860551466946
4.4 0.01084 234.209098623 0.825247782751
4.4 0.011382 228.894084719 0.799487500137
4.4 0.011924 223.552982348 0.768633009358
4.4 0.012466 217.937758055 0.738872258434
4.4 0.013008 212.319544005 0.71216425272
4.4 0.01355 205.579513129 0.68011560894
4.4 0.014092 200.502994404 0.65914770961
4.4 0.014634 195.831953644 0.631152570204
4.4 0.015176 190.714624872 0.606365896903
4.4 0.015718 186.513712638 0.589535717992
4.4 0.01626 182.613722476 0.570335583377
4.4 0.016802 179.065413966 0.550865044734
4.4 0.017344 173.698034369 0.528254138233
4.4 0.017886 169.607627784 0.507809521561
4.4 0.018428 166.03203653 0.491613676312
4.4 0.01897 162.759624855 0.474191206804
4.4 0.019512 158.907387374 0.45826250179
4.6 0.001084 584.604070398 2.83266497702
4.6 0.001626 551.964004677 2.64777699616
4.6 0.002168 527.192079074 2.47423362705
4.6 0.00271 508.515638324 2.3446466558
4.6 0.003252 496.711762786 2.25047098981
4.6 0.003794 471.881441096 2.09043472726
4.6 0.004336 461.198408905 2.01331543988
4.6 0.004878 436.779485718 1.86685529251
4.6 0.00542 417.727118279 1.77194634697
4.6 0.005962 405.61033417 1.70974209434
4.6 0.006504 389.034747889 1.60981930708
4.6 0.007046 380.076374129 1.55146105979
4.6 0.007588 367.707022659 1.47425618738
4.6 0.00813 361.105702908 1.42218284235
4.6 0.008672 348.639012881 1.36120822866
4.6 0.009214 337.088297185 1.30086352296
4.6 0.009756 326.939354648 1.24598230972
4.6 0.010298 316.858063274 1.17684239958
4.6 0.01084 308.914662206 1.13471790757
4.6 0.011382 302.720348254 1.1014340252
4.6 0.011924 294.58751801 1.05293145762
4.6 0.012466 287.502395714 1.01459789567
4.6 0.013008 279.558928169 0.974730321603
4.6 0.01355 271.571960381 0.93584259662
4.6 0.014092 266.46733744 0.90086654942
4.6 0.014634 259.752288334 0.862784456637
4.6 0.015176 254.961038178 0.840318402819
4.6 0.015718 248.934323358 0.80837420398
4.6 0.01626 244.141078292 0.781558390249
4.6 0.016802 238.119611027 0.752476832378
4.6 0.017344 231.747384525 0.719931790102
4.6 0.017886 225.951075105 0.693878594982
4.6 0.018428 222.207129187 0.672678775998
4.6 0.01897 216.878836818 0.649064075723
4.6 0.019512 212.74894409 0.627870105444
