2.2 0.184924702397 15533.6366567 1.34359238331
2.4 0.231425921518 15831.3555167 1.33413103534
2.6 0.285929695332 15626.1084329 1.33334874234
2.8 0.349252333224 14999.0081764 1.32744374112
3.0 0.422242531447 13938.7858488 1.32206134211
3.2 0.505780851386 12809.8172228 1.31517263549
3.4 0.600779232412 11721.5479196 1.3051292222
3.6 0.708180535481 10679.2348989 1.29430955165
3.8 0.828958114192 9776.29986326 1.28191105112
4.0 0.9641154105 9146.06392947 1.27260127143
4.2 1.1146855727 8709.32428143 1.26309102687
4.4 1.28173109358 8392.9695142 1.25469705044
4.6 1.46634346696 7916.58771474 1.24694090893
