2.2 0.294479400147 15493.1081014 1.34053309988
2.4 0.377575293403 15843.7885688 1.33571699854
2.6 0.477287721261 15595.4903919 1.3310401012
2.8 0.595734504445 15003.0046767 1.32804616977
3.0 0.735166947198 13906.1392588 1.32144213293
3.2 0.89797056158 12801.2066855 1.31501711924
3.4 1.08666575818 11725.5481952 1.30545993047
3.6 1.30390850638 10681.756551 1.29444397993
3.8 1.55249096683 9780.6202549 1.2833805861
4.0 1.83534209858 9147.90838549 1.2735720934
4.2 2.15552824283 8708.33179258 1.2634343879
4.4 2.5162536852 8381.02004746 1.2538510352
4.6 2.92086119803 7928.35431567 1.25015852969
