2.2 0.184924702397 14923.0343601 1.34001116369
2.4 0.231425921518 15247.4749628 1.33472188443
2.6 0.285929695332 15080.2116468 1.33559633519
2.8 0.349252333224 14448.4914692 1.32676508963
3.0 0.422242531447 13406.0466299 1.32126602913
3.2 0.505780851386 12339.3949901 1.31457993342
3.4 0.600779232412 11300.3675174 1.30429720749
3.6 0.708180535481 10313.9606984 1.295009552
3.8 0.828958114192 9458.17770773 1.28397295443
4.0 0.9641154105 8838.68511428 1.27271749555
4.2 1.1146855727 8429.8990879 1.26382062686
4.4 1.28173109358 8123.51466319 1.25526031276
4.6 1.46634346696 7687.85355041 1.2513734235
