2.2 0.001084 18.2885931321 0.0654024134124
2.2 0.001626 17.2902034286 0.0615366657343
2.2 0.002168 16.7574162059 0.0592100600487
2.2 0.00271 16.4647406515 0.057837225479
2.2 0.003252 15.8746121577 0.055276589077
2.2 0.003794 15.0209414992 0.0516844089961
2.2 0.004336 14.566272409 0.0503128674566
2.2 0.004878 14.0078512573 0.0481883784214
2.2 0.00542 13.4590077082 0.0456213625297
2.2 0.005962 13.0027725122 0.0443654557314
2.2 0.006504 12.5106530722 0.0424898193668
2.2 0.007046 11.9701724513 0.0404865338642
2.2 0.007588 11.4857241984 0.0387660479447
2.2 0.00813 11.067868681 0.0373509862685
2.2 0.008672 10.676008909 0.0362325706443
2.2 0.009214 10.4239709862 0.0352699068513
2.2 0.009756 9.94057422497 0.0332509699139
2.2 0.010298 9.71913943243 0.0324755032402
2.2 0.01084 9.36799402389 0.031366433616
2.2 0.011382 9.07570729246 0.0302736884799
2.2 0.011924 8.8065649537 0.029251945059
2.2 0.012466 8.54705207547 0.0283808333116
2.2 0.013008 8.27353001273 0.02755623576
2.2 0.01355 7.97244173193 0.0266030594711
2.2 0.014092 7.76673978379 0.0257868607431
2.2 0.014634 7.47982377315 0.0249276410046
2.2 0.015176 7.27682197842 0.0242235594297
2.2 0.015718 7.0676158522 0.0233980193259
2.2 0.01626 6.86592765056 0.022581904319
2.2 0.016802 6.70943630283 0.022004615199
2.2 0.017344 6.52425647032 0.0213261638488
2.2 0.017886 6.30329588146 0.0205279085535
2.2 0.018428 6.13688893469 0.0200511427399
2.2 0.01897 5.94870704581 0.0194595794507
2.2 0.019512 5.7693951337 0.0188330777985
2.4 0.001084 23.9075270147 0.0847815204191
2.4 0.001626 22.5580366442 0.0801606900774
2.4 0.002168 21.9450081364 0.0776479209911
2.4 0.00271 21.5125100009 0.0754084974686
2.4 0.003252 20.5788731721 0.0711531696076
2.4 0.003794 19.5747140393 0.0670035443847
2.4 0.004336 18.9807271665 0.0648404404619
2.4 0.004878 18.2317937378 0.0617641350032
2.4 0.00542 17.5325302176 0.0588440746939
2.4 0.005962 16.9641326604 0.0574542260922
2.4 0.006504 16.1935981865 0.0544844334975
2.4 0.007046 15.4818541558 0.0519982898269
2.4 0.007588 14.927207772 0.0501445565595
2.4 0.00813 14.3710142681 0.0482827621586
2.4 0.008672 13.9789963866 0.0467791821363
2.4 0.009214 13.5173259272 0.0450696767469
2.4 0.009756 13.0329520853 0.0432846008804
2.4 0.010298 12.6716882506 0.0418686143172
2.4 0.01084 12.1995907103 0.0402854323664
2.4 0.011382 11.8310140806 0.0388399640972
2.4 0.011924 11.5070354147 0.0376006894968
2.4 0.012466 11.1465803149 0.0365786808669
2.4 0.013008 10.7030234273 0.0350084765531
2.4 0.01355 10.420438489 0.0340297418363
2.4 0.014092 10.0740916894 0.0328882647404
2.4 0.014634 9.74429786675 0.0318719523732
2.4 0.015176 9.46419642609 0.0308157989265
2.4 0.015718 9.20972074888 0.0297501314871
2.4 0.01626 8.98159324374 0.0289191771377
2.4 0.016802 8.75675559814 0.0281176655707
2.4 0.017344 8.45794227636 0.02707395214
2.4 0.017886 8.2251402713 0.0261673103676
2.4 0.018428 7.99928724439 0.0254721666506
2.4 0.01897 7.76392693085 0.0246299541795
2.4 0.019512 7.54321014163 0.0239038611773
2.6 0.001084 30.5120126884 0.107112216159
2.6 0.001626 28.750365774 0.101650808171
2.6 0.002168 28.0428643515 0.0984794705719
2.6 0.00271 27.391108794 0.0948863871
2.6 0.003252 25.9538997069 0.0887435602968
2.6 0.003794 24.8756630044 0.0845329007517
2.6 0.004336 24.0701471999 0.0814394126578
2.6 0.004878 23.0466705528 0.0773051502316
2.6 0.00542 22.2327484915 0.0742188058109
2.6 0.005962 21.4774293736 0.0718906031264
2.6 0.006504 20.4714960193 0.0682763242348
2.6 0.007046 19.6352483587 0.0651754489627
2.6 0.007588 19.0544485281 0.0631834082128
2.6 0.00813 18.2396488805 0.0601404683511
2.6 0.008672 17.8845005019 0.0587042854629
2.6 0.009214 17.0770115547 0.0560229390223
2.6 0.009756 16.6259790624 0.0539973901745
2.6 0.010298 15.999729384 0.0520644220159
2.6 0.01084 15.5155964575 0.0500855463474
2.6 0.011382 15.0942425026 0.0485137124277
2.6 0.011924 14.6300082853 0.04715004523
2.6 0.012466 14.123217182 0.0454364376263
2.6 0.013008 13.6425374076 0.0436718998695
2.6 0.01355 13.219017574 0.0422277059892
2.6 0.014092 12.7725156737 0.0407158101447
2.6 0.014634 12.3622593131 0.0394626044414
2.6 0.015176 12.0874947774 0.0382342937876
2.6 0.015718 11.7419916597 0.037189778644
2.6 0.01626 11.4379934598 0.036000519691
2.6 0.016802 11.0620696356 0.0348268967953
2.6 0.017344 10.7189215292 0.0336289359581
2.6 0.017886 10.4373150976 0.0325007700348
2.6 0.018428 10.1498768545 0.0314987472717
2.6 0.01897 9.87141540237 0.0306322712437
2.6 0.019512 9.57743778862 0.029674034596
2.8 0.001084 38.0428807276 0.132783711767
2.8 0.001626 35.7928540747 0.1259589961
2.8 0.002168 34.8962350659 0.122069867749
2.8 0.00271 33.9702712024 0.117063799289
2.8 0.003252 32.0669537781 0.108888474945
2.8 0.003794 31.1143792002 0.105353798942
2.8 0.004336 29.8532176975 0.100268497424
2.8 0.004878 28.4890632711 0.0946350178234
2.8 0.00542 27.5450452612 0.0912810857657
2.8 0.005962 26.4393417543 0.0876278244649
2.8 0.006504 25.1384891248 0.0829768766009
2.8 0.007046 24.260435827 0.0799648932759
2.8 0.007588 23.537678083 0.0775211766333
2.8 0.00813 22.6499822591 0.0739591420423
2.8 0.008672 22.0152135821 0.0715397391275
2.8 0.009214 21.1232840983 0.0683811870167
2.8 0.009756 20.5351854845 0.0657597436515
2.8 0.010298 19.674248187 0.0634764607675
2.8 0.01084 19.2429157346 0.0609455209331
2.8 0.011382 18.6416410993 0.0595478359316
2.8 0.011924 18.0446291061 0.0573520666552
2.8 0.012466 17.4076941411 0.0549160421926
2.8 0.013008 16.8625868692 0.0530237835638
2.8 0.01355 16.3249398589 0.0510317712538
2.8 0.014092 15.791451327 0.0495963693969
2.8 0.014634 15.407706348 0.0481837561263
2.8 0.015176 15.0152058056 0.0467565799437
2.8 0.015718 14.5709171596 0.0452243211899
2.8 0.01626 14.0880013752 0.0436649481957
2.8 0.016802 13.6996993117 0.0423391081728
2.8 0.017344 13.3387838875 0.0407617961441
2.8 0.017886 12.978023244 0.0395498426581
2.8 0.018428 12.63611483 0.0385903493744
2.8 0.01897 12.241880987 0.0372592856878
2.8 0.019512 11.8511679149 0.0359333726453
3.0 0.001084 46.4975546118 0.162803225053
3.0 0.001626 43.7517304262 0.153991964314
3.0 0.002168 42.6027403321 0.149147733057
3.0 0.00271 41.239894113 0.141815974167
3.0 0.003252 38.7346206346 0.13150285038
3.0 0.003794 37.9731114011 0.128802999582
3.0 0.004336 36.0601728502 0.121018111755
3.0 0.004878 34.4409346912 0.114377085658
3.0 0.00542 33.3978147137 0.110769565471
3.0 0.005962 31.7713808904 0.105096318037
3.0 0.006504 30.2645426168 0.099527891986
3.0 0.007046 29.6031875892 0.0975056468099
3.0 0.007588 28.3934304969 0.0932442416728
3.0 0.00813 27.4581730371 0.0892044004645
3.0 0.008672 26.4460855494 0.0856870759054
3.0 0.009214 25.6407686069 0.0821892386054
3.0 0.009756 24.6936963535 0.0791716427011
3.0 0.010298 23.9500577696 0.0761781934267
3.0 0.01084 23.2805660137 0.0736434632737
3.0 0.011382 22.5010868942 0.0709843760427
3.0 0.011924 21.7407383937 0.0679355694106
3.0 0.012466 21.0133734061 0.0655924391692
3.0 0.013008 20.3916620095 0.0634134186454
3.0 0.01355 19.7670126909 0.0610425934596
3.0 0.014092 19.1987730036 0.0591727555676
3.0 0.014634 18.7037669221 0.0575489499415
3.0 0.015176 18.1703994273 0.0557835026102
3.0 0.015718 17.6099392059 0.053666780154
3.0 0.01626 17.1130350075 0.0519785698254
3.0 0.016802 16.7027138869 0.0504366191427
3.0 0.017344 16.2661345635 0.0487325862247
3.0 0.017886 15.8858664519 0.047559314701
3.0 0.018428 15.4193482324 0.0458251851865
3.0 0.01897 14.8616663483 0.0442065706392
3.0 0.019512 14.5667103961 0.0431760801845
3.2 0.001084 55.8071636526 0.197958205536
3.2 0.001626 52.4990641436 0.186711641793
3.2 0.002168 50.9715583884 0.181335689047
3.2 0.00271 49.260800138 0.170632840118
3.2 0.003252 45.9846436652 0.156824300327
3.2 0.003794 45.5540131634 0.155568097878
3.2 0.004336 42.7927284953 0.144782237664
3.2 0.004878 41.0512236331 0.137624533389
3.2 0.00542 39.7848485598 0.133569925529
3.2 0.005962 37.5733675198 0.124770172749
3.2 0.006504 35.8378944944 0.117981727593
3.2 0.007046 35.582095682 0.118067264192
3.2 0.007588 33.5922489033 0.110266399963
3.2 0.00813 32.8706413516 0.1066313452
3.2 0.008672 31.463098716 0.102221142038
3.2 0.009214 30.7372274701 0.0978761442475
3.2 0.009756 29.2697886105 0.0942760315073
3.2 0.010298 28.7664544846 0.0908290696038
3.2 0.01084 27.656565922 0.0876272684699
3.2 0.011382 26.7543667108 0.0837195360948
3.2 0.011924 25.9571080706 0.080553764761
3.2 0.012466 25.2407943315 0.0787702923358
3.2 0.013008 24.5262486688 0.074961222108
3.2 0.01355 23.7046593643 0.0724859082347
3.2 0.014092 23.0085793014 0.0700961677076
3.2 0.014634 22.428790884 0.0685968800486
3.2 0.015176 21.7072174778 0.0657019205018
3.2 0.015718 21.037548279 0.0636950160157
3.2 0.01626 20.5438587691 0.0616258605913
3.2 0.016802 19.9912033883 0.0599708762295
3.2 0.017344 19.5832902258 0.0583092802165
3.2 0.017886 19.0614726937 0.0563227074544
3.2 0.018428 18.3170485514 0.0541873997414
3.2 0.01897 18.0025574581 0.0527421519052
3.2 0.019512 17.5824141455 0.0518107300973
3.4 0.001084 67.0386920173 0.240139197913
3.4 0.001626 63.0652474014 0.226122230522
3.4 0.002168 60.853266484 0.218474517505
3.4 0.00271 58.4364435863 0.203715134793
3.4 0.003252 54.8497277696 0.189033393927
3.4 0.003794 53.9251511073 0.185816576072
3.4 0.004336 50.7416410414 0.173685610804
3.4 0.004878 48.8373979285 0.165894844556
3.4 0.00542 46.9340162892 0.158756974546
3.4 0.005962 44.4949313187 0.148793606885
3.4 0.006504 42.8064887687 0.141812572902
3.4 0.007046 41.9878684673 0.139429194984
3.4 0.007588 39.9884887639 0.131383676573
3.4 0.00813 38.8240240079 0.126610957922
3.4 0.008672 37.394327444 0.121096383507
3.4 0.009214 36.2458346931 0.116503504685
3.4 0.009756 34.82046649 0.111823411677
3.4 0.010298 33.8991712369 0.107806432425
3.4 0.01084 32.663084937 0.103320085395
3.4 0.011382 31.7186392935 0.0993160010262
3.4 0.011924 30.9393034858 0.0965320336894
3.4 0.012466 30.1389026064 0.0930660871965
3.4 0.013008 29.2266259348 0.0891400823835
3.4 0.01355 28.2394789904 0.0860222189038
3.4 0.014092 27.4476824189 0.0834493093847
3.4 0.014634 26.651659983 0.0807727821421
3.4 0.015176 25.8143578215 0.0782392171003
3.4 0.015718 25.0752557322 0.0755806280351
3.4 0.01626 24.4407965473 0.0734405476396
3.4 0.016802 23.9291533283 0.0713745335738
3.4 0.017344 23.3742667447 0.0689857703684
3.4 0.017886 22.5993172588 0.0665467649283
3.4 0.018428 22.0509072874 0.0642777992792
3.4 0.01897 21.5715462965 0.0628765401668
3.4 0.019512 21.1029859768 0.0613117036083
3.6 0.001084 80.2701944915 0.291530549126
3.6 0.001626 75.4562925517 0.274717021581
3.6 0.002168 72.3824149941 0.263516451517
3.6 0.00271 69.1988744489 0.244266656996
3.6 0.003252 65.4300873561 0.228931420329
3.6 0.003794 63.7560176223 0.222661234586
3.6 0.004336 60.1664607628 0.208916647538
3.6 0.004878 57.8808859671 0.199290069616
3.6 0.00542 55.2908633813 0.188802712311
3.6 0.005962 52.5037922265 0.177273328305
3.6 0.006504 50.995674074 0.170861801353
3.6 0.007046 49.3433201355 0.164868896167
3.6 0.007588 47.4885483125 0.157031682982
3.6 0.00813 45.7733419143 0.150144683851
3.6 0.008672 44.4759067037 0.144721265811
3.6 0.009214 42.7016804709 0.138373351066
3.6 0.009756 41.4336431371 0.13306694768
3.6 0.010298 40.0213880835 0.127973425676
3.6 0.01084 38.5617909835 0.121899965413
3.6 0.011382 37.7290507408 0.118378220519
3.6 0.011924 36.733293331 0.11486324122
3.6 0.012466 35.9041862955 0.10972779694
3.6 0.013008 34.6933655711 0.106022162325
3.6 0.01355 33.602235153 0.10205985627
3.6 0.014092 32.7376183418 0.0993555568611
3.6 0.014634 31.6010755814 0.0956060524865
3.6 0.015176 30.7113845974 0.0927811554706
3.6 0.015718 29.8878132023 0.089836104792
3.6 0.01626 29.2005374489 0.0874168317726
3.6 0.016802 28.5767771776 0.0844189055526
3.6 0.017344 27.7507805273 0.0815987808203
3.6 0.017886 26.9165967397 0.0787205607767
3.6 0.018428 26.3497569449 0.0763581225463
3.6 0.01897 25.7318569087 0.0743785604903
3.6 0.019512 25.1596021388 0.0723521480125
3.8 0.001084 95.782372552 0.354401519612
3.8 0.001626 89.9385013571 0.334245886282
3.8 0.002168 85.7903286049 0.317187963456
3.8 0.00271 81.8446781394 0.293718029879
3.8 0.003252 78.0885463043 0.27766964115
3.8 0.003794 75.4338674074 0.267340960904
3.8 0.004336 71.563158501 0.251725316279
3.8 0.004878 68.6876689918 0.239169441114
3.8 0.00542 65.3250004076 0.22562441549
3.8 0.005962 62.131996652 0.212183620983
3.8 0.006504 60.8853893444 0.206813657254
3.8 0.007046 58.1535028983 0.195946143718
3.8 0.007588 56.5116588568 0.187821894587
3.8 0.00813 54.1559234825 0.179272338116
3.8 0.008672 53.1083373676 0.17436875037
3.8 0.009214 50.6333144103 0.164603521345
3.8 0.009756 49.2087809182 0.159086310141
3.8 0.010298 47.4535152604 0.152550914353
3.8 0.01084 45.7729813942 0.145254955312
3.8 0.011382 44.8980420798 0.141350306991
3.8 0.011924 43.767079934 0.136333448373
3.8 0.012466 42.6650386306 0.131377091896
3.8 0.013008 41.2790762504 0.126427403814
3.8 0.01355 40.0411151306 0.121917070241
3.8 0.014092 38.7948104334 0.117830444754
3.8 0.014634 37.7192671598 0.113896133393
3.8 0.015176 36.7139295175 0.110572309905
3.8 0.015718 35.7470328118 0.10718494256
3.8 0.01626 34.9514417911 0.103417617518
3.8 0.016802 33.9936041609 0.100162674429
3.8 0.017344 32.8422569942 0.0963369516852
3.8 0.017886 32.2953931143 0.0940093892044
3.8 0.018428 31.3382242342 0.0900036962573
3.8 0.01897 30.8418307796 0.0887610106754
3.8 0.019512 30.0614290346 0.0855949358348
4.0 0.001084 115.251573996 0.432087595618
4.0 0.001626 108.064938546 0.407269227153
4.0 0.002168 102.689589882 0.383322804339
4.0 0.00271 97.7152539012 0.355252172056
4.0 0.003252 93.7260090096 0.337698805173
4.0 0.003794 89.7820415449 0.322170786132
4.0 0.004336 85.6017424042 0.304733205503
4.0 0.004878 81.8540325963 0.288408859877
4.0 0.00542 77.6590522482 0.271722248154
4.0 0.005962 73.953183443 0.255820073301
4.0 0.006504 72.8541597879 0.251228742573
4.0 0.007046 69.0515120327 0.23453582562
4.0 0.007588 67.3448019996 0.225521458218
4.0 0.00813 64.867326319 0.216821148946
4.0 0.008672 63.1973683337 0.209160999243
4.0 0.009214 60.602294149 0.198705592915
4.0 0.009756 58.6471789176 0.191423996076
4.0 0.010298 56.4198443755 0.182456096655
4.0 0.01084 54.910945374 0.175215418262
4.0 0.011382 53.4945627223 0.169193621217
4.0 0.011924 52.3364546087 0.163474225713
4.0 0.012466 50.8808586798 0.158775081232
4.0 0.013008 49.2961653142 0.150737659693
4.0 0.01355 47.7248702373 0.145899550553
4.0 0.014092 46.3763439162 0.140659306577
4.0 0.014634 45.2820605759 0.136746236508
4.0 0.015176 43.9817747713 0.132278941472
4.0 0.015718 42.8416549622 0.127742620619
4.0 0.01626 41.7121691119 0.123250707694
4.0 0.016802 40.555309933 0.119176663267
4.0 0.017344 39.7024497415 0.116078812867
4.0 0.017886 38.5154687554 0.11087340023
4.0 0.018428 37.7935816342 0.108867136388
4.0 0.01897 36.8624039987 0.10503632666
4.0 0.019512 35.8986591062 0.101736492698
4.2 0.001084 137.665625563 0.528621796077
4.2 0.001626 128.952343553 0.498081478129
4.2 0.002168 122.176646804 0.46514937128
4.2 0.00271 116.286581834 0.431590109788
4.2 0.003252 112.121053021 0.412029519818
4.2 0.003794 106.858700373 0.390118761799
4.2 0.004336 102.528435534 0.371073326562
4.2 0.004878 97.6696706601 0.349474416977
4.2 0.00542 92.4103885543 0.328916193885
4.2 0.005962 88.5786426342 0.311415322828
4.2 0.006504 86.3342352541 0.302094895486
4.2 0.007046 82.6537799214 0.283784596739
4.2 0.007588 80.304006949 0.273017714315
4.2 0.00813 77.9284832959 0.263765630817
4.2 0.008672 75.3839180646 0.252140786227
4.2 0.009214 72.306586096 0.240042453571
4.2 0.009756 70.1507572772 0.231326040144
4.2 0.010298 67.0802301534 0.218869780315
4.2 0.01084 65.9183293382 0.211015027341
4.2 0.011382 64.0166372208 0.20364554963
4.2 0.011924 62.664333582 0.197798706859
4.2 0.012466 60.9242141854 0.190340338838
4.2 0.013008 58.9961118869 0.182205426239
4.2 0.01355 57.1607239917 0.175336030063
4.2 0.014092 55.7359120375 0.170003233605
4.2 0.014634 54.1683489525 0.164097619723
4.2 0.015176 52.7172258982 0.158496006797
4.2 0.015718 51.1471775826 0.152146946786
4.2 0.01626 50.00717867 0.148545151614
4.2 0.016802 48.7693024865 0.143280810642
4.2 0.017344 47.6539835066 0.138623352745
4.2 0.017886 46.2564515282 0.133725513587
4.2 0.018428 45.3221531867 0.130148514321
4.2 0.01897 44.1249961682 0.125192364067
4.2 0.019512 43.0723291086 0.120834364067
4.4 0.001084 164.969775093 0.648009990035
4.4 0.001626 154.358034293 0.609731217788
4.4 0.002168 146.072397515 0.566606731387
4.4 0.00271 138.980531102 0.525671934267
4.4 0.003252 134.481890144 0.504302239065
4.4 0.003794 127.759044899 0.474112755029
4.4 0.004336 123.15043949 0.452756005935
4.4 0.004878 116.810449648 0.424792865381
4.4 0.00542 110.710829647 0.400320103152
4.4 0.005962 106.630573184 0.381563624346
4.4 0.006504 102.835530078 0.36459041606
4.4 0.007046 99.2362295692 0.34543278279
4.4 0.007588 96.0006344346 0.332325004309
4.4 0.00813 93.8130842372 0.321618974286
4.4 0.008672 90.2571784043 0.305571797668
4.4 0.009214 86.592019169 0.290830235295
4.4 0.009756 84.019202856 0.280139991439
4.4 0.010298 80.8349799224 0.26559901378
4.4 0.01084 78.9757568165 0.255382696845
4.4 0.011382 76.9754156505 0.247750486328
4.4 0.011924 75.2412751543 0.239504113112
4.4 0.012466 73.1918582253 0.2292399912
4.4 0.013008 70.6717051099 0.220164829014
4.4 0.01355 68.8235273078 0.212192869599
4.4 0.014092 67.0163635275 0.20595812621
4.4 0.014634 65.1310490283 0.197765698173
4.4 0.015176 63.3133574208 0.190331962882
4.4 0.015718 61.6945784984 0.184791880453
4.4 0.01626 60.2544157933 0.179352206147
4.4 0.016802 58.9512621501 0.173355903818
4.4 0.017344 56.9948086091 0.166049901219
4.4 0.017886 55.8561298351 0.162565867704
4.4 0.018428 54.5352151987 0.155696331232
4.4 0.01897 53.1981951569 0.150495024255
4.4 0.019512 52.0534103713 0.14516577665
4.6 0.001084 196.88478343 0.794095287222
4.6 0.001626 184.195505685 0.74508997397
4.6 0.002168 174.38035623 0.690822010127
4.6 0.00271 166.028435554 0.641235660381
4.6 0.003252 161.240601008 0.617657664183
4.6 0.003794 152.579483492 0.576428990357
4.6 0.004336 147.50657591 0.552413462733
4.6 0.004878 139.541440837 0.516976985021
4.6 0.00542 132.558638124 0.487401080472
4.6 0.005962 127.995587855 0.467358325419
4.6 0.006504 122.542090798 0.440816099403
4.6 0.007046 119.114971414 0.421708884672
4.6 0.007588 114.864284472 0.404298076027
4.6 0.00813 112.588486064 0.390678186518
4.6 0.008672 108.15205053 0.371642870951
4.6 0.009214 104.247926931 0.355250763476
4.6 0.009756 100.372828617 0.339368601288
4.6 0.010298 97.4209688055 0.322556871878
4.6 0.01084 94.6160116705 0.310811094191
4.6 0.011382 92.6219980738 0.302700345972
4.6 0.011924 90.5106866529 0.290089654137
4.6 0.012466 87.894932695 0.278454760962
4.6 0.013008 85.0663569253 0.267420080357
4.6 0.01355 82.8955921736 0.258550263184
4.6 0.014092 80.5991607483 0.249273740521
4.6 0.014634 78.3688222663 0.23844336095
4.6 0.015176 76.1672911583 0.23043701184
4.6 0.015718 74.4550307382 0.225025111551
4.6 0.01626 72.7161451757 0.217334424171
4.6 0.016802 70.7954655088 0.209100020666
4.6 0.017344 68.8831098001 0.202192534956
4.6 0.017886 67.3961471491 0.194796360715
4.6 0.018428 65.8822397916 0.188392337328
4.6 0.01897 64.425137678 0.18199802365
4.6 0.019512 63.0195688541 0.175408873513
