2.2 0.001084 18.6746134107 0.0663039651591
2.2 0.001626 17.6555743886 0.0627320621391
2.2 0.002168 17.1349130626 0.0606131243296
2.2 0.00271 16.8326870812 0.0590642774739
2.2 0.003252 16.1984634348 0.0561692265751
2.2 0.003794 15.2928869657 0.0523592256203
2.2 0.004336 14.8660501307 0.0508818357946
2.2 0.004878 14.303881909 0.0486032829161
2.2 0.00542 13.7490874468 0.0462594928054
2.2 0.005962 13.2886952842 0.045012149757
2.2 0.006504 12.7273927652 0.043015028233
2.2 0.007046 12.16551967 0.0410527606204
2.2 0.007588 11.6839187466 0.0394931879084
2.2 0.00813 11.2597163606 0.0381268822479
2.2 0.008672 10.8771585385 0.0368298631564
2.2 0.009214 10.6094591144 0.0356481874669
2.2 0.009756 10.1262456989 0.0340967765342
2.2 0.010298 9.86781204786 0.0329022900735
2.2 0.01084 9.51608588185 0.0318148851339
2.2 0.011382 9.17856697634 0.0305784276871
2.2 0.011924 8.89966420132 0.0294662489843
2.2 0.012466 8.63144715653 0.0285913489151
2.2 0.013008 8.31995996028 0.0276818522822
2.2 0.01355 7.9998670284 0.0265634915075
2.2 0.014092 7.77731256628 0.0257584500301
2.2 0.014634 7.48576756469 0.024887696695
2.2 0.015176 7.26190909768 0.0242551751147
2.2 0.015718 7.03316749881 0.0232282420999
2.2 0.01626 6.82355744351 0.0223923555412
2.2 0.016802 6.64456809509 0.0217803142089
2.2 0.017344 6.4450877587 0.0210833189216
2.2 0.017886 6.22231372866 0.0202503619724
2.2 0.018428 6.03326383057 0.0195689695316
2.2 0.01897 5.83553285463 0.0190170579398
2.2 0.019512 5.65216753823 0.0183077923512
2.4 0.001084 24.417125577 0.0855278624157
2.4 0.001626 23.0436865833 0.0812234378044
2.4 0.002168 22.4561792115 0.078646413791
2.4 0.00271 22.0107856393 0.0761587914283
2.4 0.003252 20.9799365952 0.0717748482454
2.4 0.003794 19.9246961393 0.0676940013089
2.4 0.004336 19.3750679407 0.0656430283678
2.4 0.004878 18.5554036954 0.0623707371873
2.4 0.00542 17.8640274621 0.0595444719981
2.4 0.005962 17.3469076839 0.0581632305227
2.4 0.006504 16.5024564413 0.0552086338492
2.4 0.007046 15.8071047719 0.052828026048
2.4 0.007588 15.3083506928 0.0510798923404
2.4 0.00813 14.7135778103 0.0490103232328
2.4 0.008672 14.2811470452 0.0473483092481
2.4 0.009214 13.7922341541 0.0456678260106
2.4 0.009756 13.2662466115 0.0437872588204
2.4 0.010298 12.865397415 0.0421958645291
2.4 0.01084 12.3792547821 0.040710367273
2.4 0.011382 12.0152893149 0.0390197097346
2.4 0.011924 11.6789282922 0.0380996410792
2.4 0.012466 11.2800220032 0.0370031106528
2.4 0.013008 10.8604242333 0.0354617485131
2.4 0.01355 10.4901799299 0.0341927717422
2.4 0.014092 10.1322820621 0.032857274479
2.4 0.014634 9.77937995422 0.0317858280482
2.4 0.015176 9.48758834653 0.0307788508021
2.4 0.015718 9.22354685852 0.0297830946458
2.4 0.01626 8.94127386355 0.02886743262
2.4 0.016802 8.6696690293 0.0278541869147
2.4 0.017344 8.37151653633 0.0268862267563
2.4 0.017886 8.10851851609 0.0259059332394
2.4 0.018428 7.88087672459 0.0250600271463
2.4 0.01897 7.62915131817 0.024173360261
2.4 0.019512 7.40808200305 0.0234767583982
2.6 0.001084 31.212788611 0.107718394222
2.6 0.001626 29.4560926789 0.102355098373
2.6 0.002168 28.7531395867 0.0994144603776
2.6 0.00271 28.0392435469 0.0958142030582
2.6 0.003252 26.5458417303 0.0896651928162
2.6 0.003794 25.5321027522 0.0859327448132
2.6 0.004336 24.6960842215 0.0826926532797
2.6 0.004878 23.5311047615 0.0779678663468
2.6 0.00542 22.7048824667 0.0749384002946
2.6 0.005962 21.955351411 0.0724520846244
2.6 0.006504 20.8438221567 0.0686042344847
2.6 0.007046 19.9851530542 0.065772033019
2.6 0.007588 19.5575518669 0.064523592687
2.6 0.00813 18.632808841 0.0610868020404
2.6 0.008672 18.216627466 0.0593010086656
2.6 0.009214 17.4407570474 0.0569199583819
2.6 0.009756 16.9330224646 0.054552038288
2.6 0.010298 16.2578893416 0.0527960346954
2.6 0.01084 15.7507500517 0.0506597892513
2.6 0.011382 15.2908309479 0.049092579845
2.6 0.011924 14.7860025751 0.0475881086394
2.6 0.012466 14.2598818493 0.0457588074771
2.6 0.013008 13.7585118864 0.0440286006946
2.6 0.01355 13.3130975883 0.0423785586724
2.6 0.014092 12.8823848804 0.0408410316432
2.6 0.014634 12.4751304901 0.0398479350208
2.6 0.015176 12.1413335564 0.0385379751717
2.6 0.015718 11.7938204489 0.0373780995009
2.6 0.01626 11.3874100219 0.0358524014896
2.6 0.016802 10.9910914602 0.034592089208
2.6 0.017344 10.6941787019 0.0335483328901
2.6 0.017886 10.3811943635 0.0321403488217
2.6 0.018428 10.0712512089 0.0312657101311
2.6 0.01897 9.774190933 0.0303163513105
2.6 0.019512 9.43573381517 0.0291784352081
2.8 0.001084 38.9995683786 0.133687983561
2.8 0.001626 36.8084162145 0.126847710661
2.8 0.002168 35.9556400123 0.123282537761
2.8 0.00271 34.8521576101 0.117922763854
2.8 0.003252 32.7757129188 0.10965235121
2.8 0.003794 31.8932057689 0.106530150386
2.8 0.004336 30.5599308123 0.101409629045
2.8 0.004878 29.1080399309 0.0957913300635
2.8 0.00542 28.1836087383 0.0924627780138
2.8 0.005962 27.0137000671 0.0884868742613
2.8 0.006504 25.6584175386 0.0838388814898
2.8 0.007046 24.9152557397 0.0815159962737
2.8 0.007588 24.2277192723 0.0793585331898
2.8 0.00813 23.1497134864 0.0751861015467
2.8 0.008672 22.4842746014 0.072517522273
2.8 0.009214 21.6203582443 0.0696245351557
2.8 0.009756 20.9871532157 0.0667599382531
2.8 0.010298 20.0941038133 0.0647176238807
2.8 0.01084 19.6777752313 0.0619903494534
2.8 0.011382 18.9478570335 0.0602567250735
2.8 0.011924 18.3037488488 0.057511262145
2.8 0.012466 17.6217426002 0.0553389284351
2.8 0.013008 17.0782988245 0.053714187261
2.8 0.01355 16.5398221385 0.0513900487504
2.8 0.014092 16.0155110279 0.0498632061512
2.8 0.014634 15.5597404061 0.0483453266513
2.8 0.015176 15.1041760554 0.0470641436401
2.8 0.015718 14.6045222263 0.0451276012416
2.8 0.01626 14.1234542905 0.0435587853659
2.8 0.016802 13.742189709 0.0422941040745
2.8 0.017344 13.3639431821 0.04086051938
2.8 0.017886 12.9826414118 0.0395425760702
2.8 0.018428 12.6227331881 0.0383251125103
2.8 0.01897 12.1875323968 0.0368909354593
2.8 0.019512 11.7655176678 0.0356058415408
3.0 0.001084 47.6448310791 0.16356470581
3.0 0.001626 44.9953143876 0.154617893392
3.0 0.002168 43.8746586648 0.150922958066
3.0 0.00271 42.3964842056 0.143152495557
3.0 0.003252 39.6146780199 0.131949345776
3.0 0.003794 38.9722430903 0.129884593879
3.0 0.004336 36.9289655983 0.1224966264
3.0 0.004878 35.3022252747 0.116173512307
3.0 0.00542 34.2279416562 0.112403283637
3.0 0.005962 32.5475099728 0.10627832981
3.0 0.006504 30.9938621979 0.100540100521
3.0 0.007046 30.4781994658 0.099402018159
3.0 0.007588 29.194133093 0.0948534343777
3.0 0.00813 28.1820470159 0.0907218307681
3.0 0.008672 27.2111704789 0.0873998210763
3.0 0.009214 26.3484484528 0.0836000272845
3.0 0.009756 25.3376851222 0.0804372475693
3.0 0.010298 24.583388563 0.0776308281171
3.0 0.01084 23.8694521938 0.0749125884621
3.0 0.011382 22.9764354434 0.0718439591985
3.0 0.011924 22.2055274102 0.0689384971957
3.0 0.012466 21.5242299041 0.0668755704677
3.0 0.013008 20.8739094471 0.0645077200508
3.0 0.01355 20.2187804139 0.0620070871951
3.0 0.014092 19.5616987031 0.0599371153405
3.0 0.014634 18.977498536 0.0580329922771
3.0 0.015176 18.4221549417 0.0563716026966
3.0 0.015718 17.8020688492 0.0541501754826
3.0 0.01626 17.2849117163 0.0525888670689
3.0 0.016802 16.8287606742 0.050849398749
3.0 0.017344 16.3481820084 0.0493492927406
3.0 0.017886 15.9505993865 0.0478046196763
3.0 0.018428 15.418044862 0.0459458166261
3.0 0.01897 14.8726728265 0.0444451978305
3.0 0.019512 14.5597147312 0.0432762118121
3.2 0.001084 57.5550006301 0.198941214293
3.2 0.001626 54.3490223566 0.18767337179
3.2 0.002168 52.8191658136 0.18345489662
3.2 0.00271 50.7635563746 0.171497701183
3.2 0.003252 47.2398141726 0.15824586314
3.2 0.003794 46.8993172919 0.157015994345
3.2 0.004336 43.9321667029 0.146545115426
3.2 0.004878 42.3070251137 0.140075316073
3.2 0.00542 40.9505498329 0.134844150361
3.2 0.005962 38.7376371593 0.126762885285
3.2 0.006504 36.9757435629 0.119356658805
3.2 0.007046 36.7982186518 0.119872963318
3.2 0.007588 34.6626419548 0.111986920792
3.2 0.00813 33.7822553128 0.108318465549
3.2 0.008672 32.3627635408 0.103522036316
3.2 0.009214 31.5917002244 0.0996106311703
3.2 0.009756 30.0453921718 0.0955665686309
3.2 0.010298 29.5302621168 0.0924264862899
3.2 0.01084 28.3681650708 0.0890239842245
3.2 0.011382 27.3476600341 0.0847918118561
3.2 0.011924 26.6632632318 0.0824467818633
3.2 0.012466 25.8413772117 0.0799603766113
3.2 0.013008 25.1442540053 0.0763515207259
3.2 0.01355 24.3113257549 0.0740793912234
3.2 0.014092 23.4317074121 0.0711420084075
3.2 0.014634 22.8513636487 0.0694395471316
3.2 0.015176 22.0529418609 0.0665990611384
3.2 0.015718 21.4237770593 0.0650456310774
3.2 0.01626 20.8228485398 0.0625663133476
3.2 0.016802 20.2154099648 0.0606684804635
3.2 0.017344 19.8204509083 0.0588659303515
3.2 0.017886 19.2542553898 0.0567409633787
3.2 0.018428 18.5418303068 0.0548567575413
3.2 0.01897 18.1265936643 0.0530638785719
3.2 0.019512 17.6054734223 0.0517433830472
3.4 0.001084 69.3423092149 0.241517411666
3.4 0.001626 65.4322553656 0.228177624728
3.4 0.002168 63.1534777885 0.221282567252
3.4 0.00271 60.3927982285 0.205366594269
3.4 0.003252 56.6953778601 0.19138808128
3.4 0.003794 55.7911338187 0.188165617555
3.4 0.004336 52.374290516 0.175973859197
3.4 0.004878 50.4848078812 0.168237011396
3.4 0.00542 48.4550897069 0.159998597463
3.4 0.005962 45.9571261697 0.150982221095
3.4 0.006504 44.2569168843 0.143775640804
3.4 0.007046 43.4485408717 0.141461152461
3.4 0.007588 41.2897086875 0.1335194364
3.4 0.00813 40.0490152323 0.128535221831
3.4 0.008672 38.5721062882 0.123147332618
3.4 0.009214 37.4009839676 0.118518390094
3.4 0.009756 35.960761068 0.113402137762
3.4 0.010298 34.988385727 0.109580444177
3.4 0.01084 33.6429170111 0.104884548306
3.4 0.011382 32.5739545199 0.100548365355
3.4 0.011924 31.7642884335 0.097827926706
3.4 0.012466 30.8841548104 0.0943071714516
3.4 0.013008 30.0199251519 0.0909092326987
3.4 0.01355 28.9803439376 0.0875613411625
3.4 0.014092 28.099132293 0.0847090208153
3.4 0.014634 27.2089436351 0.0819992685238
3.4 0.015176 26.3547656228 0.0791983304004
3.4 0.015718 25.6746777328 0.0768259201024
3.4 0.01626 24.9663975206 0.0743751446438
3.4 0.016802 24.3827620708 0.072001432273
3.4 0.017344 23.7667960363 0.0696733519539
3.4 0.017886 22.9604966149 0.0672545930956
3.4 0.018428 22.350703678 0.065163368217
3.4 0.01897 21.7135385884 0.0628207200653
3.4 0.019512 21.1989374833 0.0614689020307
3.6 0.001084 83.4277607208 0.293235660482
3.6 0.001626 78.6387429379 0.277366212076
3.6 0.002168 75.3377758456 0.26562712293
3.6 0.00271 71.734132002 0.246091461078
3.6 0.003252 67.9733984809 0.231207523748
3.6 0.003794 66.1714145988 0.224930932399
3.6 0.004336 62.4633578559 0.211170165297
3.6 0.004878 60.1094239296 0.201201023052
3.6 0.00542 57.3846190155 0.190366920973
3.6 0.005962 54.505598549 0.179545755079
3.6 0.006504 53.000310157 0.173552645923
3.6 0.007046 51.2211208149 0.167040080786
3.6 0.007588 49.1428883036 0.158597914078
3.6 0.00813 47.3903326318 0.152451943701
3.6 0.008672 46.017847351 0.147283215582
3.6 0.009214 44.2769338206 0.140251662621
3.6 0.009756 42.8470807829 0.134686349956
3.6 0.010298 41.4912930939 0.130229528878
3.6 0.01084 39.6862248673 0.123244719566
3.6 0.011382 38.8430611605 0.119614864506
3.6 0.011924 37.6564938202 0.11574558426
3.6 0.012466 36.8210231245 0.11159571036
3.6 0.013008 35.6182092167 0.108642278847
3.6 0.01355 34.3771795654 0.103035275794
3.6 0.014092 33.3464257655 0.100520344645
3.6 0.014634 32.2534104594 0.0968014911756
3.6 0.015176 31.4976289247 0.0939067711814
3.6 0.015718 30.6931670769 0.0910820333009
3.6 0.01626 29.8639821444 0.0879287379437
3.6 0.016802 29.1371447477 0.0849391660155
3.6 0.017344 28.2534877894 0.082265347395
3.6 0.017886 27.4474421692 0.0797261691919
3.6 0.018428 26.7165319933 0.0769576725287
3.6 0.01897 25.9843953393 0.0744647333494
3.6 0.019512 25.3712021407 0.0726796353481
3.8 0.001084 99.8193589048 0.356186967329
3.8 0.001626 93.9891361753 0.337352468487
3.8 0.002168 89.516423606 0.319497475352
3.8 0.00271 85.1462199049 0.296071888484
3.8 0.003252 81.3175854447 0.2797853105
3.8 0.003794 78.523555553 0.269477068976
3.8 0.004336 74.6038206837 0.254160850647
3.8 0.004878 71.63396408 0.241523538907
3.8 0.00542 68.0768711385 0.227885483087
3.8 0.005962 64.7321422257 0.214876001596
3.8 0.006504 63.3608115317 0.209588158774
3.8 0.007046 60.4045131384 0.197781920888
3.8 0.007588 58.6096342445 0.189194771369
3.8 0.00813 56.3123996443 0.182228392228
3.8 0.008672 55.0597966363 0.177031627947
3.8 0.009214 52.7021243618 0.167006818788
3.8 0.009756 50.9414676543 0.160808957527
3.8 0.010298 49.3041250648 0.155011163441
3.8 0.01084 47.2332985055 0.146694520325
3.8 0.011382 46.2642712094 0.142242758014
3.8 0.011924 44.9153868812 0.137494321259
3.8 0.012466 43.7912437591 0.133598274244
3.8 0.013008 42.3900209217 0.128285144367
3.8 0.01355 40.9660279682 0.122993175024
3.8 0.014092 39.6546567367 0.118718669516
3.8 0.014634 38.6683337746 0.115132749353
3.8 0.015176 37.711748747 0.111601271735
3.8 0.015718 36.6672056879 0.107783461262
3.8 0.01626 35.6574174893 0.103695036426
3.8 0.016802 34.7555787366 0.1010689841
3.8 0.017344 33.7120104467 0.0973534448572
3.8 0.017886 32.9731518874 0.0948730250964
3.8 0.018428 31.8009453844 0.0903569790256
3.8 0.01897 31.1964123262 0.0889664657982
3.8 0.019512 30.3016139664 0.0855938278396
4.0 0.001084 120.735521994 0.434261582892
4.0 0.001626 113.517434922 0.411214301207
4.0 0.002168 107.618587907 0.385809617721
4.0 0.00271 102.141494238 0.357610242254
4.0 0.003252 98.0070266214 0.339887212492
4.0 0.003794 93.941814577 0.32487175622
4.0 0.004336 89.6570200606 0.3077792845
4.0 0.004878 85.7243653223 0.291188038813
4.0 0.00542 81.2344964418 0.274706792152
4.0 0.005962 77.3324316584 0.258384391101
4.0 0.006504 76.0073237561 0.25399137066
4.0 0.007046 71.8972735306 0.236091160609
4.0 0.007588 70.1046559707 0.227734404235
4.0 0.00813 67.6024472966 0.220060991816
4.0 0.008672 65.7734154409 0.211802343482
4.0 0.009214 63.1093356773 0.200758540127
4.0 0.009756 60.9771259248 0.193031970997
4.0 0.010298 58.558486405 0.184165314204
4.0 0.01084 56.842655599 0.176077595947
4.0 0.011382 55.1601619803 0.169881741459
4.0 0.011924 53.7937749897 0.165428817884
4.0 0.012466 52.389779948 0.159924753247
4.0 0.013008 50.7132045097 0.152368141247
4.0 0.01355 48.9519419552 0.147028715657
4.0 0.014092 47.6372670103 0.141802212976
4.0 0.014634 46.4684373336 0.13788625619
4.0 0.015176 45.1978980544 0.132786953558
4.0 0.015718 43.8962227299 0.127771041598
4.0 0.01626 42.7242507657 0.124016080077
4.0 0.016802 41.6445826596 0.120523395067
4.0 0.017344 40.6106488492 0.116473850205
4.0 0.017886 39.2657861777 0.111637512977
4.0 0.018428 38.31627399 0.109230436135
4.0 0.01897 37.3708426523 0.105114678196
4.0 0.019512 36.2127007783 0.101487184481
4.2 0.001084 144.696286255 0.531494279934
4.2 0.001626 135.858991009 0.502685481006
4.2 0.002168 128.484677717 0.468514703385
4.2 0.00271 121.974612458 0.434327232047
4.2 0.003252 117.611791192 0.414350482192
4.2 0.003794 112.205748866 0.392829228989
4.2 0.004336 107.744814063 0.374133850953
4.2 0.004878 102.635194096 0.352177060838
4.2 0.00542 97.1560989395 0.332550661062
4.2 0.005962 93.0949911324 0.31459516261
4.2 0.006504 90.4279057044 0.304489367856
4.2 0.007046 86.2942585337 0.285403003407
4.2 0.007588 83.7371215183 0.275573519295
4.2 0.00813 81.244655825 0.266346591615
4.2 0.008672 78.7254308294 0.254525194741
4.2 0.009214 75.4116871693 0.241538865808
4.2 0.009756 73.298188166 0.233635627146
4.2 0.010298 69.6664451043 0.220768483397
4.2 0.01084 68.4485399079 0.212000629853
4.2 0.011382 66.1238038619 0.205255796549
4.2 0.011924 64.6196111436 0.199600436639
4.2 0.012466 62.9153241174 0.191347143749
4.2 0.013008 60.7927299178 0.183380556212
4.2 0.01355 58.8611321161 0.17646289576
4.2 0.014092 57.3892595676 0.171395012029
4.2 0.014634 55.826751393 0.165153252096
4.2 0.015176 54.2733202045 0.158697606441
4.2 0.015718 52.6319671404 0.152460559701
4.2 0.01626 51.4018620468 0.149694667119
4.2 0.016802 50.0745381047 0.14427366347
4.2 0.017344 48.6429908791 0.138936434083
4.2 0.017886 47.1834767413 0.134491997591
4.2 0.018428 46.1082268643 0.130381608992
4.2 0.01897 44.8611845679 0.12553701129
4.2 0.019512 43.8443304984 0.121317641572
4.4 0.001084 174.247014383 0.651615826889
4.4 0.001626 163.403464088 0.614611718467
4.4 0.002168 154.430597302 0.571038745445
4.4 0.00271 146.528690779 0.529251950791
4.4 0.003252 141.806303288 0.506833859154
4.4 0.003794 134.504324454 0.476736750714
4.4 0.004336 129.987434102 0.45681682791
4.4 0.004878 123.098175539 0.427730068873
4.4 0.00542 116.64719513 0.403399086714
4.4 0.005962 112.347893822 0.38480270906
4.4 0.006504 108.016966093 0.366852135027
4.4 0.007046 103.891705425 0.347184537449
4.4 0.007588 100.518824782 0.334676328443
4.4 0.00813 98.0187918079 0.323093335015
4.4 0.008672 94.638867081 0.308415532058
4.4 0.009214 90.5562924152 0.292225309402
4.4 0.009756 88.0059423842 0.283261608914
4.4 0.010298 84.2160205166 0.267285562936
4.4 0.01084 82.1843663977 0.257280796757
4.4 0.011382 79.8137316429 0.249825701453
4.4 0.011924 77.9677848681 0.241012139603
4.4 0.012466 75.8956833969 0.231131841336
4.4 0.013008 72.8982291387 0.221791471813
4.4 0.01355 71.0787527579 0.213213039955
4.4 0.014092 69.25406443 0.207057645917
4.4 0.014634 67.2796394943 0.198650299611
4.4 0.015176 65.3457666736 0.191008740621
4.4 0.015718 63.6053334177 0.185903558967
4.4 0.01626 61.9670013825 0.179958869333
4.4 0.016802 60.3746317276 0.17330921872
4.4 0.017344 58.4753785206 0.166986406781
4.4 0.017886 57.0779630871 0.162196654717
4.4 0.018428 55.6512639533 0.155746022143
4.4 0.01897 54.3068532337 0.15085650087
4.4 0.019512 53.0590119657 0.145561330815
4.6 0.001084 208.82668693 0.799293092343
4.6 0.001626 195.640684525 0.750789402321
4.6 0.002168 185.013786894 0.696852113005
4.6 0.00271 175.697441083 0.645646849919
4.6 0.003252 170.706507155 0.620680160325
4.6 0.003794 161.051985983 0.579877235677
4.6 0.004336 156.12685827 0.556820035083
4.6 0.004878 147.333075063 0.519771074215
4.6 0.00542 139.960821634 0.490107591299
4.6 0.005962 135.206779065 0.470530995329
4.6 0.006504 129.158645299 0.443235526877
4.6 0.007046 125.211432915 0.423593078771
4.6 0.007588 120.898405172 0.40643598415
4.6 0.00813 118.14879251 0.392251303639
4.6 0.008672 113.66034576 0.373673018069
4.6 0.009214 109.485705559 0.357365847995
4.6 0.009756 105.339402022 0.341889119877
4.6 0.010298 101.871252265 0.324039374472
4.6 0.01084 98.9666941264 0.314324366071
4.6 0.011382 96.178981778 0.303407519951
4.6 0.011924 94.0751877755 0.292136312325
4.6 0.012466 91.3138248679 0.280291069597
4.6 0.013008 88.1373249879 0.268523538343
4.6 0.01355 85.9619000825 0.259141890232
4.6 0.014092 83.5704947421 0.249953218323
4.6 0.014634 81.1410045443 0.239146102274
4.6 0.015176 78.9235892676 0.232828729194
4.6 0.015718 76.8455150284 0.225443816778
4.6 0.01626 74.8869035278 0.216968708321
4.6 0.016802 72.951140545 0.209725403737
4.6 0.017344 70.9373853937 0.202304133879
4.6 0.017886 69.0232821159 0.194277949837
4.6 0.018428 67.4276206863 0.188465012634
4.6 0.01897 65.6825428674 0.180633109608
4.6 0.019512 64.2635641164 0.175648169441
