2.2 0.184924702397 22841.4133467 1.34459056256
2.4 0.231425921518 23318.9408542 1.33691817948
2.6 0.285929695332 23040.1676091 1.33480040582
2.8 0.349252333224 22128.0903651 1.32841997735
3.0 0.422242531447 20652.7728428 1.32673371624
3.2 0.505780851386 19012.6388843 1.31780360298
3.4 0.600779232412 17501.4468406 1.31080057749
3.6 0.708180535481 16001.5125676 1.29997620188
3.8 0.828958114192 14737.0160663 1.29084070136
4.0 0.9641154105 13845.4155415 1.28268738204
4.2 1.1146855727 13230.9968567 1.27319050612
4.4 1.28173109358 12738.3295281 1.26080665888
4.6 1.46634346696 12081.1254288 1.25700273989
