2.2 0.184924702397 15493.1081014 1.34053309988
2.4 0.231425921518 15843.7885688 1.33571699854
2.6 0.285929695332 15595.4903919 1.3310401012
2.8 0.349252333224 15003.0046767 1.32804616977
3.0 0.422242531447 13906.1392588 1.32144213293
3.2 0.505780851386 12801.2066855 1.31501711924
3.4 0.600779232412 11725.5481952 1.30545993047
3.6 0.708180535481 10681.756551 1.29444397993
3.8 0.828958114192 9780.6202549 1.2833805861
4.0 0.9641154105 9147.90838549 1.2735720934
4.2 1.1146855727 8708.33179258 1.2634343879
4.4 1.28173109358 8381.02004746 1.2538510352
4.6 1.46634346696 7928.35431567 1.25015852969
