2.2 0.001084 18.8315252394 0.0658178342381
2.2 0.001626 17.1367679496 0.0601420663372
2.2 0.002168 16.1684518988 0.0562417737056
2.2 0.00271 15.6505038117 0.0539550349898
2.2 0.003252 14.97634258 0.0513939410012
2.2 0.003794 14.0355555642 0.0478729817966
2.2 0.004336 13.4936768609 0.0460867133189
2.2 0.004878 12.9840978533 0.0440507689218
2.2 0.00542 12.3750841725 0.0412078415076
2.2 0.005962 11.9129383958 0.039846957807
2.2 0.006504 11.4859394346 0.0382791501727
2.2 0.007046 10.9917032575 0.0364916591884
2.2 0.007588 10.5275529211 0.0348485580781
2.2 0.00813 10.1380694275 0.0335415398231
2.2 0.008672 9.77729886072 0.032441773027
2.2 0.009214 9.5306250039 0.03120257354
2.2 0.009756 9.15146204278 0.0300385335398
2.2 0.010298 8.9517568437 0.0292005408006
2.2 0.01084 8.58245172316 0.0280157498649
2.2 0.011382 8.30246192987 0.027015376241
2.2 0.011924 8.01618067393 0.0258973713695
2.2 0.012466 7.79823647865 0.0251482655054
2.2 0.013008 7.60189008716 0.0246173273664
2.2 0.01355 7.28060998179 0.0235255167298
2.2 0.014092 7.11827352985 0.0227441428075
2.2 0.014634 6.87129807762 0.0219414506567
2.2 0.015176 6.69091507721 0.0213556249099
2.2 0.015718 6.49979818301 0.0206625158776
2.2 0.01626 6.28745384667 0.0199548991123
2.2 0.016802 6.14341126585 0.0194856979875
2.2 0.017344 5.97876835942 0.0189467465963
2.2 0.017886 5.76955997653 0.018225385394
2.2 0.018428 5.63372058428 0.0176880119385
2.2 0.01897 5.47618826157 0.0171865444791
2.2 0.019512 5.31186872215 0.0166160642951
2.4 0.001084 24.5896989425 0.08437958019
2.4 0.001626 22.2706362707 0.0773090089738
2.4 0.002168 21.0890967898 0.0726385405555
2.4 0.00271 20.3249114699 0.0691622206955
2.4 0.003252 19.2101751872 0.0648470757208
2.4 0.003794 18.0720538726 0.0606510581545
2.4 0.004336 17.3670014671 0.0581209509131
2.4 0.004878 16.5733625969 0.0552804256061
2.4 0.00542 15.8344174488 0.0521135781403
2.4 0.005962 15.262831198 0.0502539498978
2.4 0.006504 14.5992865051 0.047875989037
2.4 0.007046 13.9208762155 0.0456601534685
2.4 0.007588 13.4855442694 0.0441127955043
2.4 0.00813 12.9237561762 0.0421361174516
2.4 0.008672 12.5384110618 0.0406400397343
2.4 0.009214 12.1478147626 0.0391958600281
2.4 0.009756 11.7086995486 0.0375635838525
2.4 0.010298 11.3500226404 0.0362292298418
2.4 0.01084 10.9337379171 0.0350258848243
2.4 0.011382 10.6371090744 0.0336653617828
2.4 0.011924 10.2324564874 0.0322694239123
2.4 0.012466 10.0080550854 0.0316860966104
2.4 0.013008 9.59858973244 0.0303827056452
2.4 0.01355 9.32143581041 0.0293000708142
2.4 0.014092 9.00637418232 0.0282417352916
2.4 0.014634 8.72576383872 0.0274292169536
2.4 0.015176 8.48788008084 0.026549024813
2.4 0.015718 8.25125944526 0.0255908693864
2.4 0.01626 8.02819739556 0.0248267144325
2.4 0.016802 7.81994724561 0.024132487535
2.4 0.017344 7.53746211547 0.0233213981893
2.4 0.017886 7.33140061558 0.0225962308269
2.4 0.018428 7.14728236359 0.0218811331566
2.4 0.01897 6.9607447837 0.0212048626859
2.4 0.019512 6.79230087663 0.0205908476828
2.6 0.001084 31.3557108554 0.105978112093
2.6 0.001626 28.3502018932 0.0972901710416
2.6 0.002168 26.8588184268 0.0915105002204
2.6 0.00271 25.6879056263 0.0863771115539
2.6 0.003252 24.0359648695 0.0799929170348
2.6 0.003794 22.7836188303 0.0753122977205
2.6 0.004336 21.8038893192 0.0718616987571
2.6 0.004878 20.6835681072 0.0678790437496
2.6 0.00542 19.7809147375 0.0644343137044
2.6 0.005962 18.9781095082 0.0615706560492
2.6 0.006504 18.0454556864 0.0583851876709
2.6 0.007046 17.255693468 0.0558183705645
2.6 0.007588 16.879275582 0.0544786768658
2.6 0.00813 16.037488321 0.0512676220282
2.6 0.008672 15.7333705711 0.0499426021897
2.6 0.009214 15.058917858 0.0477693213521
2.6 0.009756 14.6122611975 0.0457933642367
2.6 0.010298 14.0369008458 0.0441968974431
2.6 0.01084 13.6379367531 0.042549368387
2.6 0.011382 13.195810734 0.0408786003092
2.6 0.011924 12.7737685684 0.0396754340851
2.6 0.012466 12.34624733 0.0383763314685
2.6 0.013008 11.8943283112 0.036788010999
2.6 0.01355 11.5311005165 0.0354715144498
2.6 0.014092 11.1732306786 0.0343317057497
2.6 0.014634 10.8574720558 0.0334368858294
2.6 0.015176 10.5488678513 0.0319736597399
2.6 0.015718 10.306472084 0.0313639917875
2.6 0.01626 9.98539998278 0.0303108862081
2.6 0.016802 9.64279956077 0.0291567341764
2.6 0.017344 9.39003872964 0.0282712776272
2.6 0.017886 9.15345997328 0.0274405573437
2.6 0.018428 8.86988184302 0.0264959017945
2.6 0.01897 8.66017080149 0.0257855829989
2.6 0.019512 8.39584538251 0.0249324006904
2.8 0.001084 38.9850876183 0.131448471593
2.8 0.001626 35.2202834655 0.12003630533
2.8 0.002168 33.3057823403 0.112797290796
2.8 0.00271 31.655695878 0.105769815895
2.8 0.003252 29.3586745888 0.0971047340092
2.8 0.003794 28.0839295198 0.0923048434814
2.8 0.004336 26.6634887812 0.0874138035433
2.8 0.004878 25.242603192 0.0822256586526
2.8 0.00542 24.1984832993 0.0783430313467
2.8 0.005962 23.0818216014 0.0743291986691
2.8 0.006504 21.9022124207 0.0702065772064
2.8 0.007046 21.1705329885 0.067900483368
2.8 0.007588 20.5251914556 0.0656987013701
2.8 0.00813 19.6297073471 0.0621649158101
2.8 0.008672 19.0777153209 0.060017352963
2.8 0.009214 18.284198695 0.0573396679446
2.8 0.009756 17.7314905949 0.0548935614669
2.8 0.010298 16.9562505738 0.0529883284248
2.8 0.01084 16.6072724338 0.050911532115
2.8 0.011382 15.9257708725 0.0490573133574
2.8 0.011924 15.4982204264 0.047610965631
2.8 0.012466 14.9064626253 0.0457954122703
2.8 0.013008 14.3995605626 0.0439065587629
2.8 0.01355 14.0034421444 0.0423095767518
2.8 0.014092 13.6111266049 0.0413552398177
2.8 0.014634 13.1880801519 0.0395783607068
2.8 0.015176 12.8340054199 0.0386152877696
2.8 0.015718 12.4664775454 0.0372943942002
2.8 0.01626 12.0503583631 0.0358072269535
2.8 0.016802 11.7277169597 0.0347861819061
2.8 0.017344 11.4427140863 0.0338868130314
2.8 0.017886 11.1108934313 0.0327042689218
2.8 0.018428 10.8443187748 0.0317031244306
2.8 0.01897 10.5589210549 0.0308110428691
2.8 0.019512 10.2306947035 0.029780766199
3.0 0.001084 47.5906216886 0.161252245022
3.0 0.001626 43.029969888 0.14715590042
3.0 0.002168 40.5610422104 0.138156574124
3.0 0.00271 38.3537393553 0.128387124654
3.0 0.003252 35.2960889011 0.116622661986
3.0 0.003794 34.0709860019 0.111887847614
3.0 0.004336 32.0032011043 0.105165837499
3.0 0.004878 30.3595594839 0.0987190830946
3.0 0.00542 29.1363393729 0.0943544316766
3.0 0.005962 27.5575758713 0.0886142294645
3.0 0.006504 26.1799132046 0.083579001982
3.0 0.007046 25.5583143572 0.0818518201443
3.0 0.007588 24.4216793335 0.0778243740213
3.0 0.00813 23.5715916387 0.0742673544129
3.0 0.008672 22.6787019028 0.0712161599481
3.0 0.009214 21.9168519049 0.0679941472029
3.0 0.009756 21.0381543932 0.0653773343103
3.0 0.010298 20.3689628192 0.0629827367207
3.0 0.01084 19.7347946867 0.060416371642
3.0 0.011382 19.0076290613 0.0579636776199
3.0 0.011924 18.4040131962 0.0559116306161
3.0 0.012466 17.7819915177 0.054015514661
3.0 0.013008 17.229949765 0.0520202046723
3.0 0.01355 16.7577662953 0.050316689026
3.0 0.014092 16.2156109844 0.0485593131117
3.0 0.014634 15.7280779757 0.0468496809404
3.0 0.015176 15.323208476 0.0456733802438
3.0 0.015718 14.8481922099 0.0437351078987
3.0 0.01626 14.3972292765 0.0422616143545
3.0 0.016802 14.0668451182 0.041279308028
3.0 0.017344 13.6567470033 0.0398559385493
3.0 0.017886 13.3367323389 0.0386212711788
3.0 0.018428 13.0402207859 0.037594962874
3.0 0.01897 12.6075792765 0.0363449047682
3.0 0.019512 12.3588524805 0.0351172212237
3.2 0.001084 57.511255158 0.197624349088
3.2 0.001626 52.054351114 0.179576833828
3.2 0.002168 48.8005762772 0.168661261867
3.2 0.00271 45.8752175311 0.154361643074
3.2 0.003252 41.9940466435 0.139594966902
3.2 0.003794 40.9185135205 0.135047468439
3.2 0.004336 38.0012103121 0.126097465673
3.2 0.004878 36.1907296679 0.118747901482
3.2 0.00542 34.7053137627 0.113253786542
3.2 0.005962 32.5635880209 0.105396282129
3.2 0.006504 30.9413414505 0.0992199213912
3.2 0.007046 30.5538745363 0.0983913640515
3.2 0.007588 28.7207879944 0.0915879296774
3.2 0.00813 28.0637867717 0.0886687627992
3.2 0.008672 26.6479249972 0.0838676268351
3.2 0.009214 26.0760925779 0.0809137119344
3.2 0.009756 24.6812507505 0.077075898836
3.2 0.010298 24.2138073894 0.0744021752491
3.2 0.01084 23.2176567492 0.0711496030134
3.2 0.011382 22.3341635502 0.0677337284029
3.2 0.011924 21.7805526632 0.065904872768
3.2 0.012466 20.9811102881 0.0637654392363
3.2 0.013008 20.4714822995 0.0612687401744
3.2 0.01355 19.7919795271 0.0594660721274
3.2 0.014092 19.0757434272 0.0566333362196
3.2 0.014634 18.616692394 0.0555353828654
3.2 0.015176 18.0972779348 0.0532001403538
3.2 0.015718 17.4910455743 0.0514110211181
3.2 0.01626 17.0874279664 0.0500478673971
3.2 0.016802 16.6142170602 0.0482928833687
3.2 0.017344 16.2837542238 0.0471126253496
3.2 0.017886 15.869317201 0.0455088634446
3.2 0.018428 15.3541824091 0.0441183248481
3.2 0.01897 15.0205020041 0.0424479836183
3.2 0.019512 14.6391188876 0.0415883941806
3.4 0.001084 69.6023493926 0.242189115431
3.4 0.001626 62.9680648406 0.220291331342
3.4 0.002168 58.6323965562 0.205353484739
3.4 0.00271 54.7826393371 0.186252021861
3.4 0.003252 50.3838137413 0.169161738569
3.4 0.003794 48.7449135673 0.162877484145
3.4 0.004336 45.3001477569 0.151923279748
3.4 0.004878 43.1796331932 0.143250590268
3.4 0.00542 41.0723672387 0.135068867305
3.4 0.005962 38.5606897287 0.125969306628
3.4 0.006504 36.8870593878 0.119482772645
3.4 0.007046 35.9375327456 0.116471477717
3.4 0.007588 34.1173631482 0.109452073783
3.4 0.00813 33.0214549473 0.105138577065
3.4 0.008672 31.6235716725 0.0998209597712
3.4 0.009214 30.6593017072 0.0959660039744
3.4 0.009756 29.3361481866 0.0911397110362
3.4 0.010298 28.4791147296 0.0878965002775
3.4 0.01084 27.3158992901 0.0837518081207
3.4 0.011382 26.410098039 0.0804022569362
3.4 0.011924 25.6563928266 0.0783045394546
3.4 0.012466 24.8423518468 0.0751860942028
3.4 0.013008 24.1509967467 0.0725030130622
3.4 0.01355 23.2959539528 0.0697071614618
3.4 0.014092 22.5742532261 0.0671804088108
3.4 0.014634 21.9522844239 0.0649184572149
3.4 0.015176 21.2807913716 0.0626553300623
3.4 0.015718 20.7228923534 0.0608781567388
3.4 0.01626 20.1732084083 0.0587163501052
3.4 0.016802 19.7527760498 0.0569289442618
3.4 0.017344 19.2608846101 0.0551324060787
3.4 0.017886 18.6449847326 0.0531983803962
3.4 0.018428 18.2027487101 0.0517456368721
3.4 0.01897 17.6858884616 0.0501283662774
3.4 0.019512 17.2079246408 0.0485171270703
3.6 0.001084 84.2190198921 0.296956712921
3.6 0.001626 76.1512402293 0.270245816947
3.6 0.002168 70.439799893 0.249476063411
3.6 0.00271 65.4335032112 0.224961059466
3.6 0.003252 60.5950183465 0.206156220697
3.6 0.003794 58.0354930954 0.196956272322
3.6 0.004336 54.1193779231 0.183613552941
3.6 0.004878 51.5181884625 0.172776101812
3.6 0.00542 48.6021457492 0.161648073596
3.6 0.005962 45.6637246754 0.150981908787
3.6 0.006504 43.9999214969 0.144648839425
3.6 0.007046 42.2435266187 0.138182908296
3.6 0.007588 40.4687912952 0.131043800595
3.6 0.00813 38.8043963548 0.124521071834
3.6 0.008672 37.6143075301 0.119918267201
3.6 0.009214 36.0665790984 0.113659315439
3.6 0.009756 34.7832339306 0.108868909375
3.6 0.010298 33.5296204908 0.104384309648
3.6 0.01084 32.0407277157 0.0985535625389
3.6 0.011382 31.3472592152 0.0963271858452
3.6 0.011924 30.2158807455 0.0929225953716
3.6 0.012466 29.4611248091 0.0886600835338
3.6 0.013008 28.4977994164 0.0862100505218
3.6 0.01355 27.4216776752 0.0817333289413
3.6 0.014092 26.7088090707 0.0797073435754
3.6 0.014634 25.8503227405 0.0764795349053
3.6 0.015176 25.1778670604 0.0743411468471
3.6 0.015718 24.5685175474 0.0719493582853
3.6 0.01626 23.8936566974 0.0690679614665
3.6 0.016802 23.3765051018 0.0669091022354
3.6 0.017344 22.6423136794 0.0646181830781
3.6 0.017886 22.0146360522 0.0626899876862
3.6 0.018428 21.4215501459 0.0610816191631
3.6 0.01897 20.804752687 0.0587942012459
3.6 0.019512 20.2641834837 0.0569393553583
3.8 0.001084 101.369447521 0.364797746848
3.8 0.001626 91.4841465108 0.331350622049
3.8 0.002168 84.1885258806 0.303206673951
3.8 0.00271 78.0191139656 0.273045969851
3.8 0.003252 72.8602408581 0.252104571118
3.8 0.003794 69.1770911833 0.238795259784
3.8 0.004336 64.8759451317 0.222980970309
3.8 0.004878 61.5611862029 0.208918373752
3.8 0.00542 57.7448356571 0.194628805976
3.8 0.005962 54.2918560105 0.18177574851
3.8 0.006504 52.6554838117 0.175711320415
3.8 0.007046 49.8264124767 0.164501112663
3.8 0.007588 48.1945758306 0.157400416777
3.8 0.00813 45.905196388 0.148923670715
3.8 0.008672 44.8695599161 0.14489419349
3.8 0.009214 42.7237536203 0.135445910661
3.8 0.009756 41.2495271043 0.13050888086
3.8 0.010298 39.6526191568 0.124385609137
3.8 0.01084 38.0161930318 0.117861613257
3.8 0.011382 37.1686219876 0.114923353841
3.8 0.011924 35.8935133112 0.110371818368
3.8 0.012466 34.910897039 0.106041801788
3.8 0.013008 33.7239362694 0.101799535864
3.8 0.01355 32.5652676903 0.0977170503326
3.8 0.014092 31.5284553501 0.0942101467596
3.8 0.014634 30.6790028806 0.0911012370685
3.8 0.015176 29.9550252805 0.088291028988
3.8 0.015718 29.0278860455 0.0846375274939
3.8 0.01626 28.308811216 0.0814619406411
3.8 0.016802 27.5664015834 0.0794568945855
3.8 0.017344 26.7207904749 0.0760669906111
3.8 0.017886 26.1540109018 0.0750200322281
3.8 0.018428 25.145758693 0.0712814951148
3.8 0.01897 24.7091136821 0.0696857978045
3.8 0.019512 23.9649614556 0.0671277929927
4.0 0.001084 123.356056112 0.448826651287
4.0 0.001626 111.131442677 0.407216174329
4.0 0.002168 101.839553852 0.36987241918
4.0 0.00271 94.1430680467 0.333549710571
4.0 0.003252 88.3154840351 0.309824807942
4.0 0.003794 83.0459272784 0.290865600835
4.0 0.004336 78.1967174421 0.272003287916
4.0 0.004878 73.7955836822 0.253560213211
4.0 0.00542 68.9866926321 0.235881768054
4.0 0.005962 64.927549589 0.220058915788
4.0 0.006504 63.2830674685 0.21392182688
4.0 0.007046 59.3099123669 0.197258973572
4.0 0.007588 57.557608774 0.189838997142
4.0 0.00813 55.0883196598 0.180897336681
4.0 0.008672 53.4466625804 0.173695536521
4.0 0.009214 51.1349457815 0.16387104224
4.0 0.009756 49.2627808871 0.157100708645
4.0 0.010298 47.1083933728 0.148828858268
4.0 0.01084 45.6949023046 0.142420152985
4.0 0.011382 44.1105624182 0.137475559029
4.0 0.011924 42.8746413738 0.132411785721
4.0 0.012466 41.5966336197 0.127116823735
4.0 0.013008 40.2145468511 0.121726097093
4.0 0.01355 38.6872660351 0.11688141306
4.0 0.014092 37.5773863915 0.112724122586
4.0 0.014634 36.6242286584 0.109043497656
4.0 0.015176 35.5875890653 0.104859844345
4.0 0.015718 34.5106571238 0.100392070796
4.0 0.01626 33.6209893027 0.0974660671912
4.0 0.016802 32.7658665472 0.0946136335031
4.0 0.017344 31.9783997689 0.0919626661757
4.0 0.017886 30.8060513298 0.0880859604244
4.0 0.018428 30.1198586777 0.0855756406389
4.0 0.01897 29.3489149513 0.082482169369
4.0 0.019512 28.349206084 0.0789928588774
4.2 0.001084 148.794856293 0.55400736621
4.2 0.001626 133.834035222 0.501675172167
4.2 0.002168 122.351769346 0.45304679776
4.2 0.00271 113.054660537 0.408818986802
4.2 0.003252 106.547074382 0.381318512396
4.2 0.003794 99.5699958157 0.355067638356
4.2 0.004336 94.2520647721 0.333019994809
4.2 0.004878 88.4165972006 0.308583947923
4.2 0.00542 82.4895854979 0.286497623455
4.2 0.005962 78.1483088461 0.268752476983
4.2 0.006504 75.4268705424 0.257787115564
4.2 0.007046 71.3134473593 0.239788608564
4.2 0.007588 68.8365900715 0.230068551415
4.2 0.00813 66.3933131454 0.220541234931
4.2 0.008672 63.9992500063 0.209343004781
4.2 0.009214 61.1775823517 0.198222899321
4.2 0.009756 59.1285355817 0.190225039353
4.2 0.010298 56.0076115534 0.178856636351
4.2 0.01084 54.8864307424 0.171992734033
4.2 0.011382 52.6101135661 0.165727190011
4.2 0.011924 51.2484268918 0.15969660573
4.2 0.012466 49.6935622444 0.152664120637
4.2 0.013008 47.9337416376 0.146614271318
4.2 0.01355 46.2669998961 0.14088515097
4.2 0.014092 44.9743536216 0.135797118821
4.2 0.014634 43.7436208978 0.130839995678
4.2 0.015176 42.4479857645 0.124973267166
4.2 0.015718 41.1263363354 0.120034636852
4.2 0.01626 40.2298764043 0.117731781552
4.2 0.016802 39.1822789333 0.113334382035
4.2 0.017344 38.0400974089 0.109635740658
4.2 0.017886 36.7834175991 0.105447913076
4.2 0.018428 35.9682610198 0.10198610532
4.2 0.01897 34.793759918 0.0976892078643
4.2 0.019512 34.0760860531 0.094393470413
4.4 0.001084 180.020957224 0.684983089015
4.4 0.001626 161.688729246 0.618216209354
4.4 0.002168 147.644778172 0.556036407717
4.4 0.00271 136.376225163 0.501933792346
4.4 0.003252 128.896223063 0.469460658095
4.4 0.003794 119.701417059 0.433896259699
4.4 0.004336 113.948995728 0.408964002606
4.4 0.004878 106.195688087 0.376646046097
4.4 0.00542 99.1894936927 0.349322291185
4.4 0.005962 94.6113132612 0.330162619219
4.4 0.006504 90.2727056479 0.311626451451
4.4 0.007046 86.1451057767 0.293101278582
4.4 0.007588 82.8044794057 0.280185414219
4.4 0.00813 80.2942088441 0.268926084418
4.4 0.008672 77.0485977037 0.254003137275
4.4 0.009214 73.4673593559 0.240105294797
4.4 0.009756 70.9718422664 0.230793430438
4.4 0.010298 67.6534300912 0.217294730196
4.4 0.01084 65.6649550787 0.208897699884
4.4 0.011382 63.345036215 0.201537344901
4.4 0.011924 61.5013767625 0.192647874449
4.4 0.012466 59.7300736138 0.185138413799
4.4 0.013008 57.2353221078 0.17743014933
4.4 0.01355 55.6039387644 0.17002819852
4.4 0.014092 54.0304620079 0.163867293671
4.4 0.014634 52.5605305099 0.157462937615
4.4 0.015176 50.9934557615 0.150442625887
4.4 0.015718 49.5939438916 0.146077122241
4.4 0.01626 48.3246300759 0.141164647672
4.4 0.016802 47.0776857998 0.136672324082
4.4 0.017344 45.3476428048 0.130786626634
4.4 0.017886 44.2175809352 0.127120205791
4.4 0.018428 43.0865509763 0.121679588391
4.4 0.01897 41.7305039448 0.117100663578
4.4 0.019512 40.8826140992 0.113695728642
4.6 0.001084 216.382816985 0.845563807044
4.6 0.001626 194.14546831 0.76008538806
4.6 0.002168 177.355225346 0.682146526286
4.6 0.00271 163.965567671 0.61581804524
4.6 0.003252 155.529865051 0.57766252509
4.6 0.003794 143.746690936 0.53015306705
4.6 0.004336 137.347169313 0.500780812618
4.6 0.004878 127.537864912 0.459855348165
4.6 0.00542 119.510263595 0.426694048445
4.6 0.005962 114.45880873 0.405423226305
4.6 0.006504 108.26031591 0.378014921179
4.6 0.007046 104.199010431 0.358586895735
4.6 0.007588 99.8500973258 0.341939983393
4.6 0.00813 96.9230553534 0.326942006757
4.6 0.008672 92.6725473328 0.308693305728
4.6 0.009214 88.7765701288 0.293558380296
4.6 0.009756 84.936351831 0.279294766634
4.6 0.010298 81.8180671034 0.264428464685
4.6 0.01084 78.8576174785 0.255283640468
4.6 0.011382 76.1858628111 0.244852646742
4.6 0.011924 74.0692325005 0.233675066671
4.6 0.012466 71.6816973253 0.224838270478
4.6 0.013008 68.9389679469 0.215064196091
4.6 0.01355 66.9944177712 0.206095622739
4.6 0.014092 65.1473857783 0.198698129266
4.6 0.014634 63.4316089087 0.189281427187
4.6 0.015176 61.347596277 0.18261039987
4.6 0.015718 59.7882854166 0.176896205787
4.6 0.01626 58.199669154 0.170341614826
4.6 0.016802 56.4521161588 0.16437635012
4.6 0.017344 54.6346911597 0.158092213293
4.6 0.017886 53.3009141084 0.152422637848
4.6 0.018428 51.5564713297 0.14636223825
4.6 0.01897 50.4829360808 0.141214199933
4.6 0.019512 49.0783966719 0.137182731893
