2.2 0.184924702397 15530.2587037 1.34438420615
2.4 0.231425921518 15920.8174624 1.34301115189
2.6 0.285929695332 15647.083949 1.33713401659
2.8 0.349252333224 15022.9623985 1.33210219001
3.0 0.422242531447 13929.2739346 1.32604583654
3.2 0.505780851386 12797.4309831 1.3178241309
3.4 0.600779232412 11722.8568635 1.30851811225
3.6 0.708180535481 10661.5388232 1.29584973179
3.8 0.828958114192 9772.80463991 1.28593137992
4.0 0.9641154105 9126.44593237 1.27420642492
4.2 1.1146855727 8682.10052555 1.26369317312
4.4 1.28173109358 8367.04322784 1.2551936729
4.6 1.46634346696 7901.97445981 1.24914549429
