2.2 0.184924702397 14962.8473806 1.34411064096
2.4 0.231425921518 15303.006561 1.33892484348
2.6 0.285929695332 15056.155579 1.33458725991
2.8 0.349252333224 14448.145451 1.32861252017
3.0 0.422242531447 13440.9334899 1.32599723408
3.2 0.505780851386 12344.5361717 1.31678380568
3.4 0.600779232412 11328.8586192 1.30910414234
3.6 0.708180535481 10308.972474 1.29589045352
3.8 0.828958114192 9461.4302035 1.28642629719
4.0 0.9641154105 8839.31684291 1.27486438922
4.2 1.1146855727 8421.56945445 1.26482447353
4.4 1.28173109358 8123.06300246 1.25710457236
4.6 1.46634346696 7686.26752984 1.25345274666
