2.2 0.001084 39.1405655399 0.134836549015
2.2 0.001626 36.5138624065 0.12650432372
2.2 0.002168 35.387631266 0.121605276619
2.2 0.00271 34.331885655 0.116628804151
2.2 0.003252 32.2576055003 0.108053987185
2.2 0.003794 30.8792097355 0.102954988921
2.2 0.004336 29.5966122358 0.09826954652
2.2 0.004878 28.203618352 0.0928387239278
2.2 0.00542 27.0756214991 0.088984030625
2.2 0.005962 25.9241599761 0.0852940346416
2.2 0.006504 24.6281802248 0.0806561430802
2.2 0.007046 23.5664949604 0.0768957492664
2.2 0.007588 22.6904314806 0.0738642498641
2.2 0.00813 21.8310090892 0.0707488931124
2.2 0.008672 21.2197281015 0.0683895150284
2.2 0.009214 20.2067428016 0.0649208164975
2.2 0.009756 19.6534470355 0.0626639820096
2.2 0.010298 18.778435841 0.0600017798994
2.2 0.01084 18.2372483935 0.0577611113794
2.2 0.011382 17.6904004523 0.0558853067311
2.2 0.011924 17.0512348476 0.054028102481
2.2 0.012466 16.3910341262 0.0514903668394
2.2 0.013008 15.8966033563 0.0498940235741
2.2 0.01355 15.3102444816 0.04784951387
2.2 0.014092 14.7788972981 0.0463733720454
2.2 0.014634 14.3330109443 0.0446459871339
2.2 0.015176 13.9289733805 0.0431935542818
2.2 0.015718 13.552293234 0.0418931822168
2.2 0.01626 13.1377354069 0.0405059909561
2.2 0.016802 12.7020842293 0.0390811197048
2.2 0.017344 12.3215852454 0.0376862066901
2.2 0.017886 11.9849113611 0.0364554013957
2.2 0.018428 11.6512648447 0.0353615644458
2.2 0.01897 11.3062303896 0.0341673889325
2.2 0.019512 10.943579024 0.032880116913
2.4 0.001084 50.391271433 0.17298160231
2.4 0.001626 47.0081788044 0.163131328351
2.4 0.002168 45.4720221115 0.156576326393
2.4 0.00271 43.9219670246 0.148700002757
2.4 0.003252 41.0422842311 0.136800420296
2.4 0.003794 39.8371616368 0.13251214017
2.4 0.004336 37.8377218734 0.125130716468
2.4 0.004878 35.9596702805 0.117441279035
2.4 0.00542 34.6422503192 0.113216986333
2.4 0.005962 32.9312333728 0.107503204921
2.4 0.006504 31.2136355715 0.101236430926
2.4 0.007046 30.1675214786 0.0978406651227
2.4 0.007588 28.9353997088 0.0933765935628
2.4 0.00813 28.0000382827 0.089671196064
2.4 0.008672 26.8816435307 0.0857513827515
2.4 0.009214 25.9372120065 0.0819184247279
2.4 0.009756 24.9302291391 0.0786753651805
2.4 0.010298 24.0350494985 0.0754559917175
2.4 0.01084 23.3190353362 0.0728346312821
2.4 0.011382 22.5168259211 0.0704219639825
2.4 0.011924 21.7065670759 0.0673935642681
2.4 0.012466 20.9283681521 0.0645878253571
2.4 0.013008 20.228731465 0.0622041844082
2.4 0.01355 19.5205319136 0.0598867144877
2.4 0.014092 18.8962888978 0.0579717887794
2.4 0.014634 18.4075051424 0.0559659431306
2.4 0.015176 17.8822668861 0.0542128627783
2.4 0.015718 17.2941653828 0.0524304252624
2.4 0.01626 16.7228076396 0.0505126649345
2.4 0.016802 16.2431871618 0.0488729825505
2.4 0.017344 15.7694323949 0.0469845420133
2.4 0.017886 15.3423054931 0.0458901927923
2.4 0.018428 14.8740716652 0.0441667730611
2.4 0.01897 14.3364013392 0.0425025724642
2.4 0.019512 14.0056562062 0.0411342211654
2.6 0.001084 63.6498494922 0.219545994329
2.6 0.001626 59.4198487113 0.206453470224
2.6 0.002168 57.3120125937 0.197642630368
2.6 0.00271 55.0735117876 0.185786249362
2.6 0.003252 51.3072009207 0.171239073557
2.6 0.003794 50.3238521202 0.167810191508
2.6 0.004336 47.1642383363 0.155598556055
2.6 0.004878 44.9327663856 0.146541685816
2.6 0.00542 43.4088306007 0.141733636204
2.6 0.005962 40.8156643882 0.133033478294
2.6 0.006504 38.7888318251 0.125067478069
2.6 0.007046 38.030388493 0.123493441716
2.6 0.007588 35.9309342804 0.11574072127
2.6 0.00813 35.105326994 0.111840709839
2.6 0.008672 33.3094500587 0.105992843658
2.6 0.009214 32.5303124636 0.10156230406
2.6 0.009756 30.8503680685 0.0974620210724
2.6 0.010298 30.2409278945 0.0933420540632
2.6 0.01084 29.0200482133 0.090574933945
2.6 0.011382 28.0968162663 0.0862698422474
2.6 0.011924 26.9880838357 0.0824637081432
2.6 0.012466 26.1549284031 0.0799341140469
2.6 0.013008 25.2897640147 0.0764394713948
2.6 0.01355 24.423515991 0.0736512579629
2.6 0.014092 23.7484146805 0.0713007470541
2.6 0.014634 23.0062369382 0.0689332526975
2.6 0.015176 22.3090048694 0.0665092709525
2.6 0.015718 21.558768827 0.0639288308961
2.6 0.01626 21.0199492465 0.0622176826237
2.6 0.016802 20.3922020694 0.0595306418252
2.6 0.017344 19.8857075272 0.058168697493
2.6 0.017886 19.3115105172 0.0561292841731
2.6 0.018428 18.5019637404 0.0537614837238
2.6 0.01897 18.0945036708 0.0521449122582
2.6 0.019512 17.7185808885 0.0509984602078
2.8 0.001084 79.1781830574 0.276157255493
2.8 0.001626 74.0502459545 0.259497476756
2.8 0.002168 71.0109735107 0.24797874317
2.8 0.00271 67.8447418743 0.230594851506
2.8 0.003252 63.5443812159 0.213399283644
2.8 0.003794 61.9397403424 0.207866219216
2.8 0.004336 58.0740184271 0.192956119645
2.8 0.004878 55.4836328446 0.183005488712
2.8 0.00542 53.0657281912 0.175064360768
2.8 0.005962 49.9925617105 0.163250595763
2.8 0.006504 47.9459447118 0.155529403053
2.8 0.007046 46.6421792954 0.151691215853
2.8 0.007588 44.4501165461 0.142827480735
2.8 0.00813 42.9961917582 0.137135891592
2.8 0.008672 41.3305869945 0.130715588677
2.8 0.009214 39.8390780165 0.125100736834
2.8 0.009756 38.2675228902 0.119915564124
2.8 0.010298 37.1112706728 0.115216910363
2.8 0.01084 35.6985377175 0.110147107235
2.8 0.011382 34.5301945248 0.1052683157
2.8 0.011924 33.467742347 0.10194540794
2.8 0.012466 32.4422499226 0.0978821532488
2.8 0.013008 31.3368393386 0.0935369724357
2.8 0.01355 30.2753868276 0.0901195047009
2.8 0.014092 29.3460133555 0.0873479201037
2.8 0.014634 28.4400569454 0.084279709178
2.8 0.015176 27.4837745683 0.0809294902668
2.8 0.015718 26.7272802392 0.0783189417903
2.8 0.01626 25.9722401863 0.0759240897437
2.8 0.016802 25.3418527019 0.0736540514081
2.8 0.017344 24.653602444 0.0711422488392
2.8 0.017886 23.6788722777 0.0681880174385
2.8 0.018428 23.1062908945 0.0657870459921
2.8 0.01897 22.5966880395 0.0645291642094
2.8 0.019512 22.0304437909 0.0624115802007
3.0 0.001084 97.4553777237 0.346333354575
3.0 0.001626 91.0445313697 0.324814083839
3.0 0.002168 86.8360602287 0.308427176949
3.0 0.00271 82.4558398607 0.284231944811
3.0 0.003252 77.7872971857 0.265734287824
3.0 0.003794 75.2141175958 0.256414734298
3.0 0.004336 70.7532075235 0.239081704849
3.0 0.004878 67.6617581622 0.227225101348
3.0 0.00542 64.2996595342 0.214620758108
3.0 0.005962 60.7316390481 0.199972441572
3.0 0.006504 58.8710399672 0.193347165148
3.0 0.007046 56.4727298068 0.184507054278
3.0 0.007588 54.3742054479 0.175708606516
3.0 0.00813 52.1038700387 0.167257006563
3.0 0.008672 50.6433754995 0.160710492439
3.0 0.009214 48.1715682579 0.152881350043
3.0 0.009756 46.8386217003 0.146825916528
3.0 0.010298 44.988232271 0.140611154701
3.0 0.01084 43.4352858159 0.133781700969
3.0 0.011382 42.2336014733 0.129201394326
3.0 0.011924 41.0591584695 0.125442979654
3.0 0.012466 39.884882342 0.11934317457
3.0 0.013008 38.3534426801 0.114298637749
3.0 0.01355 37.1240236446 0.11032819105
3.0 0.014092 36.0243496966 0.106806467207
3.0 0.014634 34.8039777742 0.102768659559
3.0 0.015176 33.6399729496 0.0990327060906
3.0 0.015718 32.7068415332 0.0958434335996
3.0 0.01626 31.9044421947 0.0930577510859
3.0 0.016802 31.1226511239 0.0897627674187
3.0 0.017344 30.0656891022 0.0863199912101
3.0 0.017886 29.1837740545 0.0829114463166
3.0 0.018428 28.5348772687 0.0808075039813
3.0 0.01897 27.8982517051 0.0788329941905
3.0 0.019512 27.1104351981 0.075727066684
3.2 0.001084 119.11173577 0.435207072319
3.2 0.001626 111.129782624 0.407700636519
3.2 0.002168 105.423520402 0.384011415731
3.2 0.00271 99.8055495293 0.352764479305
3.2 0.003252 94.9417535505 0.332723062274
3.2 0.003794 90.968407821 0.317383844027
3.2 0.004336 86.0061054132 0.297457071651
3.2 0.004878 82.0896204981 0.281366771928
3.2 0.00542 77.6663847803 0.26381248633
3.2 0.005962 73.4454161138 0.246037632871
3.2 0.006504 71.9414004168 0.240471244728
3.2 0.007046 68.0593993489 0.225082625321
3.2 0.007588 66.3033332796 0.216730769243
3.2 0.00813 63.1456635004 0.204974793762
3.2 0.008672 61.652256521 0.198429655862
3.2 0.009214 58.7115769268 0.187566123456
3.2 0.009756 56.882782945 0.180366321104
3.2 0.010298 54.65224327 0.171836776584
3.2 0.01084 52.9218742234 0.164425848784
3.2 0.011382 51.5764561156 0.159639732315
3.2 0.011924 50.2149620297 0.152973514298
3.2 0.012466 48.5110887352 0.146063235647
3.2 0.013008 46.8692699533 0.140274634596
3.2 0.01355 45.4221961806 0.13574872467
3.2 0.014092 43.9017987545 0.130483717171
3.2 0.014634 42.3986730706 0.125798965447
3.2 0.015176 41.1323748942 0.121389864696
3.2 0.015718 40.090475056 0.118082321514
3.2 0.01626 39.1922393168 0.113581146879
3.2 0.016802 37.9610273285 0.109461311247
3.2 0.017344 36.6922178001 0.105081927569
3.2 0.017886 35.8863945988 0.10165241621
3.2 0.018428 34.9961503109 0.098722895448
3.2 0.01897 34.1751596669 0.0958727375194
3.2 0.019512 33.317031086 0.0921388997211
3.4 0.001084 145.831264514 0.548160064331
3.4 0.001626 135.772501438 0.51250709054
3.4 0.002168 128.270246407 0.478242770682
3.4 0.00271 121.342659481 0.439673010046
3.4 0.003252 116.300313585 0.417811882231
3.4 0.003794 110.457403412 0.394136105929
3.4 0.004336 105.109057956 0.371401414518
3.4 0.004878 99.8830059801 0.348778438625
3.4 0.00542 94.1170634679 0.326123487211
3.4 0.005962 89.4709577716 0.306154471697
3.4 0.006504 87.4734022819 0.298138793822
3.4 0.007046 83.091963781 0.278936048967
3.4 0.007588 80.460856898 0.267173142045
3.4 0.00813 77.5170657154 0.255967174834
3.4 0.008672 74.8868154289 0.244521776169
3.4 0.009214 71.7851295884 0.232672984681
3.4 0.009756 69.2213206423 0.22293476928
3.4 0.010298 66.286571734 0.210629318077
3.4 0.01084 64.8169431089 0.203836611538
3.4 0.011382 62.9378650176 0.196876491558
3.4 0.011924 61.4116736294 0.188259550826
3.4 0.012466 59.2083718898 0.180839522002
3.4 0.013008 57.3119860586 0.17311418726
3.4 0.01355 55.403490435 0.166871939429
3.4 0.014092 53.7160580392 0.160642565243
3.4 0.014634 52.060167291 0.155072865982
3.4 0.015176 50.5606690261 0.149802676026
3.4 0.015718 49.3021899828 0.144080762774
3.4 0.01626 47.8691654022 0.13903677959
3.4 0.016802 46.1175235305 0.13284875443
3.4 0.017344 45.3468292545 0.129798668369
3.4 0.017886 43.9290778974 0.12393432785
3.4 0.018428 43.0986787885 0.121770655164
3.4 0.01897 41.9141590203 0.116828634587
3.4 0.019512 40.6330801306 0.111853883629
3.6 0.001084 179.058490863 0.692598445374
3.6 0.001626 166.425242735 0.64659756917
3.6 0.002168 156.761004976 0.598625985476
3.6 0.00271 148.209517504 0.551262930333
3.6 0.003252 142.680855597 0.526602784591
3.6 0.003794 134.59508541 0.492078416832
3.6 0.004336 128.870197317 0.466041536429
3.6 0.004878 121.888739621 0.435662814857
3.6 0.00542 114.744175654 0.407295203356
3.6 0.005962 110.018520305 0.38648063891
3.6 0.006504 106.169264972 0.369602981044
3.6 0.007046 101.957143541 0.348392499246
3.6 0.007588 98.106217352 0.332529881651
3.6 0.00813 95.5476275495 0.321368262508
3.6 0.008672 91.5036654163 0.303918818746
3.6 0.009214 87.6825364968 0.290159240423
3.6 0.009756 84.7111572563 0.277330159113
3.6 0.010298 81.2871183451 0.262353195184
3.6 0.01084 79.4209240165 0.253182764255
3.6 0.011382 77.3083060837 0.243783176931
3.6 0.011924 75.1337402416 0.234990005275
3.6 0.012466 72.7301358632 0.224062926002
3.6 0.013008 70.168494342 0.214852119364
3.6 0.01355 67.9513827997 0.205912153036
3.6 0.014092 66.1645945996 0.199608591438
3.6 0.014634 63.9558242522 0.191692702034
3.6 0.015176 62.17980829 0.184734696244
3.6 0.015718 60.425968694 0.177747159576
3.6 0.01626 58.6453078021 0.171045869399
3.6 0.016802 57.380683088 0.166197331648
3.6 0.017344 55.4269830904 0.158163328365
3.6 0.017886 54.334763908 0.155553343127
3.6 0.018428 52.956687877 0.148721068511
3.6 0.01897 51.2791442443 0.142698205692
3.6 0.019512 49.9873640409 0.137088650421
3.8 0.001084 219.247291131 0.880567063707
3.8 0.001626 203.504734144 0.81986343378
3.8 0.002168 191.505506886 0.754474477368
3.8 0.00271 181.415168342 0.696352785168
3.8 0.003252 175.503459843 0.668074571463
3.8 0.003794 164.951980936 0.618506856266
3.8 0.004336 158.559481261 0.587833250872
3.8 0.004878 149.441196811 0.548187862416
3.8 0.00542 140.973745305 0.51264351274
3.8 0.005962 135.726986145 0.490138530479
3.8 0.006504 129.63560484 0.461013853392
3.8 0.007046 125.74314955 0.439355353192
3.8 0.007588 120.312258675 0.418163624585
3.8 0.00813 117.787978351 0.404512935194
3.8 0.008672 112.445465515 0.382104509416
3.8 0.009214 108.049845939 0.364283238235
3.8 0.009756 103.896453371 0.34625751501
3.8 0.010298 100.702367217 0.329214260596
3.8 0.01084 97.8020511315 0.316457968485
3.8 0.011382 95.5179442703 0.306238924336
3.8 0.011924 92.649184511 0.293908205002
3.8 0.012466 89.6739457248 0.27994656085
3.8 0.013008 86.5566834453 0.268457946479
3.8 0.01355 84.0041545833 0.258702233164
3.8 0.014092 81.4325639531 0.248378476609
3.8 0.014634 79.0903808413 0.238871842285
3.8 0.015176 76.648718148 0.229036785818
3.8 0.015718 74.8027276483 0.222735217845
3.8 0.01626 72.8847196823 0.214423465734
3.8 0.016802 70.924016722 0.206481906285
3.8 0.017344 68.7576023591 0.199059382869
3.8 0.017886 67.204270693 0.191717399792
3.8 0.018428 65.2597198231 0.18375577542
3.8 0.01897 63.716987772 0.177373467968
3.8 0.019512 62.3036590367 0.170624254765
4.0 0.001084 271.499567295 1.1257212027
4.0 0.001626 251.808518586 1.04360064439
4.0 0.002168 237.010226994 0.958620077124
4.0 0.00271 224.49910002 0.885842319415
4.0 0.003252 217.627682341 0.853648286272
4.0 0.003794 204.48993762 0.787749036852
4.0 0.004336 196.187315106 0.747098782119
4.0 0.004878 184.330869986 0.694169360428
4.0 0.00542 174.765098285 0.651325855684
4.0 0.005962 168.332285549 0.625847033845
4.0 0.006504 159.654843505 0.580220380662
4.0 0.007046 155.615597042 0.559040416078
4.0 0.007588 149.809337109 0.533079293029
4.0 0.00813 145.62359119 0.511641764842
4.0 0.008672 139.082222597 0.483319416341
4.0 0.009214 134.453912087 0.463950694493
4.0 0.009756 128.267134704 0.435847588332
4.0 0.010298 125.399485856 0.416310964965
4.0 0.01084 121.611927566 0.401626465414
4.0 0.011382 118.590371766 0.387111232428
4.0 0.011924 115.243421136 0.370091592276
4.0 0.012466 111.262377341 0.354296136713
4.0 0.013008 107.69908897 0.338419756903
4.0 0.01355 104.575669251 0.328000333762
4.0 0.014092 101.413443795 0.31237846547
4.0 0.014634 98.4311533841 0.299572935404
4.0 0.015176 95.8663094791 0.290577615178
4.0 0.015718 93.4420837305 0.281113453451
4.0 0.01626 91.3905043247 0.271306952241
4.0 0.016802 88.0578036195 0.258874393609
4.0 0.017344 86.0507285951 0.250702869762
4.0 0.017886 83.879598655 0.24017289656
4.0 0.018428 81.8380790818 0.232018416262
4.0 0.01897 79.9756063456 0.223194179396
4.0 0.019512 78.1945767488 0.214520314843
4.2 0.001084 334.849730352 1.45006306014
4.2 0.001626 310.691432311 1.3377462321
4.2 0.002168 292.965820317 1.23090296497
4.2 0.00271 277.63055026 1.13749849447
4.2 0.003252 269.081673471 1.09230171093
4.2 0.003794 253.974465403 1.01191645132
4.2 0.004336 243.253415833 0.956157171284
4.2 0.004878 227.920194245 0.884478057905
4.2 0.00542 217.731890986 0.836422383316
4.2 0.005962 209.112530887 0.801885366334
4.2 0.006504 199.302956901 0.746570161957
4.2 0.007046 193.367935683 0.715781272791
4.2 0.007588 187.556477027 0.683669134231
4.2 0.00813 181.345003532 0.654560771727
4.2 0.008672 173.0893543 0.614480493243
4.2 0.009214 167.832444216 0.594243810482
4.2 0.009756 160.89966459 0.557019916559
4.2 0.010298 156.48242227 0.533438740908
4.2 0.01084 152.238079919 0.515600974696
4.2 0.011382 148.150067184 0.492953382754
4.2 0.011924 144.05196548 0.472539217392
4.2 0.012466 139.10175925 0.451975102395
4.2 0.013008 134.859379946 0.433449105744
4.2 0.01355 131.072150775 0.41683864928
4.2 0.014092 126.980648343 0.395689132195
4.2 0.014634 123.647123441 0.384152148254
4.2 0.015176 120.576224184 0.371777540967
4.2 0.015718 117.678844649 0.358382940957
4.2 0.01626 114.245176808 0.343573324848
4.2 0.016802 110.975174753 0.329788109675
4.2 0.017344 108.078067052 0.317183004699
4.2 0.017886 105.709451522 0.305628640489
4.2 0.018428 103.098472538 0.294716553915
4.2 0.01897 100.908691599 0.283608320113
4.2 0.019512 98.159601868 0.271521487533
4.4 0.001084 415.692282501 1.88033702711
4.4 0.001626 386.121386457 1.72617156644
4.4 0.002168 365.080315007 1.59527670937
4.4 0.00271 346.412873791 1.47780983732
4.4 0.003252 334.794670655 1.41092254224
4.4 0.003794 317.655457844 1.3142688959
4.4 0.004336 303.050306458 1.23343440875
4.4 0.004878 283.303106094 1.13599732303
4.4 0.00542 273.323181612 1.08831589306
4.4 0.005962 261.178518935 1.0308300205
4.4 0.006504 250.745157822 0.969725896675
4.4 0.007046 242.552161784 0.92482606377
4.4 0.007588 236.602553631 0.885112298157
4.4 0.00813 227.687649308 0.843856559218
4.4 0.008672 218.35374984 0.798546546951
4.4 0.009214 210.478639549 0.7628931611
4.4 0.009756 202.974601017 0.718229471055
4.4 0.010298 196.947081195 0.691773157985
4.4 0.01084 191.790224333 0.666657345036
4.4 0.011382 186.531995646 0.636223242006
4.4 0.011924 181.050708946 0.610471599023
4.4 0.012466 175.001082903 0.58012096084
4.4 0.013008 170.302452951 0.561361075678
4.4 0.01355 165.788817981 0.534585901884
4.4 0.014092 161.090469043 0.513242489818
4.4 0.014634 157.040755212 0.497397829355
4.4 0.015176 153.157159426 0.478524962115
4.4 0.015718 149.367605284 0.46114210279
4.4 0.01626 144.729351417 0.440875407453
4.4 0.016802 140.501269709 0.422263780677
4.4 0.017344 137.344101794 0.407678302404
4.4 0.017886 133.827512857 0.391768574158
4.4 0.018428 131.107297048 0.379049679062
4.4 0.01897 128.148642855 0.363140710927
4.4 0.019512 124.533496203 0.348225243894
4.6 0.001084 515.393153978 2.45114086288
4.6 0.001626 479.651192611 2.24132017935
4.6 0.002168 455.127395049 2.08531458824
4.6 0.00271 433.517059282 1.94207341269
4.6 0.003252 417.631153349 1.83908668261
4.6 0.003794 399.017676046 1.72333022306
4.6 0.004336 379.005805083 1.60521684522
4.6 0.004878 354.887891163 1.47941807947
4.6 0.00542 344.135381649 1.42685649305
4.6 0.005962 327.940328462 1.3385818748
4.6 0.006504 317.313248682 1.27184940509
4.6 0.007046 306.509095084 1.21018483716
4.6 0.007588 298.901835144 1.15489754589
4.6 0.00813 287.180120349 1.09620839867
4.6 0.008672 277.353586027 1.05183401828
4.6 0.009214 265.928695486 0.991868421854
4.6 0.009756 257.206435808 0.935987123981
4.6 0.010298 250.052544754 0.906458404031
4.6 0.01084 242.846382941 0.867276597683
4.6 0.011382 236.639510007 0.830468877309
4.6 0.011924 229.480517452 0.79736405443
4.6 0.012466 222.139670671 0.757834197858
4.6 0.013008 216.843843585 0.728328226103
4.6 0.01355 211.066770488 0.697105240522
4.6 0.014092 206.532530472 0.674958980854
4.6 0.014634 200.549740876 0.646712715293
4.6 0.015176 195.818483338 0.622682429976
4.6 0.015718 190.689646411 0.599831990471
4.6 0.01626 184.873165339 0.570292665345
4.6 0.016802 179.307532953 0.548854366866
4.6 0.017344 175.614534084 0.531212898225
4.6 0.017886 171.598184189 0.511503263859
4.6 0.018428 168.581527726 0.490856755859
4.6 0.01897 163.665598549 0.469944123794
4.6 0.019512 160.288960788 0.454024016329
