2.2 0.332864464315 14962.8473806 1.34411064096
2.4 0.416566658733 15303.006561 1.33892484348
2.6 0.514673451598 15056.155579 1.33458725991
2.8 0.628654199803 14448.145451 1.32861252017
3.0 0.760036556605 13440.9334899 1.32599723408
3.2 0.910405532495 12344.5361717 1.31678380568
3.4 1.08140261834 11328.8586192 1.30910414234
3.6 1.27472496387 10308.972474 1.29589045352
3.8 1.49212460555 9461.4302035 1.28642629719
4.0 1.7354077389 8839.31684291 1.27486438922
4.2 2.00643403086 8421.56945445 1.26482447353
4.4 2.30711596845 8123.06300246 1.25710457236
4.6 2.63941824052 7686.26752984 1.25345274666
