2.2 0.001084 33.383027262 0.115734266329
2.2 0.001626 31.1807878651 0.108628393462
2.2 0.002168 30.2947028451 0.104694771558
2.2 0.00271 29.4515663628 0.100642508844
2.2 0.003252 27.6695026027 0.0932318707348
2.2 0.003794 26.489909588 0.0888615748561
2.2 0.004336 25.4240183687 0.0849028437681
2.2 0.004878 24.2643493042 0.0802993205528
2.2 0.00542 23.326900073 0.0770741874121
2.2 0.005962 22.3598249419 0.0739466539572
2.2 0.006504 21.2649336429 0.0700290954799
2.2 0.007046 20.3724296442 0.0669072501123
2.2 0.007588 19.6240730811 0.0642962597275
2.2 0.00813 18.891459863 0.0616365530376
2.2 0.008672 18.3696688981 0.0595869404582
2.2 0.009214 17.5060370034 0.0566801357775
2.2 0.009756 17.0310090898 0.0546830558248
2.2 0.010298 16.3014658647 0.0524656581853
2.2 0.01084 15.8285922821 0.050463694468
2.2 0.011382 15.3695872026 0.0488736381344
2.2 0.011924 14.8241782566 0.0473484320585
2.2 0.012466 14.2544976056 0.0451904913902
2.2 0.013008 13.823124278 0.0437488049773
2.2 0.01355 13.318969266 0.0419783867459
2.2 0.014092 12.8666319956 0.0407518105166
2.2 0.014634 12.4806742552 0.0392450081054
2.2 0.015176 12.1256689086 0.0379707294425
2.2 0.015718 11.8025900286 0.0368338604518
2.2 0.01626 11.4464115529 0.0356190494021
2.2 0.016802 11.0694999939 0.0343683216192
2.2 0.017344 10.7404806262 0.0331637821919
2.2 0.017886 10.445366875 0.0320878177125
2.2 0.018428 10.1552027193 0.0311152678017
2.2 0.01897 9.8607203022 0.0301355116998
2.2 0.019512 9.54693483833 0.0289932156372
2.4 0.001084 44.4694192036 0.153008384986
2.4 0.001626 41.5199625832 0.144393605216
2.4 0.002168 40.2531460143 0.1388930849
2.4 0.00271 38.9422411157 0.132175130065
2.4 0.003252 36.3590999744 0.121465055872
2.4 0.003794 35.3152130219 0.117781492486
2.4 0.004336 33.5744187196 0.111323135843
2.4 0.004878 31.9316874042 0.104549913352
2.4 0.00542 30.8045310984 0.100896254832
2.4 0.005962 29.3054530474 0.0958514280774
2.4 0.006504 27.8022955666 0.0904470604598
2.4 0.007046 26.8911446906 0.0874699739806
2.4 0.007588 25.8061372831 0.08353552456
2.4 0.00813 24.9806393676 0.080210394129
2.4 0.008672 24.0000487165 0.0768086721527
2.4 0.009214 23.1604172726 0.073417154871
2.4 0.009756 22.2750809869 0.0705717374812
2.4 0.010298 21.4818416702 0.067718688596
2.4 0.01084 20.8496735684 0.0653752629151
2.4 0.011382 20.1425448466 0.0632784257378
2.4 0.011924 19.4182018037 0.0606173403851
2.4 0.012466 18.7256169858 0.0581155961177
2.4 0.013008 18.1020318645 0.0559643527516
2.4 0.01355 17.4780158147 0.0539254829595
2.4 0.014092 16.9263486911 0.0522598737722
2.4 0.014634 16.4901619186 0.0504632199085
2.4 0.015176 16.0207252106 0.0488832128156
2.4 0.015718 15.4905692093 0.0472539763255
2.4 0.01626 14.9793004496 0.0455594712351
2.4 0.016802 14.5535852005 0.0440843012498
2.4 0.017344 14.134290786 0.0423993480367
2.4 0.017886 13.7483116309 0.0414057010153
2.4 0.018428 13.3322126954 0.0398834974224
2.4 0.01897 12.8581057445 0.0384043490708
2.4 0.019512 12.5545798358 0.0371588154599
2.6 0.001084 57.8697465244 0.199563794817
2.6 0.001626 54.0549695025 0.187703239414
2.6 0.002168 52.2390045137 0.180002725487
2.6 0.00271 50.2374198652 0.169494198554
2.6 0.003252 46.76305679 0.156087263509
2.6 0.003794 45.9002284495 0.153088222889
2.6 0.004336 43.0350183445 0.141991838382
2.6 0.004878 41.019499154 0.133850222923
2.6 0.00542 39.6829294373 0.129550143409
2.6 0.005962 37.3196477246 0.121610415169
2.6 0.006504 35.4946523932 0.114571291106
2.6 0.007046 34.8290555919 0.11314453551
2.6 0.007588 32.9055388802 0.106082252461
2.6 0.00813 32.1521614114 0.10246899662
2.6 0.008672 30.5286108568 0.0973018571486
2.6 0.009214 29.8046606619 0.0931598735001
2.6 0.009756 28.2879879474 0.0895517697958
2.6 0.010298 27.731004501 0.0856956055404
2.6 0.01084 26.6343066713 0.0832335262975
2.6 0.011382 25.7717033283 0.0792951002751
2.6 0.011924 24.7573173069 0.0758741176336
2.6 0.012466 23.9872968788 0.0734896077489
2.6 0.013008 23.2004647154 0.0703290481749
2.6 0.01355 22.4186714581 0.0678765615077
2.6 0.014092 21.8050662528 0.0657195519596
2.6 0.014634 21.1262180224 0.0635397510907
2.6 0.015176 20.4785576812 0.0612453204311
2.6 0.015718 19.7974065461 0.0589640873191
2.6 0.01626 19.3041692399 0.0573545163948
2.6 0.016802 18.7336350101 0.0548917521457
2.6 0.017344 18.2670860996 0.0536588415968
2.6 0.017886 17.7375899871 0.0517624307628
2.6 0.018428 17.0019669287 0.0496107903768
2.6 0.01897 16.6295689969 0.0481715938317
2.6 0.019512 16.2720837252 0.0470819147415
2.8 0.001084 73.9472994196 0.257456968338
2.8 0.001626 69.1878604488 0.241936232733
2.8 0.002168 66.430281289 0.23154532981
2.8 0.00271 63.4878324576 0.215506719893
2.8 0.003252 59.4282739452 0.199326217819
2.8 0.003794 57.9599429006 0.19424211356
2.8 0.004336 54.3474264011 0.180388596661
2.8 0.004878 51.9432734594 0.171155477587
2.8 0.00542 49.7235831214 0.163814409236
2.8 0.005962 46.8504266018 0.152805793753
2.8 0.006504 44.9608341267 0.145750169275
2.8 0.007046 43.7575169967 0.142214173774
2.8 0.007588 41.696622859 0.133901991286
2.8 0.00813 40.3411952082 0.128596016437
2.8 0.008672 38.7820161115 0.12263090067
2.8 0.009214 37.3795201797 0.117357978841
2.8 0.009756 35.9192316749 0.112552941097
2.8 0.010298 34.8464332123 0.108161509127
2.8 0.01084 33.5190738665 0.103444823233
2.8 0.011382 32.415710554 0.0988868643714
2.8 0.011924 31.4168218501 0.0957683506168
2.8 0.012466 30.4498557674 0.0919619191965
2.8 0.013008 29.4188625994 0.0879456303628
2.8 0.01355 28.429735031 0.0847490084714
2.8 0.014092 27.5607111093 0.0821887023137
2.8 0.014634 26.7046733105 0.0792651613386
2.8 0.015176 25.8137020714 0.076170344563
2.8 0.015718 25.1127384611 0.0737240569924
2.8 0.01626 24.404101787 0.0714650690038
2.8 0.016802 23.8166216927 0.0693609950371
2.8 0.017344 23.1677127921 0.0669867557569
2.8 0.017886 22.2527958486 0.0642313306753
2.8 0.018428 21.7266010272 0.0620150886476
2.8 0.01897 21.2367811429 0.0608096589708
2.8 0.019512 20.694480144 0.0587883906466
3.0 0.001084 93.348990832 0.331065725711
3.0 0.001626 87.2302044413 0.310506402892
3.0 0.002168 83.25127592 0.295121538683
3.0 0.00271 79.0500593537 0.272037458745
3.0 0.003252 74.5505108816 0.254243327061
3.0 0.003794 72.1038387873 0.245403133723
3.0 0.004336 67.8272398178 0.228865164114
3.0 0.004878 64.8839642602 0.217560065481
3.0 0.00542 61.6819108943 0.205560217536
3.0 0.005962 58.2670111119 0.191582105259
3.0 0.006504 56.503805335 0.185325864867
3.0 0.007046 54.2048225811 0.176904473387
3.0 0.007588 52.184394974 0.168451845666
3.0 0.00813 50.0145377111 0.160429456564
3.0 0.008672 48.6022427465 0.154106535618
3.0 0.009214 46.2307853307 0.146650318969
3.0 0.009756 44.9695521532 0.140858549025
3.0 0.010298 43.1976920439 0.134931023286
3.0 0.01084 41.698718509 0.128387591049
3.0 0.011382 40.5497653928 0.124011818799
3.0 0.011924 39.4178286685 0.12040627745
3.0 0.012466 38.286333015 0.114567750577
3.0 0.013008 36.8270781925 0.109783617903
3.0 0.01355 35.6407801447 0.105970438329
3.0 0.014092 34.5881075229 0.102629598922
3.0 0.014634 33.4152678165 0.0987413847926
3.0 0.015176 32.309656369 0.0951984120253
3.0 0.015718 31.4164532499 0.0921095356588
3.0 0.01626 30.6495852163 0.0894431749404
3.0 0.016802 29.900389538 0.0862831155511
3.0 0.017344 28.8885753174 0.083002473617
3.0 0.017886 28.0480307636 0.0797689948111
3.0 0.018428 27.4178344817 0.0777368780715
3.0 0.01897 26.7993681428 0.075817804208
3.0 0.019512 26.0402712194 0.0728310141398
3.2 0.001084 116.952260204 0.42679983151
3.2 0.001626 109.125615519 0.39985083565
3.2 0.002168 103.54205391 0.376746476438
3.2 0.00271 98.0141804288 0.346072676074
3.2 0.003252 93.2281289214 0.32637954866
3.2 0.003794 89.3321247711 0.311379352361
3.2 0.004336 84.4567670393 0.291847499364
3.2 0.004878 80.622053866 0.276083406723
3.2 0.00542 76.2849347506 0.258897210127
3.2 0.005962 72.1415453146 0.241452442798
3.2 0.006504 70.6779766305 0.236052810609
3.2 0.007046 66.8604587695 0.220978134301
3.2 0.007588 65.1310431196 0.212757259792
3.2 0.00813 62.0344499499 0.201255981912
3.2 0.008672 60.5597145687 0.194803908332
3.2 0.009214 57.67371263 0.184156859733
3.2 0.009756 55.8866040963 0.177103829767
3.2 0.010298 53.6929603272 0.168740569639
3.2 0.01084 51.9921512924 0.16146447038
3.2 0.011382 50.6703945512 0.156775383717
3.2 0.011924 49.3301998174 0.15023336242
3.2 0.012466 47.6586516712 0.143469357199
3.2 0.013008 46.0427460443 0.137781546908
3.2 0.01355 44.6249012372 0.133368480401
3.2 0.014092 43.1276737819 0.128189343682
3.2 0.014634 41.6577524496 0.123622216379
3.2 0.015176 40.4174912542 0.119281780756
3.2 0.015718 39.395115373 0.116031261979
3.2 0.01626 38.5140336694 0.111614973568
3.2 0.016802 37.3057187676 0.107574621363
3.2 0.017344 36.0608651715 0.103296551833
3.2 0.017886 35.2659615557 0.0999232636733
3.2 0.018428 34.3891472059 0.097040256341
3.2 0.01897 33.5801657388 0.0942378311247
3.2 0.019512 32.7404275299 0.0905851257938
3.4 0.001084 146.807217412 0.552137121624
3.4 0.001626 136.677563396 0.516206299482
3.4 0.002168 129.120018376 0.481650160291
3.4 0.00271 122.154171758 0.442830426158
3.4 0.003252 117.081045701 0.420821979307
3.4 0.003794 111.19844743 0.396952518632
3.4 0.004336 105.816099028 0.37405691282
3.4 0.004878 100.550718669 0.35125887742
3.4 0.00542 94.7437588939 0.328430521894
3.4 0.005962 90.067911469 0.30832754582
3.4 0.006504 88.0498040507 0.300217297465
3.4 0.007046 83.6433239988 0.280876897526
3.4 0.007588 80.9955270137 0.269032479933
3.4 0.00813 78.0323378667 0.257743400319
3.4 0.008672 75.387030797 0.24622763676
3.4 0.009214 72.2616627384 0.234291733109
3.4 0.009756 69.6792695573 0.224472302368
3.4 0.010298 66.7270698102 0.212084946217
3.4 0.01084 65.2465401098 0.205241368945
3.4 0.011382 63.3560359446 0.198222460812
3.4 0.011924 61.8199588765 0.18954742722
3.4 0.012466 59.6016533204 0.182066653955
3.4 0.013008 57.6936772821 0.174290835166
3.4 0.01355 55.7718141672 0.167992797672
3.4 0.014092 54.0732000773 0.16172006872
3.4 0.014634 52.4033139471 0.156105793392
3.4 0.015176 50.8931164852 0.150799183439
3.4 0.015718 49.6254356164 0.145037186528
3.4 0.01626 48.1831409241 0.139956524503
3.4 0.016802 46.4193204214 0.133716545338
3.4 0.017344 45.6451661047 0.130648062593
3.4 0.017886 44.2182182876 0.124743684636
3.4 0.018428 43.3820672576 0.122563152487
3.4 0.01897 42.1902655823 0.117583406787
3.4 0.019512 40.8990614559 0.112572401172
3.6 0.001084 184.920868685 0.717635555481
3.6 0.001626 171.867773087 0.669854631945
3.6 0.002168 161.877249893 0.619955682824
3.6 0.00271 153.101630656 0.571136021444
3.6 0.003252 147.404156873 0.545628418919
3.6 0.003794 139.058817456 0.509710422528
3.6 0.004336 133.158960376 0.482768170984
3.6 0.004878 125.931603521 0.451210598945
3.6 0.00542 118.542707304 0.421807893392
3.6 0.005962 113.662740217 0.400243951523
3.6 0.006504 109.665857672 0.382624425851
3.6 0.007046 105.336564599 0.360689738955
3.6 0.007588 101.353288498 0.344192518452
3.6 0.00813 98.7215973666 0.332630432366
3.6 0.008672 94.5530247481 0.314670788083
3.6 0.009214 90.5812961321 0.300340978339
3.6 0.009756 87.5173520348 0.287010922806
3.6 0.010298 83.9907711786 0.271535060462
3.6 0.01084 82.0570946132 0.261984770574
3.6 0.011382 79.880555994 0.252227580539
3.6 0.011924 77.6320705245 0.243090108261
3.6 0.012466 75.1555486312 0.231799611057
3.6 0.013008 72.5077201746 0.222223153752
3.6 0.01355 70.21998478 0.212945671168
3.6 0.014092 68.3607224331 0.206412468821
3.6 0.014634 66.0663333596 0.198159900416
3.6 0.015176 64.2331921143 0.19097835649
3.6 0.015718 62.421517253 0.183738756449
3.6 0.01626 60.5821774198 0.17677342301
3.6 0.016802 59.2820241778 0.171736767375
3.6 0.017344 57.2660130889 0.163441536325
3.6 0.017886 56.1297216785 0.160710421852
3.6 0.018428 54.7138717671 0.153616201972
3.6 0.01897 52.9765836265 0.147385985243
3.6 0.019512 51.6391755116 0.141603189174
3.8 0.001084 232.499153614 0.940460905619
3.8 0.001626 215.823597661 0.875335850813
3.8 0.002168 203.123427304 0.805241512551
3.8 0.00271 192.56992648 0.743926689566
3.8 0.003252 186.321372254 0.713716018911
3.8 0.003794 175.155853361 0.660414674691
3.8 0.004336 168.412653434 0.627760573448
3.8 0.004878 158.709304156 0.585167808899
3.8 0.00542 149.725972356 0.54728235523
3.8 0.005962 144.141268432 0.523236156651
3.8 0.006504 137.680696951 0.492011628485
3.8 0.007046 133.575216424 0.468988143467
3.8 0.007588 127.779536001 0.445992262883
3.8 0.00813 125.148465275 0.431554939574
3.8 0.008672 119.471354401 0.407858273931
3.8 0.009214 114.784866411 0.388643997987
3.8 0.009756 110.401562633 0.369414289049
3.8 0.010298 107.002664438 0.351173523288
3.8 0.01084 103.932136434 0.337414474945
3.8 0.011382 101.5205732 0.326473989198
3.8 0.011924 98.4577983329 0.313266026924
3.8 0.012466 95.3197904988 0.298421607232
3.8 0.013008 92.0138319612 0.28609013142
3.8 0.01355 89.2762254294 0.275608599687
3.8 0.014092 86.5269157307 0.264489515076
3.8 0.014634 84.0397368087 0.254329707973
3.8 0.015176 81.4608780594 0.24391619658
3.8 0.015718 79.4996146869 0.237094693682
3.8 0.01626 77.4688165108 0.228231422822
3.8 0.016802 75.3982331657 0.219756248264
3.8 0.017344 73.0861163377 0.211764687323
3.8 0.017886 71.4410675161 0.203903184818
3.8 0.018428 69.3795868076 0.195394307046
3.8 0.01897 67.7209944827 0.188701139093
3.8 0.019512 66.2266096666 0.181455603788
4.0 0.001084 295.994105947 1.24252338154
4.0 0.001626 274.630766228 1.15119866469
4.0 0.002168 258.622419948 1.05749030318
4.0 0.00271 245.266898327 0.978722616232
4.0 0.003252 237.820254496 0.943030913301
4.0 0.003794 223.55403025 0.869781468237
4.0 0.004336 214.582501695 0.824945713489
4.0 0.004878 201.589189376 0.76584741453
4.0 0.00542 191.223807002 0.719106977446
4.0 0.005962 184.137404301 0.690820937524
4.0 0.006504 174.742166668 0.640658498169
4.0 0.007046 170.326859553 0.617226534613
4.0 0.007588 163.961269175 0.587902505714
4.0 0.00813 159.446667696 0.564666414146
4.0 0.008672 152.29029089 0.533384833297
4.0 0.009214 147.213093868 0.5118898445
4.0 0.009756 140.568124074 0.480878491792
4.0 0.010298 137.348005736 0.459147025988
4.0 0.01084 133.248653356 0.442715705705
4.0 0.011382 129.938527836 0.426637272527
4.0 0.011924 126.259171137 0.40788710396
4.0 0.012466 121.988310102 0.390570871502
4.0 0.013008 118.021910607 0.372737852622
4.0 0.01355 114.572915847 0.361176690621
4.0 0.014092 111.133912945 0.34387693455
4.0 0.014634 107.878626206 0.329734320327
4.0 0.015176 105.090618147 0.319779298998
4.0 0.015718 102.449739902 0.309284804128
4.0 0.01626 100.251837397 0.29851849658
4.0 0.016802 96.5923077937 0.284743597547
4.0 0.017344 94.379262567 0.275501991742
4.0 0.017886 92.0159438971 0.264028839017
4.0 0.018428 89.7648796663 0.255070388789
4.0 0.01897 87.7112625086 0.245340294003
4.0 0.019512 85.7920910137 0.235850485157
4.2 0.001084 376.004978426 1.65954474468
4.2 0.001626 349.181736879 1.52984693147
4.2 0.002168 329.597117749 1.40888354015
4.2 0.00271 312.857886678 1.30511412422
4.2 0.003252 303.312754594 1.25234290293
4.2 0.003794 286.475053541 1.15985615469
4.2 0.004336 274.575463949 1.09566930786
4.2 0.004878 257.273050865 1.01250740917
4.2 0.00542 246.093668395 0.959383697815
4.2 0.005962 236.246808895 0.918893414785
4.2 0.006504 225.366008725 0.856162320448
4.2 0.007046 218.663356769 0.820516278298
4.2 0.007588 212.145219307 0.783139441199
4.2 0.00813 205.17019522 0.75021943497
4.2 0.008672 195.874870704 0.703836332069
4.2 0.009214 189.946878062 0.680802995702
4.2 0.009756 182.278577296 0.638163606857
4.2 0.010298 177.220366138 0.61066678455
4.2 0.01084 172.523394934 0.590168486543
4.2 0.011382 167.776020772 0.563856856096
4.2 0.011924 163.181907594 0.540833361722
4.2 0.012466 157.709952538 0.51723936422
4.2 0.013008 152.779323407 0.495695166682
4.2 0.01355 148.583863879 0.476646687129
4.2 0.014092 143.965601136 0.452284583389
4.2 0.014634 140.298770044 0.439261757648
4.2 0.015176 136.818087551 0.424649673336
4.2 0.015718 133.599223211 0.409423970032
4.2 0.01626 129.720037505 0.392406412009
4.2 0.016802 125.98933123 0.376209435242
4.2 0.017344 122.69442674 0.362197050577
4.2 0.017886 120.053304092 0.348614070812
4.2 0.018428 117.071257489 0.336361401635
4.2 0.01897 114.628350288 0.323712978123
4.2 0.019512 111.519190286 0.309693308695
4.4 0.001084 481.849627097 2.24140696065
4.4 0.001626 448.253306817 2.05616523797
4.4 0.002168 424.540546429 1.90432551646
4.4 0.00271 403.663577818 1.76990203698
4.4 0.003252 390.333186872 1.68748091334
4.4 0.003794 370.746286496 1.57162220805
4.4 0.004336 354.079307673 1.4740056331
4.4 0.004878 331.127794003 1.35708653174
4.4 0.00542 320.107952209 1.30345324778
4.4 0.005962 305.842273277 1.23311434271
4.4 0.006504 293.893118351 1.16103104887
4.4 0.007046 284.322953686 1.10681733395
4.4 0.007588 277.454864192 1.05860848406
4.4 0.00813 267.059986628 1.00955348484
4.4 0.008672 256.217773261 0.955151303383
4.4 0.009214 247.242857598 0.91299229558
4.4 0.009756 238.480314445 0.858695699952
4.4 0.010298 231.475171008 0.826337147086
4.4 0.01084 225.586896756 0.796782116809
4.4 0.011382 219.162189972 0.759843896418
4.4 0.011924 212.929958079 0.72957621179
4.4 0.012466 205.72503651 0.693407110138
4.4 0.013008 200.168395376 0.670007637454
4.4 0.01355 195.208276389 0.63840096724
4.4 0.014092 189.794219092 0.613082950626
4.4 0.014634 185.129053983 0.593330036709
4.4 0.015176 180.637467106 0.570801622374
4.4 0.015718 176.195844053 0.549787284048
4.4 0.01626 170.702901688 0.52528044313
4.4 0.016802 165.742953381 0.503005219321
4.4 0.017344 162.085851145 0.485757445194
4.4 0.017886 157.999619571 0.46726306148
4.4 0.018428 154.787445399 0.451731133733
4.4 0.01897 151.373796376 0.432821889017
4.4 0.019512 147.130902266 0.415064272785
4.6 0.001084 618.731921397 3.06182962492
4.6 0.001626 577.178680069 2.79902878711
4.6 0.002168 549.024684217 2.61421449511
4.6 0.00271 524.144366291 2.4438525739
4.6 0.003252 505.397409456 2.31023151337
4.6 0.003794 483.572554667 2.16453375897
4.6 0.004336 460.136631541 2.01399562855
4.6 0.004878 431.360963109 1.85954735474
4.6 0.00542 419.15511168 1.79638693645
4.6 0.005962 399.63282644 1.68320202441
4.6 0.006504 387.056305823 1.6015902922
4.6 0.007046 373.988740701 1.52318217784
4.6 0.007588 364.857703812 1.4529111412
4.6 0.00813 350.837057735 1.37990351993
4.6 0.008672 339.029522454 1.32359571877
4.6 0.009214 325.767687492 1.25009585928
4.6 0.009756 314.926028213 1.17598775901
4.6 0.010298 306.429685454 1.13862963201
4.6 0.01084 297.605736386 1.09003038403
4.6 0.011382 289.756351635 1.0437019007
4.6 0.011924 281.455259719 1.00300964523
4.6 0.012466 272.069584709 0.951945311106
4.6 0.013008 265.938224787 0.914540907507
4.6 0.01355 259.209991922 0.876304748995
4.6 0.014092 254.006950501 0.848048053577
4.6 0.014634 246.704105931 0.810779814723
4.6 0.015176 240.974822049 0.781129403792
4.6 0.015718 234.658287925 0.751519349999
4.6 0.01626 227.684510071 0.714146143904
4.6 0.016802 220.882221207 0.688253285152
4.6 0.017344 216.492747678 0.666469757252
4.6 0.017886 211.595641789 0.642145180437
4.6 0.018428 207.84920735 0.615759291961
4.6 0.01897 201.892601245 0.590270988795
4.6 0.019512 197.793923039 0.570017844552
