2.2 0.184924702397 14977.9438067 1.34476013994
2.4 0.231425921518 15299.4906486 1.33834918024
2.6 0.285929695332 15060.4961335 1.33387758126
2.8 0.349252333224 14459.887819 1.32879255904
3.0 0.422242531447 13442.3544302 1.32508361562
3.2 0.505780851386 12376.2765961 1.31885622094
3.4 0.600779232412 11332.7627741 1.30865073702
3.6 0.708180535481 10334.6572258 1.2984166951
3.8 0.828958114192 9473.19993863 1.28696629298
4.0 0.9641154105 8847.64422201 1.27503987158
4.2 1.1146855727 8428.35113073 1.2653074734
4.4 1.28173109358 8120.08379028 1.25622125484
4.6 1.46634346696 7693.97533932 1.25332691694
