2.2 0.001084 18.3669059587 0.0645113111005
2.2 0.001626 16.8749288832 0.0594658549241
2.2 0.002168 15.8190301196 0.0554244894194
2.2 0.00271 15.372346967 0.0534217217771
2.2 0.003252 14.9590899881 0.0517192450146
2.2 0.003794 14.1225608631 0.0483617518128
2.2 0.004336 13.4936657675 0.0461103535877
2.2 0.004878 13.0241149717 0.044532035434
2.2 0.00542 12.5727112749 0.0427916917999
2.2 0.005962 12.0280435578 0.0402953129266
2.2 0.006504 11.5973644726 0.0389963439717
2.2 0.007046 11.2296398176 0.0376653143561
2.2 0.007588 10.7968797303 0.0360600603361
2.2 0.00813 10.3391457569 0.0344057948491
2.2 0.008672 9.94376952942 0.0330679792886
2.2 0.009214 9.60774780065 0.0322075680971
2.2 0.009756 9.37874477501 0.0311609808233
2.2 0.010298 9.05292400356 0.0299372159496
2.2 0.01084 8.79863522741 0.0290178489062
2.2 0.011382 8.59624380953 0.0282863202062
2.2 0.011924 8.23448415235 0.0270904957811
2.2 0.012466 8.01898508091 0.0264864114992
2.2 0.013008 7.71782396989 0.0252570405674
2.2 0.01355 7.52497382719 0.0245893400908
2.2 0.014092 7.33328459245 0.024038950137
2.2 0.014634 7.05292640865 0.0230813683245
2.2 0.015176 6.88891193086 0.0223533008257
2.2 0.015718 6.66177494674 0.021532012288
2.2 0.01626 6.4721574202 0.0209814894813
2.2 0.016802 6.30004962874 0.0204456895071
2.2 0.017344 6.12634592737 0.0197894415413
2.2 0.017886 5.94847775011 0.0190699684419
2.2 0.018428 5.84584296316 0.0188258026508
2.2 0.01897 5.63863570155 0.0181153923365
2.2 0.019512 5.48067924572 0.017524952555
2.4 0.001084 24.0694390573 0.0828787526047
2.4 0.001626 21.9800103731 0.0763795154583
2.4 0.002168 20.6451613451 0.0716044172887
2.4 0.00271 20.003081417 0.0684690563779
2.4 0.003252 19.3661851402 0.0659536646722
2.4 0.003794 18.1082423375 0.0612337492297
2.4 0.004336 17.4022978764 0.0587350349611
2.4 0.004878 16.7856888263 0.0565315223061
2.4 0.00542 16.1106469017 0.0538087596197
2.4 0.005962 15.4343853294 0.0510678587491
2.4 0.006504 14.9101904641 0.0495505052754
2.4 0.007046 14.359902957 0.0473942450999
2.4 0.007588 13.7471184704 0.0453676886671
2.4 0.00813 13.2595045366 0.0436380170462
2.4 0.008672 12.7840358971 0.0420427184968
2.4 0.009214 12.3690761081 0.0405935003386
2.4 0.009756 12.1120795831 0.0393522039277
2.4 0.010298 11.6105105188 0.0378084251026
2.4 0.01084 11.3654962761 0.0367416187095
2.4 0.011382 10.9292172326 0.0353331322775
2.4 0.011924 10.5619866599 0.0341008530196
2.4 0.012466 10.2552786702 0.0329575960194
2.4 0.013008 9.9208560018 0.0317664729415
2.4 0.01355 9.75808519925 0.0313119841041
2.4 0.014092 9.34278975769 0.0299701030355
2.4 0.014634 9.09213062647 0.0289841114557
2.4 0.015176 8.8221828435 0.0280020796359
2.4 0.015718 8.54413687833 0.0270854829307
2.4 0.01626 8.31200448377 0.026325328881
2.4 0.016802 8.10040629874 0.0255557168642
2.4 0.017344 7.83372707337 0.0246779468594
2.4 0.017886 7.68110853286 0.0241387193926
2.4 0.018428 7.44947982505 0.0234110173593
2.4 0.01897 7.21216119929 0.0226039506918
2.4 0.019512 7.031248719 0.0218983198183
2.6 0.001084 30.7104221943 0.104169944701
2.6 0.001626 27.9489501566 0.0960302358103
2.6 0.002168 26.3330634085 0.0904355020281
2.6 0.00271 25.407761754 0.0861046397989
2.6 0.003252 24.3199555649 0.0816163954406
2.6 0.003794 22.7352196198 0.0758450463964
2.6 0.004336 22.0074481857 0.0730677202333
2.6 0.004878 21.0623608377 0.0698808020187
2.6 0.00542 20.146820703 0.0664212676746
2.6 0.005962 19.384098172 0.0634773103156
2.6 0.006504 18.6729762433 0.0609338767054
2.6 0.007046 17.8674597297 0.0582035976074
2.6 0.007588 17.0971973263 0.0557015569946
2.6 0.00813 16.6548442735 0.0542665509061
2.6 0.008672 15.9615898572 0.0517140177856
2.6 0.009214 15.5546914665 0.0501162200881
2.6 0.009756 15.079885459 0.0484117970192
2.6 0.010298 14.5560798147 0.0464445109786
2.6 0.01084 14.1540094112 0.0448009687434
2.6 0.011382 13.5841214819 0.0432691584543
2.6 0.011924 13.3204754386 0.0419468347426
2.6 0.012466 12.8309432769 0.0402461404827
2.6 0.013008 12.4997161523 0.0392313672356
2.6 0.01355 12.1077950309 0.0380094602096
2.6 0.014092 11.6884913059 0.0365600621807
2.6 0.014634 11.3513164636 0.0353021645206
2.6 0.015176 10.9683226935 0.0341074488926
2.6 0.015718 10.6566088787 0.0333317446208
2.6 0.01626 10.3850725711 0.0320950533181
2.6 0.016802 10.1262528852 0.0312031682222
2.6 0.017344 9.88026698203 0.0304372721889
2.6 0.017886 9.59625686717 0.029512995009
2.6 0.018428 9.27704983653 0.0284424148493
2.6 0.01897 9.03137110661 0.0275668155347
2.6 0.019512 8.8298682499 0.0268021778658
2.8 0.001084 38.2964487341 0.128786718679
2.8 0.001626 34.752858781 0.118518738711
2.8 0.002168 32.7611364992 0.111687864706
2.8 0.00271 31.4327835374 0.105881220134
2.8 0.003252 29.8355883417 0.099444695785
2.8 0.003794 28.0000035017 0.092668172548
2.8 0.004336 27.2049823 0.0896242672543
2.8 0.004878 25.7758678195 0.0846261591273
2.8 0.00542 24.624658816 0.0803437530974
2.8 0.005962 23.7447471048 0.0770832922626
2.8 0.006504 22.7376631655 0.0736554861046
2.8 0.007046 21.6880418909 0.0700816027255
2.8 0.007588 20.9276073155 0.0674892338943
2.8 0.00813 20.4249967834 0.0658793504263
2.8 0.008672 19.5170326827 0.0623716939372
2.8 0.009214 19.1561147645 0.0608640580007
2.8 0.009756 18.3634210279 0.0582941914049
2.8 0.010298 17.8458210718 0.05582379891
2.8 0.01084 17.1893891141 0.0539269814908
2.8 0.011382 16.6806955736 0.0521990703437
2.8 0.011924 16.2529637815 0.0503275816063
2.8 0.012466 15.6782486176 0.0486241999151
2.8 0.013008 15.2859683289 0.0475411913238
2.8 0.01355 14.7087464797 0.0455196576704
2.8 0.014092 14.2738191128 0.0438560089651
2.8 0.014634 13.8606448887 0.0424198928404
2.8 0.015176 13.4724086227 0.0413558613128
2.8 0.015718 13.0913745792 0.0399571403457
2.8 0.01626 12.7565366394 0.0386565553239
2.8 0.016802 12.4587426298 0.0378179613053
2.8 0.017344 12.09241628 0.0366232305806
2.8 0.017886 11.6783133336 0.0351638450867
2.8 0.018428 11.4035151566 0.0342072876411
2.8 0.01897 11.1535357737 0.0333942842861
2.8 0.019512 10.8143445219 0.0322358813947
3.0 0.001084 46.7202336225 0.157555698505
3.0 0.001626 42.3437102833 0.144590493524
3.0 0.002168 39.8902513235 0.135966937397
3.0 0.00271 38.057575292 0.128234334278
3.0 0.003252 35.874470033 0.119467593272
3.0 0.003794 33.8577233131 0.111873362944
3.0 0.004336 32.8135804433 0.107904218623
3.0 0.004878 30.9589957236 0.101618108946
3.0 0.00542 29.5851902746 0.0962869516398
3.0 0.005962 28.5915811779 0.09274735346
3.0 0.006504 27.1677118765 0.0877266742991
3.0 0.007046 25.9386391018 0.0834026296713
3.0 0.007588 25.3007841559 0.081501948975
3.0 0.00813 24.4471918616 0.0784775602558
3.0 0.008672 23.5110886318 0.0747335814214
3.0 0.009214 22.8599342955 0.0722610443867
3.0 0.009756 21.9605766378 0.0691137548957
3.0 0.010298 21.404974055 0.066299932245
3.0 0.01084 20.4012364972 0.0641697848147
3.0 0.011382 20.0921800556 0.0621093427612
3.0 0.011924 19.3490427441 0.0597591354186
3.0 0.012466 18.7959915165 0.0578676945935
3.0 0.013008 18.2335091601 0.056015943538
3.0 0.01355 17.6326323057 0.0539836822439
3.0 0.014092 17.1157448412 0.0520273072807
3.0 0.014634 16.6776531582 0.0504881677297
3.0 0.015176 16.1883606498 0.04914613493
3.0 0.015718 15.698588254 0.0470902851924
3.0 0.01626 15.349557016 0.0463498292132
3.0 0.016802 14.9369077433 0.044711059375
3.0 0.017344 14.4479170055 0.042956879631
3.0 0.017886 14.097511213 0.0418226276063
3.0 0.018428 13.7688692287 0.0408070185267
3.0 0.01897 13.3871010077 0.0394670653351
3.0 0.019512 13.0686685919 0.0382553151949
3.2 0.001084 56.3670720682 0.192235241537
3.2 0.001626 51.0358605399 0.175714649867
3.2 0.002168 47.9967063739 0.165250506548
3.2 0.00271 45.5568032561 0.154718631954
3.2 0.003252 42.6984138849 0.142911992639
3.2 0.003794 40.5640345972 0.134636435225
3.2 0.004336 39.0615974504 0.129218583696
3.2 0.004878 36.8445129229 0.121660064468
3.2 0.00542 35.2810923585 0.11536460324
3.2 0.005962 33.9610259393 0.110824912262
3.2 0.006504 32.0736758392 0.103975813006
3.2 0.007046 30.6864885623 0.0985717676153
3.2 0.007588 30.2640674084 0.0978380146699
3.2 0.00813 28.8440275305 0.0924648258974
3.2 0.008672 27.9891905493 0.0889266999878
3.2 0.009214 26.9642465351 0.0853486878121
3.2 0.009756 26.1217272198 0.0818327940716
3.2 0.010298 25.2332393365 0.078831511717
3.2 0.01084 24.3449711061 0.0761109298676
3.2 0.011382 23.7686228891 0.0733787188816
3.2 0.011924 22.8731501216 0.0703463354883
3.2 0.012466 22.199075553 0.0678362124952
3.2 0.013008 21.5986675588 0.0658562982826
3.2 0.01355 20.8742270929 0.0636739686902
3.2 0.014092 20.4004784823 0.0614552947262
3.2 0.014634 19.7698971554 0.0597217632006
3.2 0.015176 19.1416820258 0.057412416113
3.2 0.015718 18.6588128355 0.0560001818007
3.2 0.01626 18.2220828175 0.0543871974993
3.2 0.016802 17.6784689938 0.0523003099391
3.2 0.017344 17.174824487 0.0506775734765
3.2 0.017886 16.8033456697 0.0495415894502
3.2 0.018428 16.3674250755 0.048047905629
3.2 0.01897 15.9917423225 0.0465415161678
3.2 0.019512 15.6653920031 0.0451836058355
3.4 0.001084 67.7020888045 0.233991311701
3.4 0.001626 61.3384603323 0.213357761245
3.4 0.002168 57.5259752284 0.200546972416
3.4 0.00271 54.3567048867 0.186078760972
3.4 0.003252 50.7398996841 0.170959134528
3.4 0.003794 48.5376743007 0.162015695859
3.4 0.004336 46.3751027391 0.154592877724
3.4 0.004878 43.8407227326 0.145889498389
3.4 0.00542 42.0259531591 0.138756187819
3.4 0.005962 40.1522931767 0.131895859335
3.4 0.006504 37.9947088204 0.123882056415
3.4 0.007046 36.5084945013 0.118052498554
3.4 0.007588 35.8803457356 0.116418350599
3.4 0.00813 33.9911923369 0.109111778114
3.4 0.008672 33.2728978723 0.106170006102
3.4 0.009214 31.684014025 0.100392089699
3.4 0.009756 31.083784377 0.0975016844702
3.4 0.010298 29.6656049489 0.0930226501336
3.4 0.01084 28.9328192642 0.0899290547378
3.4 0.011382 27.9647330349 0.086403799833
3.4 0.011924 26.9772164086 0.0826584497301
3.4 0.012466 26.2554234083 0.0799871650307
3.4 0.013008 25.5112581614 0.0778059046952
3.4 0.01355 24.7933603755 0.0752045237718
3.4 0.014092 24.1414659444 0.072675347441
3.4 0.014634 23.346846713 0.070273515213
3.4 0.015176 22.6420245788 0.0676310537527
3.4 0.015718 22.1340990878 0.0660708342813
3.4 0.01626 21.5479233684 0.0636355237307
3.4 0.016802 20.8581609044 0.0616446282142
3.4 0.017344 20.4059263326 0.0599749545435
3.4 0.017886 19.8884037326 0.0581435680959
3.4 0.018428 19.525172788 0.0567042963675
3.4 0.01897 19.0574623825 0.0548486939925
3.4 0.019512 18.4715192704 0.0530797122413
3.6 0.001084 81.3668640538 0.284594334494
3.6 0.001626 73.8027314881 0.259751075602
3.6 0.002168 68.9742724339 0.243659173488
3.6 0.00271 64.9629218092 0.224140199284
3.6 0.003252 60.3580233497 0.205319982042
3.6 0.003794 58.0921234706 0.19598313411
3.6 0.004336 55.0295018768 0.185882689392
3.6 0.004878 52.182584642 0.175540741623
3.6 0.00542 49.9541134478 0.16656761901
3.6 0.005962 47.4323435324 0.157213132787
3.6 0.006504 44.9467660649 0.147736143964
3.6 0.007046 43.5001821067 0.142309761685
3.6 0.007588 42.1917753329 0.137788902888
3.6 0.00813 40.4023000206 0.130660550834
3.6 0.008672 39.1657657724 0.125658008066
3.6 0.009214 37.5979809097 0.119480370379
3.6 0.009756 36.7344852553 0.116066548812
3.6 0.010298 35.1083607448 0.109957838368
3.6 0.01084 34.2213482289 0.1066212509
3.6 0.011382 32.9742106719 0.102178241747
3.6 0.011924 31.8028934743 0.0973880161305
3.6 0.012466 31.1649933598 0.0955264327653
3.6 0.013008 30.1025403708 0.0924641884323
3.6 0.01355 29.445283563 0.0885697019554
3.6 0.014092 28.5664332585 0.0864503115149
3.6 0.014634 27.5425887246 0.0824156747647
3.6 0.015176 26.8756186268 0.0802918331873
3.6 0.015718 26.1469419718 0.0773815977408
3.6 0.01626 25.4162894963 0.0751287976712
3.6 0.016802 24.810083424 0.0730707629851
3.6 0.017344 24.1859728926 0.070681793825
3.6 0.017886 23.7109099198 0.0686170206738
3.6 0.018428 23.1720379125 0.0665294163632
3.6 0.01897 22.4737425589 0.0642530367341
3.6 0.019512 21.8955999066 0.0624833133519
3.8 0.001084 97.3074067622 0.346898572496
3.8 0.001626 88.4074127649 0.317149116032
3.8 0.002168 82.2700588379 0.296067134712
3.8 0.00271 77.377524299 0.270598834965
3.8 0.003252 71.8330056153 0.24775303915
3.8 0.003794 69.5744311284 0.238194853509
3.8 0.004336 65.4200525177 0.224077636898
3.8 0.004878 62.3939334304 0.212211652971
3.8 0.00542 59.5337004374 0.200401427658
3.8 0.005962 56.2269177406 0.188302544844
3.8 0.006504 53.3346115449 0.177050941301
3.8 0.007046 51.9733243758 0.172240805499
3.8 0.007588 49.7633498297 0.16360994408
3.8 0.00813 48.0577768228 0.156427780779
3.8 0.008672 46.2182958498 0.148961726262
3.8 0.009214 44.9233485278 0.144022010286
3.8 0.009756 43.44180961 0.137997974388
3.8 0.010298 41.8404727041 0.131965300249
3.8 0.01084 40.5017523335 0.127087561693
3.8 0.011382 38.9812231769 0.12103815224
3.8 0.011924 37.8627274715 0.116855837746
3.8 0.012466 36.936889341 0.113957055294
3.8 0.013008 35.8686362286 0.109581070106
3.8 0.01355 34.9790523337 0.105674501148
3.8 0.014092 33.8348629147 0.101983702427
3.8 0.014634 32.7582583167 0.0978614242492
3.8 0.015176 31.9100383194 0.0950634006614
3.8 0.015718 31.0012628217 0.0917777134351
3.8 0.01626 30.29207781 0.0894569516139
3.8 0.016802 29.560996796 0.086659112138
3.8 0.017344 28.7635686015 0.0834914645595
3.8 0.017886 28.1962391731 0.0808871347116
3.8 0.018428 27.3883995534 0.0783563473021
3.8 0.01897 26.6191989017 0.0757466934186
3.8 0.019512 26.0659475748 0.0745929684452
4.0 0.001084 117.524826552 0.423644170127
4.0 0.001626 106.961687971 0.388092320585
4.0 0.002168 99.1683654604 0.359831037886
4.0 0.00271 93.106280413 0.328010544002
4.0 0.003252 86.4784664914 0.301087291744
4.0 0.003794 83.9451355009 0.290884446639
4.0 0.004336 78.2987701872 0.271482713254
4.0 0.004878 75.1303729197 0.258285587619
4.0 0.00542 71.2814884551 0.242376364367
4.0 0.005962 67.0625594335 0.22700941441
4.0 0.006504 63.7328694892 0.213869952316
4.0 0.007046 62.3889047017 0.209087685937
4.0 0.007588 59.0399389982 0.195211867195
4.0 0.00813 57.5234978488 0.188496742399
4.0 0.008672 55.02279229 0.178848584748
4.0 0.009214 53.9740772842 0.174826650953
4.0 0.009756 51.7510110049 0.164817485473
4.0 0.010298 50.0158990563 0.159196839831
4.0 0.01084 48.333519595 0.152331992007
4.0 0.011382 46.2985753614 0.144426022108
4.0 0.011924 45.4757393887 0.140954070676
4.0 0.012466 43.922127643 0.136283355336
4.0 0.013008 42.9334226976 0.131010061568
4.0 0.01355 41.7271019551 0.126754295426
4.0 0.014092 40.3216954315 0.121314090838
4.0 0.014634 39.1202191976 0.117339576806
4.0 0.015176 37.9802398439 0.113193544927
4.0 0.015718 37.1284768637 0.110068330528
4.0 0.01626 36.2819932632 0.10684296556
4.0 0.016802 35.2070257741 0.102659649561
4.0 0.017344 34.3545954753 0.0989848228428
4.0 0.017886 33.5248745358 0.0965451466256
4.0 0.018428 32.5979260338 0.0930109640438
4.0 0.01897 31.9477920927 0.0913662652716
4.0 0.019512 30.8236835056 0.0875369642992
4.2 0.001084 141.196182315 0.520129238092
4.2 0.001626 128.531596613 0.476661535974
4.2 0.002168 118.684170325 0.438519752371
4.2 0.00271 111.381060502 0.40043696907
4.2 0.003252 104.10950284 0.369472580805
4.2 0.003794 100.563847756 0.355230431482
4.2 0.004336 93.9722409845 0.330938942026
4.2 0.004878 90.1982617064 0.31452878959
4.2 0.00542 85.2322221086 0.294336727587
4.2 0.005962 80.2650410882 0.275580389866
4.2 0.006504 76.6153597059 0.260736684137
4.2 0.007046 74.4615876455 0.252252190593
4.2 0.007588 70.6905645 0.235839527663
4.2 0.00813 68.7596826758 0.227563813812
4.2 0.008672 66.1327014438 0.217673775147
4.2 0.009214 64.6186946389 0.211057781035
4.2 0.009756 62.0079520932 0.199610369062
4.2 0.010298 59.8209839755 0.191967133583
4.2 0.01084 57.7480024705 0.183523570923
4.2 0.011382 55.5885720427 0.174870741314
4.2 0.011924 54.3804642947 0.169560712514
4.2 0.012466 52.5694250933 0.163794758176
4.2 0.013008 51.403501831 0.158070864579
4.2 0.01355 49.8971907378 0.151928529472
4.2 0.014092 48.2908919611 0.146124205706
4.2 0.014634 46.7643169526 0.140917153901
4.2 0.015176 45.5806415291 0.136506618463
4.2 0.015718 44.4774231374 0.132201379438
4.2 0.01626 43.2686063662 0.127430194552
4.2 0.016802 42.0489751812 0.122263422254
4.2 0.017344 40.994769979 0.118700085615
4.2 0.017886 40.0325691751 0.115708184931
4.2 0.018428 39.1252170525 0.112229040494
4.2 0.01897 38.04770261 0.108732942188
4.2 0.019512 36.9495857323 0.104913285894
4.4 0.001084 170.435199687 0.640353195591
4.4 0.001626 155.039817144 0.586841130656
4.4 0.002168 142.909454373 0.536221984289
4.4 0.00271 134.02661702 0.490463069661
4.4 0.003252 125.929354249 0.454724464839
4.4 0.003794 120.832052008 0.434303849612
4.4 0.004336 113.381019873 0.405142898246
4.4 0.004878 108.468805464 0.383983853853
4.4 0.00542 102.176674037 0.358277014879
4.4 0.005962 96.4133914526 0.335454454598
4.4 0.006504 92.5379463566 0.319461060097
4.4 0.007046 89.0417106683 0.30459450435
4.4 0.007588 85.2142553693 0.287351172232
4.4 0.00813 82.5459366127 0.276395929037
4.4 0.008672 80.0441926482 0.266225813503
4.4 0.009214 77.6914168709 0.255319315753
4.4 0.009756 74.5594224076 0.242535945681
4.4 0.010298 72.0469809553 0.232901441398
4.4 0.01084 69.1419113564 0.221677370973
4.4 0.011382 67.2057201653 0.212233219925
4.4 0.011924 65.0890342432 0.20504887398
4.4 0.012466 63.3736505699 0.198748974996
4.4 0.013008 61.7089088856 0.190569581152
4.4 0.01355 59.9944437451 0.183617249447
4.4 0.014092 57.8534818017 0.176382445612
4.4 0.014634 56.2838089938 0.170723171815
4.4 0.015176 54.8397547391 0.16477034599
4.4 0.015718 53.3783042448 0.159385002027
4.4 0.01626 51.9707776629 0.152599050407
4.4 0.016802 50.3925530733 0.146611952381
4.4 0.017344 49.4121209822 0.144523308818
4.4 0.017886 48.173101618 0.13904439153
4.4 0.018428 47.1854196014 0.13575546638
4.4 0.01897 45.4674891251 0.12988480536
4.4 0.019512 44.5351284756 0.126519929007
4.6 0.001084 204.455681576 0.787634651285
4.6 0.001626 185.905916776 0.720896374743
4.6 0.002168 171.371306849 0.655821485239
4.6 0.00271 160.761194323 0.600764420499
4.6 0.003252 151.814172701 0.558991413819
4.6 0.003794 144.990802536 0.530600852087
4.6 0.004336 136.715705294 0.496603387445
4.6 0.004878 130.387538376 0.468994686172
4.6 0.00542 122.467412148 0.436103547866
4.6 0.005962 115.913463736 0.409177444606
4.6 0.006504 111.664631225 0.391555815703
4.6 0.007046 106.573018864 0.368759878402
4.6 0.007588 102.902565772 0.351296936794
4.6 0.00813 99.3696226097 0.336718846118
4.6 0.008672 96.9124911162 0.325384703564
4.6 0.009214 93.6030745502 0.310337379378
4.6 0.009756 89.5118939771 0.29370092973
4.6 0.010298 86.9803955093 0.284378030137
4.6 0.01084 82.7346344592 0.267683243478
4.6 0.011382 81.1728994272 0.258093287027
4.6 0.011924 78.1828739851 0.249532684032
4.6 0.012466 76.3144131227 0.241198430188
4.6 0.013008 74.2876780674 0.230849448035
4.6 0.01355 72.1257684692 0.222877111317
4.6 0.014092 69.6101206793 0.214397440869
4.6 0.014634 67.8603681202 0.20664382461
4.6 0.015176 66.0465632229 0.199552331568
4.6 0.015718 64.3624561559 0.19219408243
4.6 0.01626 62.5913364368 0.184034048387
4.6 0.016802 61.0085359721 0.179126840269
4.6 0.017344 59.6154931332 0.174031203562
4.6 0.017886 58.2618428423 0.168793803597
4.6 0.018428 56.501921813 0.162678126262
4.6 0.01897 54.9298232877 0.157283587876
4.6 0.019512 53.7192442122 0.151590392495
