2.2 0.001084 18.6930663565 0.0668542086687
2.2 0.001626 17.5367837913 0.062615089231
2.2 0.002168 17.0901638681 0.0606080974142
2.2 0.00271 16.7156773773 0.0588530240354
2.2 0.003252 15.7874199112 0.0547056732865
2.2 0.003794 15.1128066746 0.0521431097312
2.2 0.004336 14.561760641 0.050006784388
2.2 0.004878 13.9663525018 0.0473868982552
2.2 0.00542 13.442070548 0.0455681832506
2.2 0.005962 12.9126871892 0.0438544024211
2.2 0.006504 12.3241190526 0.0416012487527
2.2 0.007046 11.7963851926 0.0397877952791
2.2 0.007588 11.3414763561 0.0383111600044
2.2 0.00813 10.9387190085 0.036922090501
2.2 0.008672 10.6169730579 0.0356647430733
2.2 0.009214 10.1933056505 0.0341241997658
2.2 0.009756 9.92927728901 0.0330106091607
2.2 0.010298 9.54156134029 0.0317910933184
2.2 0.01084 9.23379059002 0.0305708840629
2.2 0.011382 8.97575983866 0.0295501567864
2.2 0.011924 8.69718901998 0.0287519953933
2.2 0.012466 8.33050141386 0.027605862993
2.2 0.013008 8.10559333824 0.0266591391948
2.2 0.01355 7.82896325732 0.0257902628784
2.2 0.014092 7.60788380741 0.0251277691046
2.2 0.014634 7.37351518007 0.024194109037
2.2 0.015176 7.14801239244 0.0233166756268
2.2 0.015718 6.98154430977 0.0227428855924
2.2 0.01626 6.77431264939 0.0219811854563
2.2 0.016802 6.55800875204 0.0211621635087
2.2 0.017344 6.36698776474 0.0205474869904
2.2 0.017886 6.16248695429 0.0198874083279
2.2 0.018428 5.99463289711 0.0192407513598
2.2 0.01897 5.82819042801 0.0186350629037
2.2 0.019512 5.64949334765 0.0179297167296
2.4 0.001084 24.4616103262 0.0866386214053
2.4 0.001626 22.8792267584 0.0812614473313
2.4 0.002168 22.4232655198 0.0789393522853
2.4 0.00271 21.8611707154 0.076059512723
2.4 0.003252 20.3993165341 0.0698926076498
2.4 0.003794 19.6853909603 0.0673079432825
2.4 0.004336 18.8753597809 0.0639899791262
2.4 0.004878 18.0797772791 0.0606239987306
2.4 0.00542 17.4636653918 0.0587401386833
2.4 0.005962 16.6843991988 0.0559705363344
2.4 0.006504 15.9293382673 0.0533099548114
2.4 0.007046 15.3377764999 0.0511926627213
2.4 0.007588 14.7391349533 0.0490891838305
2.4 0.00813 14.3230766368 0.0473926469421
2.4 0.008672 13.7744189799 0.0454549849338
2.4 0.009214 13.292055329 0.0435975980345
2.4 0.009756 12.8415491328 0.0420110135573
2.4 0.010298 12.3999581091 0.0403947599464
2.4 0.01084 12.047754846 0.0389715536586
2.4 0.011382 11.6734186643 0.0378384523922
2.4 0.011924 11.2511216334 0.0364941116367
2.4 0.012466 10.8670086964 0.0350606847582
2.4 0.013008 10.5111556263 0.0337813572676
2.4 0.01355 10.1404317925 0.0326137203771
2.4 0.014092 9.83388441792 0.0316376348683
2.4 0.014634 9.55817561619 0.0304943187962
2.4 0.015176 9.29232553639 0.0296526301503
2.4 0.015718 9.03734296002 0.0286424121096
2.4 0.01626 8.73314562297 0.0276535056784
2.4 0.016802 8.47150194871 0.026715169743
2.4 0.017344 8.23732699574 0.0258446402428
2.4 0.017886 8.00853178887 0.024988025581
2.4 0.018428 7.79244692272 0.0243427796558
2.4 0.01897 7.53871379862 0.0233576534017
2.4 0.019512 7.32815098501 0.0226821136128
2.6 0.001084 31.2782265858 0.109137900572
2.6 0.001626 29.2872595421 0.103266278995
2.6 0.002168 28.6301181513 0.100058569528
2.6 0.00271 27.7892010771 0.0954903220525
2.6 0.003252 25.7216747136 0.0868248185696
2.6 0.003794 25.2152138166 0.0852839538194
2.6 0.004336 23.875195238 0.0800592374334
2.6 0.004878 22.7914799713 0.0753210643332
2.6 0.00542 22.1400568948 0.0734936436984
2.6 0.005962 20.9639376317 0.0692773126162
2.6 0.006504 19.9647851147 0.0658477937128
2.6 0.007046 19.473757265 0.0641808682719
2.6 0.007588 18.57070992 0.0608345202519
2.6 0.00813 18.1464404148 0.0587754199647
2.6 0.008672 17.2933611325 0.0561922949423
2.6 0.009214 16.8483004627 0.0538641796314
2.6 0.009756 16.1055146229 0.0520828850678
2.6 0.010298 15.6853199706 0.0497844414472
2.6 0.01084 15.213651554 0.0485575302172
2.6 0.011382 14.6875919781 0.046877387836
2.6 0.011924 14.1326365362 0.0447306269255
2.6 0.012466 13.6705237354 0.0431932261115
2.6 0.013008 13.214975427 0.0413936156012
2.6 0.01355 12.7708597361 0.0403208954352
2.6 0.014092 12.4467125438 0.0389395049852
2.6 0.014634 12.1199128388 0.0377312109653
2.6 0.015176 11.7196386998 0.0364769044659
2.6 0.015718 11.3142719151 0.0351508218577
2.6 0.01626 11.0021019722 0.034117902263
2.6 0.016802 10.6991505129 0.0327211689911
2.6 0.017344 10.4016811142 0.0320117445164
2.6 0.017886 10.0999415167 0.0308922264753
2.6 0.018428 9.74348351533 0.0297681980913
2.6 0.01897 9.49712842022 0.0287704249989
2.6 0.019512 9.2392154411 0.0279660367728
2.8 0.001084 39.0409975982 0.136266525827
2.8 0.001626 36.5968665172 0.128205288902
2.8 0.002168 35.582765708 0.123528753651
2.8 0.00271 34.1879208955 0.116569415981
2.8 0.003252 31.973645019 0.107895834754
2.8 0.003794 31.1901760884 0.105057226714
2.8 0.004336 29.3933968519 0.0977740503493
2.8 0.004878 28.1796390933 0.0930673308396
2.8 0.00542 27.1499280386 0.0894401399341
2.8 0.005962 25.6430734879 0.084182173765
2.8 0.006504 24.6602060418 0.0807948988893
2.8 0.007046 23.9472132401 0.0784259086006
2.8 0.007588 22.8900819498 0.0743543638144
2.8 0.00813 22.1751688185 0.0715768851989
2.8 0.008672 21.3065836779 0.0683605961373
2.8 0.009214 20.5751033828 0.0655853154781
2.8 0.009756 19.8291146101 0.0630543465345
2.8 0.010298 19.2873204851 0.0607719181327
2.8 0.01084 18.6229855383 0.0586464731887
2.8 0.011382 17.935955312 0.0560836286396
2.8 0.011924 17.30685569 0.0540150952547
2.8 0.012466 16.7640657734 0.0519654757392
2.8 0.013008 16.2302103621 0.0502072152264
2.8 0.01355 15.779695963 0.0487255130144
2.8 0.014092 15.3347750482 0.047101237119
2.8 0.014634 14.8462468142 0.0453575359842
2.8 0.015176 14.3569505044 0.0437322823154
2.8 0.015718 13.9760279686 0.0424039310048
2.8 0.01626 13.5957563741 0.0407625322893
2.8 0.016802 13.2498146608 0.0397386723439
2.8 0.017344 12.8690853143 0.0384002524547
2.8 0.017886 12.3822867147 0.0368580021415
2.8 0.018428 12.0716700194 0.0358881918327
2.8 0.01897 11.7810722659 0.0349413919518
2.8 0.019512 11.4964221189 0.033848159349
3.0 0.001084 47.7030926778 0.167185076864
3.0 0.001626 44.7741506677 0.157156363972
3.0 0.002168 43.2668536161 0.15105173367
3.0 0.00271 41.3009305377 0.140949941431
3.0 0.003252 38.8766271567 0.131284516845
3.0 0.003794 37.6940774703 0.126914290685
3.0 0.004336 35.5152117601 0.118385021827
3.0 0.004878 34.1247642996 0.113119106376
3.0 0.00542 32.5744633105 0.107558457653
3.0 0.005962 30.7766964159 0.100820101463
3.0 0.006504 29.9709488091 0.0982287470991
3.0 0.007046 28.7920988406 0.0939534563334
3.0 0.007588 27.7593847931 0.0893920648655
3.0 0.00813 26.6709039741 0.0857688191052
3.0 0.008672 25.8524184662 0.0817604611572
3.0 0.009214 24.6694261399 0.0786748598203
3.0 0.009756 24.079886185 0.0754304108015
3.0 0.010298 23.1699871345 0.0727483032944
3.0 0.01084 22.3600893393 0.0693415372247
3.0 0.011382 21.6070577777 0.0666369161033
3.0 0.011924 20.9546348541 0.0647802279799
3.0 0.012466 20.2759691114 0.0616934478299
3.0 0.013008 19.625575531 0.0597150644753
3.0 0.01355 19.0446186803 0.0577313906865
3.0 0.014092 18.4678161637 0.0560111868237
3.0 0.014634 17.8610227787 0.0536816055315
3.0 0.015176 17.3580700677 0.0520569263536
3.0 0.015718 16.9188676224 0.0504098426076
3.0 0.01626 16.4758601947 0.0489008617557
3.0 0.016802 16.0555388958 0.0473861165502
3.0 0.017344 15.4808457711 0.0455777288676
3.0 0.017886 15.0539876181 0.0440727912075
3.0 0.018428 14.7211073512 0.0430423834298
3.0 0.01897 14.3167966748 0.0416327391827
3.0 0.019512 13.917185406 0.0402173705908
3.2 0.001084 57.620343441 0.204493508367
3.2 0.001626 53.9983736094 0.191880824583
3.2 0.002168 51.8602369431 0.183330200927
3.2 0.00271 49.1117767558 0.169180282742
3.2 0.003252 46.5647893834 0.158918305124
3.2 0.003794 44.7686854798 0.152233267108
3.2 0.004336 42.2953876844 0.142519888293
3.2 0.004878 40.6564956081 0.13619518751
3.2 0.00542 38.5872423262 0.128149307821
3.2 0.005962 36.5357646368 0.119917926664
3.2 0.006504 35.9832280427 0.118581468935
3.2 0.007046 33.988513795 0.110928282664
3.2 0.007588 33.0659583059 0.106846310365
3.2 0.00813 31.614639062 0.101877700639
3.2 0.008672 30.6757599138 0.0974442483064
3.2 0.009214 29.2754601761 0.0933349853248
3.2 0.009756 28.5546985666 0.089790838071
3.2 0.010298 27.4480289539 0.0859303688105
3.2 0.01084 26.5489722023 0.0822554452488
3.2 0.011382 25.8034158322 0.079786609763
3.2 0.011924 25.0354809427 0.0765706604342
3.2 0.012466 24.2281854935 0.0735043403842
3.2 0.013008 23.3862063048 0.0706975047784
3.2 0.01355 22.7120346773 0.0687928159807
3.2 0.014092 21.9310870883 0.0660030939334
3.2 0.014634 21.2427658277 0.064027997036
3.2 0.015176 20.6814466752 0.0615232537269
3.2 0.015718 20.1501151657 0.0599883746487
3.2 0.01626 19.7175485678 0.0581116992655
3.2 0.016802 19.1238792332 0.0559261887696
3.2 0.017344 18.5190364355 0.0539607446706
3.2 0.017886 18.1136812748 0.0524172953757
3.2 0.018428 17.6534172597 0.0510911355417
3.2 0.01897 17.1666169598 0.049224985073
3.2 0.019512 16.7988068382 0.0477346630158
3.4 0.001084 69.3267569953 0.24951154196
3.4 0.001626 64.8689277925 0.234149950459
3.4 0.002168 61.9199711824 0.221761198494
3.4 0.00271 58.2905286518 0.203198542255
3.4 0.003252 55.7177367265 0.192659649936
3.4 0.003794 52.9898788458 0.182713076744
3.4 0.004336 50.2614761088 0.171964106289
3.4 0.004878 48.1672679815 0.163169414296
3.4 0.00542 45.4831485165 0.152928330388
3.4 0.005962 43.2177392894 0.143061454801
3.4 0.006504 42.5651235932 0.1412130776
3.4 0.007046 40.3147715846 0.132484804182
3.4 0.007588 39.0044780055 0.126889016841
3.4 0.00813 37.5438682665 0.121252243874
3.4 0.008672 36.1077173428 0.115892218506
3.4 0.009214 34.8525829268 0.110959881995
3.4 0.009756 33.6272368103 0.10649572074
3.4 0.010298 32.2918101612 0.101210800056
3.4 0.01084 31.5260469774 0.0980586829301
3.4 0.011382 30.5759657224 0.0949872587299
3.4 0.011924 29.7312885189 0.0903612444244
3.4 0.012466 28.6750123128 0.0870840368365
3.4 0.013008 27.7322575237 0.083946303221
3.4 0.01355 26.8939295132 0.081291432598
3.4 0.014092 25.984209582 0.0783321532594
3.4 0.014634 25.2298120102 0.0756826342126
3.4 0.015176 24.5750382045 0.0733605690108
3.4 0.015718 24.052267908 0.0709063912568
3.4 0.01626 23.4411584312 0.068464556075
3.4 0.016802 22.5963971358 0.0660304333795
3.4 0.017344 22.1269268517 0.0638075122006
3.4 0.017886 21.4971580447 0.0618293815518
3.4 0.018428 20.9907855357 0.0601883406932
3.4 0.01897 20.4738434299 0.0580681643294
3.4 0.019512 19.9989593879 0.056267905555
3.6 0.001084 83.2889752053 0.304422272869
3.6 0.001626 77.7281674486 0.285343053037
3.6 0.002168 73.7892675997 0.267494156129
3.6 0.00271 69.2177071434 0.244667951771
3.6 0.003252 66.5899246413 0.233942104318
3.6 0.003794 62.6697040521 0.219369635695
3.6 0.004336 59.7929774947 0.207402324017
3.6 0.004878 56.9188532991 0.195029225122
3.6 0.00542 53.6990131648 0.182686686022
3.6 0.005962 51.5413524086 0.173324942353
3.6 0.006504 50.0094489671 0.167649154185
3.6 0.007046 47.8163486393 0.158383438075
3.6 0.007588 45.949934856 0.151060230437
3.6 0.00813 44.6108561604 0.145454318842
3.6 0.008672 42.5309348949 0.137383445473
3.6 0.009214 41.2829052145 0.132302713833
3.6 0.009756 39.6576816325 0.126514952344
3.6 0.010298 38.1588534752 0.12004347761
3.6 0.01084 37.3016478989 0.116648546934
3.6 0.011382 36.2723973664 0.112148931962
3.6 0.011924 35.1761770278 0.107847372603
3.6 0.012466 33.9336691108 0.103125344004
3.6 0.013008 32.8805374845 0.100036681545
3.6 0.01355 31.7405990077 0.0961987228337
3.6 0.014092 30.8646796931 0.0928990825758
3.6 0.014634 30.0302630087 0.0900331527809
3.6 0.015176 29.265574246 0.0868340093895
3.6 0.015718 28.5514998134 0.0838244331271
3.6 0.01626 27.5908450812 0.080746351383
3.6 0.016802 26.903929801 0.0782276663257
3.6 0.017344 26.1047511562 0.0749846985535
3.6 0.017886 25.6182909431 0.073690645067
3.6 0.018428 24.8785174899 0.0709482743215
3.6 0.01897 24.3218419402 0.0685021775419
3.6 0.019512 23.5476315755 0.065609911619
3.8 0.001084 99.5456962471 0.372118980916
3.8 0.001626 92.6323033627 0.348072870312
3.8 0.002168 87.5666916523 0.323434798309
3.8 0.00271 82.1314461044 0.295592488739
3.8 0.003252 79.4437439538 0.284146570309
3.8 0.003794 74.3145500038 0.264121394559
3.8 0.004336 71.2109698044 0.250499491083
3.8 0.004878 67.4099606401 0.234441742093
3.8 0.00542 63.5919015447 0.219333635568
3.8 0.005962 61.5207214602 0.210652945083
3.8 0.006504 58.8868000517 0.19976809018
3.8 0.007046 56.8751775951 0.189686755035
3.8 0.007588 54.3997413645 0.181277392957
3.8 0.00813 53.0689055914 0.174840223218
3.8 0.008672 50.6134330396 0.164720677123
3.8 0.009214 48.877018411 0.158454093409
3.8 0.009756 46.8434057335 0.150467433921
3.8 0.010298 45.4888490912 0.144161740941
3.8 0.01084 44.1501701418 0.139122782055
3.8 0.011382 43.1157471507 0.133695024731
3.8 0.011924 41.7105989719 0.129409083849
3.8 0.012466 40.2436054473 0.122773461213
3.8 0.013008 38.8998542533 0.118610869845
3.8 0.01355 37.8021259887 0.114455522061
3.8 0.014092 36.7685249085 0.110727657351
3.8 0.014634 35.7421757271 0.106946045945
3.8 0.015176 34.8116199644 0.102571115304
3.8 0.015718 33.8071440163 0.0993833211841
3.8 0.01626 32.8215208064 0.0959863337162
3.8 0.016802 31.9706393379 0.0925575122621
3.8 0.017344 31.1400637841 0.0895435855015
3.8 0.017886 30.3940589835 0.0869982872394
3.8 0.018428 29.5292689215 0.0838095175812
3.8 0.01897 28.677157589 0.0802038246038
3.8 0.019512 28.0492334808 0.0775239486809
4.0 0.001084 120.241051897 0.455964012724
4.0 0.001626 111.587282879 0.425382408842
4.0 0.002168 105.107462763 0.392709345958
4.0 0.00271 98.4580712936 0.358933626134
4.0 0.003252 95.3915445998 0.346424139547
4.0 0.003794 89.0900307816 0.321249936341
4.0 0.004336 85.1797873715 0.303768798622
4.0 0.004878 80.2522967319 0.283736801133
4.0 0.00542 75.75239765 0.265236877843
4.0 0.005962 73.6344962276 0.256694335036
4.0 0.006504 69.6668577516 0.238899840835
4.0 0.007046 67.8205730146 0.229256319039
4.0 0.007588 65.1897981708 0.2199789739
4.0 0.00813 63.0767540327 0.210147920534
4.0 0.008672 60.2880102134 0.198761073445
4.0 0.009214 58.2657501777 0.191044556533
4.0 0.009756 55.4270222428 0.179494750864
4.0 0.010298 54.3493217572 0.173042973938
4.0 0.01084 52.6619774473 0.166827535312
4.0 0.011382 51.3270761737 0.161459068708
4.0 0.011924 49.6897176396 0.154199396415
4.0 0.012466 47.9104555772 0.147709205789
4.0 0.013008 46.3778693412 0.141632129382
4.0 0.01355 45.2179380332 0.137518710831
4.0 0.014092 43.8635636455 0.132233421923
4.0 0.014634 42.5770844079 0.127076532841
4.0 0.015176 41.4081588523 0.122955336891
4.0 0.015718 40.2410796818 0.118671620526
4.0 0.01626 39.3363417592 0.115263622591
4.0 0.016802 37.8911324538 0.109604852252
4.0 0.017344 37.1499927774 0.107477024839
4.0 0.017886 36.0925527791 0.102950224471
4.0 0.018428 35.1566944211 0.0990954092307
4.0 0.01897 34.3703976088 0.0953501537714
4.0 0.019512 33.5881647153 0.0927812622664
4.2 0.001084 143.820162961 0.560705345669
4.2 0.001626 133.101775005 0.52100661609
4.2 0.002168 125.188942667 0.478896677885
4.2 0.00271 117.398836708 0.437263548342
4.2 0.003252 113.671296357 0.421602923628
4.2 0.003794 106.781418701 0.391714192999
4.2 0.004336 101.772292749 0.369380297084
4.2 0.004878 95.6580774688 0.344909474697
4.2 0.00542 90.5688140604 0.322423693501
4.2 0.005962 87.9052693597 0.312348584847
4.2 0.006504 83.2959531649 0.289454937497
4.2 0.007046 80.7700096723 0.278181815633
4.2 0.007588 78.1541333655 0.267600722364
4.2 0.00813 75.2487526694 0.253568860253
4.2 0.008672 71.7898119129 0.239840024103
4.2 0.009214 69.5166803613 0.230691705295
4.2 0.009756 66.5622109278 0.217371510625
4.2 0.010298 64.8118628102 0.208662386894
4.2 0.01084 63.035131036 0.202392832685
4.2 0.011382 61.3499038181 0.19453930903
4.2 0.011924 59.3762189672 0.185251921558
4.2 0.012466 57.2109567499 0.177792422282
4.2 0.013008 55.6294284324 0.171577181115
4.2 0.01355 54.0166666198 0.165038671531
4.2 0.014092 52.4637518413 0.158454199976
4.2 0.014634 50.8089417 0.151820284364
4.2 0.015176 49.5800037562 0.148335556516
4.2 0.015718 48.2796698853 0.142876310702
4.2 0.01626 46.7156238871 0.136935091933
4.2 0.016802 45.4962711336 0.133274714062
4.2 0.017344 44.3787918239 0.127638569314
4.2 0.017886 43.1153048332 0.122802005281
4.2 0.018428 42.2776109917 0.118565075658
4.2 0.01897 41.2560175217 0.114090656488
4.2 0.019512 40.1594828598 0.110784749964
4.4 0.001084 172.871481365 0.690238748034
4.4 0.001626 159.720755 0.638312772357
4.4 0.002168 150.126879112 0.585808553251
4.4 0.00271 140.998337615 0.535935701861
4.4 0.003252 135.955877392 0.514172615894
4.4 0.003794 128.304249694 0.479460485251
4.4 0.004336 121.915531798 0.450429681345
4.4 0.004878 114.27852995 0.419819592001
4.4 0.00542 108.82757577 0.394311762202
4.4 0.005962 104.724915184 0.377430672018
4.4 0.006504 100.073653193 0.353304155282
4.4 0.007046 96.5695442104 0.338801718071
4.4 0.007588 93.9606203354 0.325793702426
4.4 0.00813 90.0922537465 0.308029140135
4.4 0.008672 86.3314793334 0.29260971925
4.4 0.009214 82.8578340731 0.278819690706
4.4 0.009756 80.1768608049 0.263778402647
4.4 0.010298 77.529193076 0.253983194847
4.4 0.01084 75.629077603 0.246054603087
4.4 0.011382 73.616481219 0.234851835667
4.4 0.011924 71.0143786969 0.224597263758
4.4 0.012466 68.7506201843 0.215056093246
4.4 0.013008 66.8972225429 0.208702106183
4.4 0.01355 64.8419535187 0.198995463268
4.4 0.014092 62.8840044598 0.190620117343
4.4 0.014634 61.1462450689 0.185043765602
4.4 0.015176 59.5244434778 0.178887687765
4.4 0.015718 57.9228385954 0.172065513292
4.4 0.01626 56.0122233565 0.165360788983
4.4 0.016802 54.7168515127 0.15980007227
4.4 0.017344 53.2957916319 0.153543134172
4.4 0.017886 52.1491578839 0.148156811659
4.4 0.018428 50.9300437973 0.142851118988
4.4 0.01897 49.612097028 0.137196043449
4.4 0.019512 48.1191523988 0.13263965895
4.6 0.001084 206.879811035 0.849112489449
4.6 0.001626 190.989253789 0.781389123937
4.6 0.002168 179.699547091 0.717463676008
4.6 0.00271 169.430117094 0.659075628359
4.6 0.003252 162.657752768 0.627844097526
4.6 0.003794 154.199687919 0.587918081493
4.6 0.004336 145.865485588 0.549416818145
4.6 0.004878 136.525457664 0.510812673497
4.6 0.00542 130.88699792 0.484545935749
4.6 0.005962 124.97641182 0.457680567172
4.6 0.006504 120.320151885 0.432494014015
4.6 0.007046 115.745265617 0.412487635051
4.6 0.007588 112.826813444 0.396253614302
4.6 0.00813 107.964415709 0.374625957653
4.6 0.008672 104.096965313 0.358650690591
4.6 0.009214 98.896509866 0.336895313229
4.6 0.009756 96.4289696673 0.321357969569
4.6 0.010298 93.3017582961 0.310747309002
4.6 0.01084 90.8996812242 0.29872836243
4.6 0.011382 88.4744992291 0.285341914748
4.6 0.011924 85.069822443 0.273289008012
4.6 0.012466 82.7313496497 0.261533994243
4.6 0.013008 80.3888211205 0.252256378358
4.6 0.01355 77.9033965081 0.240068008475
4.6 0.014092 75.6127344767 0.23233382622
4.6 0.014634 73.6381795028 0.225052731941
4.6 0.015176 71.6295206477 0.216263129925
4.6 0.015718 69.4729636106 0.207744839419
4.6 0.01626 67.5840737284 0.200303369712
4.6 0.016802 65.8446000214 0.192189171762
4.6 0.017344 64.3236719607 0.18555702619
4.6 0.017886 62.8119685201 0.178870967618
4.6 0.018428 61.352613881 0.172030986368
4.6 0.01897 59.473417841 0.16513896586
4.6 0.019512 57.7888924955 0.159363130641
