2.2 0.184924702397 16206.0350492 1.34345278281
2.4 0.231425921518 16563.1782174 1.33766540917
2.6 0.285929695332 16310.2798021 1.33363993627
2.8 0.349252333224 15668.577493 1.32876784987
3.0 0.422242531447 14534.0140297 1.32368455879
3.2 0.505780851386 13348.3805975 1.31589727124
3.4 0.600779232412 12221.0789963 1.30661764867
3.6 0.708180535481 11104.3188571 1.2941474946
3.8 0.828958114192 10162.8166557 1.28309545497
4.0 0.9641154105 9494.2104423 1.27240968068
4.2 1.1146855727 9017.18330243 1.26105950679
4.4 1.28173109358 8675.82313343 1.25155527925
4.6 1.46634346696 8191.22224413 1.24606608588
