2.2 0.001084 18.0285740226 0.0645649976662
2.2 0.001626 16.9262915951 0.0607041276584
2.2 0.002168 16.563062513 0.0589172934316
2.2 0.00271 16.2086552406 0.0570513156462
2.2 0.003252 15.2448393106 0.0529317138563
2.2 0.003794 14.611528219 0.0505631344263
2.2 0.004336 14.0952738447 0.0484503563893
2.2 0.004878 13.5352727903 0.0460023396258
2.2 0.00542 13.0735173633 0.0443643027752
2.2 0.005962 12.576606651 0.0426971912984
2.2 0.006504 12.0166678835 0.0406714949403
2.2 0.007046 11.5652000836 0.0391469895134
2.2 0.007588 11.1611358552 0.0376847040463
2.2 0.00813 10.7730713591 0.0362652897839
2.2 0.008672 10.4899137185 0.035076527682
2.2 0.009214 10.0340629474 0.03356883934
2.2 0.009756 9.76679150225 0.0324099984974
2.2 0.010298 9.4096964934 0.0312789884604
2.2 0.01084 9.13538416665 0.0300322648122
2.2 0.011382 8.89913529889 0.0291865733437
2.2 0.011924 8.60851203752 0.0284592539424
2.2 0.012466 8.29769650984 0.0273170441126
2.2 0.013008 8.0469782544 0.0263755389132
2.2 0.01355 7.77145722634 0.0253802309321
2.2 0.014092 7.52656769047 0.0247369981654
2.2 0.014634 7.30816508493 0.0238423684973
2.2 0.015176 7.09341798632 0.0230832318923
2.2 0.015718 6.91561782952 0.0224266714943
2.2 0.01626 6.72259610368 0.0217017801742
2.2 0.016802 6.51051956679 0.0209373266426
2.2 0.017344 6.32507417322 0.0202712149346
2.2 0.017886 6.14895988343 0.0196439209405
2.2 0.018428 5.97650214523 0.0189998364637
2.2 0.01897 5.81726939154 0.0185312561928
2.2 0.019512 5.63839773253 0.0178362600872
2.4 0.001084 23.6000091002 0.0831610709117
2.4 0.001626 22.1452237928 0.0786768718158
2.4 0.002168 21.6605349868 0.0763911060564
2.4 0.00271 21.1133904142 0.073380131623
2.4 0.003252 19.6697508023 0.0671909025656
2.4 0.003794 19.1583185679 0.0653811283602
2.4 0.004336 18.3144129351 0.0621136286655
2.4 0.004878 17.5065971307 0.0586221538413
2.4 0.00542 16.9785104696 0.0567903764437
2.4 0.005962 16.2160657076 0.054080607931
2.4 0.006504 15.4658173103 0.0515675495828
2.4 0.007046 15.0046444369 0.0499196030459
2.4 0.007588 14.4447121378 0.0479354597835
2.4 0.00813 14.011917995 0.0460643215589
2.4 0.008672 13.5124152955 0.0443440617296
2.4 0.009214 13.056482967 0.0425278919641
2.4 0.009756 12.6008744982 0.0410536964274
2.4 0.010298 12.1741932512 0.0395253370093
2.4 0.01084 11.8379331376 0.0382163205921
2.4 0.011382 11.470863184 0.0371597729737
2.4 0.011924 11.0716498071 0.0357923512981
2.4 0.012466 10.6977045286 0.0344035976504
2.4 0.013008 10.3565831876 0.0331056830275
2.4 0.01355 10.0299888353 0.0320114890962
2.4 0.014092 9.73514879291 0.0311726250028
2.4 0.014634 9.48123840291 0.0301613963916
2.4 0.015176 9.21235570113 0.0292196591192
2.4 0.015718 8.90676553064 0.0281861732689
2.4 0.01626 8.61836190039 0.0272421176285
2.4 0.016802 8.38868881564 0.0263943548769
2.4 0.017344 8.16541265125 0.0254620881136
2.4 0.017886 7.93124872626 0.0247791036252
2.4 0.018428 7.70656986369 0.0239794858879
2.4 0.01897 7.46281090709 0.0231931032985
2.4 0.019512 7.26644029725 0.0224216724571
2.6 0.001084 30.1400494584 0.10543566016
2.6 0.001626 28.2918449295 0.0991989407837
2.6 0.002168 27.6630200472 0.0961343728957
2.6 0.00271 26.7608331879 0.0915754179796
2.6 0.003252 24.8188103766 0.0839964560082
2.6 0.003794 24.4463412152 0.0827093493771
2.6 0.004336 23.0259624158 0.0769685627273
2.6 0.004878 22.0629859058 0.0731657899714
2.6 0.00542 21.4887467272 0.0709966622585
2.6 0.005962 20.2628166367 0.0666786624478
2.6 0.006504 19.3805072166 0.0637964732169
2.6 0.007046 19.1108784458 0.0628670918021
2.6 0.007588 18.0765853287 0.0592299857141
2.6 0.00813 17.6759209239 0.0571854658092
2.6 0.008672 16.8936037483 0.0549822635417
2.6 0.009214 16.4722625099 0.0524368896156
2.6 0.009756 15.7354387438 0.0509462103953
2.6 0.010298 15.4113967876 0.0486212948774
2.6 0.01084 14.8896647611 0.0474527707771
2.6 0.011382 14.3799962287 0.045370039445
2.6 0.011924 13.8231899094 0.0436638631505
2.6 0.012466 13.3908276643 0.0421699406638
2.6 0.013008 12.9811175878 0.040435679944
2.6 0.01355 12.6008446307 0.0395304497993
2.6 0.014092 12.2673669381 0.038278376688
2.6 0.014634 11.8923709163 0.0370240882928
2.6 0.015176 11.5126179443 0.0355204222809
2.6 0.015718 11.1610358859 0.0344846236164
2.6 0.01626 10.8879554092 0.0334582890569
2.6 0.016802 10.5905917165 0.0320902029715
2.6 0.017344 10.3221034623 0.0313959586247
2.6 0.017886 10.0162946613 0.0302496470119
2.6 0.018428 9.64032860884 0.0291142445131
2.6 0.01897 9.41982243586 0.0284653487949
2.6 0.019512 9.17538511151 0.0276720815873
2.8 0.001084 37.5957104488 0.130857330418
2.8 0.001626 35.3602592469 0.123038441306
2.8 0.002168 34.3574550696 0.119351679459
2.8 0.00271 32.9938221176 0.112188203722
2.8 0.003252 30.7736088436 0.103459597626
2.8 0.003794 30.1544889306 0.101193754566
2.8 0.004336 28.3514132351 0.0943900915123
2.8 0.004878 27.2449221772 0.0901008104497
2.8 0.00542 26.2814730085 0.08658163845
2.8 0.005962 24.8234241464 0.0810936612522
2.8 0.006504 23.9833968741 0.0783351595457
2.8 0.007046 23.4461010408 0.0765729701892
2.8 0.007588 22.3483309878 0.0722053081456
2.8 0.00813 21.6920860721 0.0696248949473
2.8 0.008672 20.9004966766 0.0666454645526
2.8 0.009214 20.1594164332 0.063842565305
2.8 0.009756 19.4583241932 0.061583681561
2.8 0.010298 18.9220548715 0.0593027367429
2.8 0.01084 18.2116908171 0.056925100383
2.8 0.011382 17.5909497694 0.054591479157
2.8 0.011924 17.0504294386 0.0529302025477
2.8 0.012466 16.5207549556 0.0508912691213
2.8 0.013008 16.0115038581 0.0490976173777
2.8 0.01355 15.5260616972 0.0474569369779
2.8 0.014092 15.0729795807 0.0461188272592
2.8 0.014634 14.5859057807 0.0443123354306
2.8 0.015176 14.1346255575 0.0428633299398
2.8 0.015718 13.7988752969 0.0416246247739
2.8 0.01626 13.4114854736 0.0402918053146
2.8 0.016802 13.092053181 0.0392039895287
2.8 0.017344 12.7255231379 0.037831213738
2.8 0.017886 12.2331477984 0.036429123961
2.8 0.018428 11.9799996812 0.0353897321989
2.8 0.01897 11.6756205197 0.0345742648096
2.8 0.019512 11.3430003355 0.0333299513816
3.0 0.001084 46.0777892318 0.160922789101
3.0 0.001626 43.2956321823 0.151143131416
3.0 0.002168 41.8087854427 0.145771408225
3.0 0.00271 39.7801591295 0.135164296587
3.0 0.003252 37.4068800089 0.125982660947
3.0 0.003794 36.3466559139 0.122169633948
3.0 0.004336 34.2435685495 0.114364473117
3.0 0.004878 32.9608567053 0.109188863806
3.0 0.00542 31.5242486792 0.103709869158
3.0 0.005962 29.8793086501 0.0973436069841
3.0 0.006504 29.1815303536 0.0949850363246
3.0 0.007046 28.0478916777 0.0909637000421
3.0 0.007588 26.9905471427 0.0867442020411
3.0 0.00813 25.978280518 0.0832129479141
3.0 0.008672 25.1812417225 0.0794884011334
3.0 0.009214 24.0347256033 0.076332291281
3.0 0.009756 23.513532852 0.0736321065971
3.0 0.010298 22.6273204603 0.0707810405516
3.0 0.01084 21.7823037976 0.0674115502226
3.0 0.011382 21.2146310693 0.065393794321
3.0 0.011924 20.5762347613 0.0633829839685
3.0 0.012466 19.9798977998 0.0605832340699
3.0 0.013008 19.3495609921 0.0587621132477
3.0 0.01355 18.6841612568 0.0565035038162
3.0 0.014092 18.1536337046 0.0549594127805
3.0 0.014634 17.5487340308 0.052867873995
3.0 0.015176 17.0695352413 0.0512882070469
3.0 0.015718 16.6203341719 0.0495357253864
3.0 0.01626 16.2208000639 0.0481208264179
3.0 0.016802 15.8290474202 0.0465108923608
3.0 0.017344 15.3306774466 0.0449616320509
3.0 0.017886 14.9428674088 0.0435320234273
3.0 0.018428 14.5667811006 0.0423950176113
3.0 0.01897 14.1872760568 0.0411469766953
3.0 0.019512 13.7716639419 0.039600730857
3.2 0.001084 55.6161352987 0.196988277119
3.2 0.001626 52.1940209944 0.185118930242
3.2 0.002168 50.046352188 0.176983203867
3.2 0.00271 47.2999719715 0.162655862502
3.2 0.003252 44.900302398 0.153127056888
3.2 0.003794 43.1677416606 0.146788943591
3.2 0.004336 40.827787664 0.138012606672
3.2 0.004878 39.264464908 0.131237709856
3.2 0.00542 37.3186158199 0.123822793259
3.2 0.005962 35.4093311718 0.115945720946
3.2 0.006504 34.9748993268 0.114426009878
3.2 0.007046 33.0517395818 0.107556445942
3.2 0.007588 32.1482063883 0.103483872618
3.2 0.00813 30.7791324211 0.0987356312427
3.2 0.008672 29.9104923592 0.0948676374488
3.2 0.009214 28.615947806 0.0905984335088
3.2 0.009756 27.8984340321 0.0874425596225
3.2 0.010298 26.7717179011 0.0835640429582
3.2 0.01084 25.9050346263 0.0800686689904
3.2 0.011382 25.2281851533 0.0778126342248
3.2 0.011924 24.5092697892 0.0746895761386
3.2 0.012466 23.7896792401 0.0721162437369
3.2 0.013008 22.9451389593 0.0691856474774
3.2 0.01355 22.302385192 0.0673592331741
3.2 0.014092 21.5335904765 0.0646847862926
3.2 0.014634 20.9339668203 0.062870017418
3.2 0.015176 20.3890882424 0.0606794493193
3.2 0.015718 19.8693754231 0.0588616854032
3.2 0.01626 19.4553574266 0.0568794616841
3.2 0.016802 18.9001001208 0.0550086490038
3.2 0.017344 18.33726775 0.053266566961
3.2 0.017886 17.8752486571 0.0514815764007
3.2 0.018428 17.3901416515 0.0499278646677
3.2 0.01897 16.9293606809 0.0484204418609
3.2 0.019512 16.5938906109 0.0470480930218
3.4 0.001084 67.0041034767 0.240724958479
3.4 0.001626 62.738382267 0.226312904942
3.4 0.002168 59.7388843385 0.213667903907
3.4 0.00271 56.2436431697 0.195793216544
3.4 0.003252 53.8409596838 0.18591551767
3.4 0.003794 51.2113403113 0.176243390299
3.4 0.004336 48.6980790003 0.166243648001
3.4 0.004878 46.6424482717 0.157048231638
3.4 0.00542 44.1001237654 0.14771493193
3.4 0.005962 41.9677431106 0.13869869491
3.4 0.006504 41.4238462189 0.136816508415
3.4 0.007046 39.1839618505 0.128169134758
3.4 0.007588 37.9444710283 0.12304007017
3.4 0.00813 36.5810416082 0.11805645758
3.4 0.008672 35.2647037734 0.112634438578
3.4 0.009214 34.0163496532 0.107746795315
3.4 0.009756 32.9089772456 0.103927105625
3.4 0.010298 31.4375583709 0.0981434536939
3.4 0.01084 30.7839174659 0.0951775168477
3.4 0.011382 29.7996912687 0.0921272057849
3.4 0.011924 29.0922875472 0.0884666910834
3.4 0.012466 28.121525666 0.0856878645887
3.4 0.013008 27.1598775383 0.0818491970074
3.4 0.01355 26.3230397955 0.0795616839529
3.4 0.014092 25.5448976795 0.0766894010078
3.4 0.014634 24.9295379768 0.0743540933569
3.4 0.015176 24.2675079814 0.0718434187834
3.4 0.015718 23.7209928357 0.0693031623649
3.4 0.01626 23.0642152371 0.0671399763028
3.4 0.016802 22.2995359721 0.0647709095837
3.4 0.017344 21.8201045503 0.0629563211563
3.4 0.017886 21.1374058465 0.060368297666
3.4 0.018428 20.7108677737 0.0593173816739
3.4 0.01897 20.1427105845 0.0572591170732
3.4 0.019512 19.6504510528 0.0553205437625
3.6 0.001084 80.6078129529 0.294008716485
3.6 0.001626 75.2484042766 0.276153137804
3.6 0.002168 71.2198807844 0.257936097147
3.6 0.00271 66.9104676633 0.235999497049
3.6 0.003252 64.387897329 0.225416373329
3.6 0.003794 60.7174838048 0.211703888819
3.6 0.004336 58.0799478431 0.200604354408
3.6 0.004878 55.2327882088 0.188385885973
3.6 0.00542 52.1160594516 0.176834364226
3.6 0.005962 50.0636250829 0.168307148174
3.6 0.006504 48.5781509317 0.16235893923
3.6 0.007046 46.4556643133 0.153074579577
3.6 0.007588 44.7859769723 0.146944204786
3.6 0.00813 43.4886485516 0.141769160635
3.6 0.008672 41.6589701368 0.133866570893
3.6 0.009214 40.2255268368 0.128536931426
3.6 0.009756 38.8444415601 0.123628069369
3.6 0.010298 37.1842925498 0.116728301722
3.6 0.01084 36.3604320839 0.113124654455
3.6 0.011382 35.3109654727 0.109170415013
3.6 0.011924 34.3705612608 0.105978879485
3.6 0.012466 33.1924509164 0.100893000232
3.6 0.013008 32.0863081057 0.0973766975755
3.6 0.01355 31.0778869649 0.0937751266351
3.6 0.014092 30.3842054756 0.090987177943
3.6 0.014634 29.5830441936 0.0879826572817
3.6 0.015176 28.7869460518 0.0847752958365
3.6 0.015718 28.0458612969 0.0819641308327
3.6 0.01626 27.2434460703 0.0793852923146
3.6 0.016802 26.5759852487 0.0770699136816
3.6 0.017344 25.6636417244 0.0734181574247
3.6 0.017886 25.1897264669 0.0723033278678
3.6 0.018428 24.48016109 0.0696646439682
3.6 0.01897 23.7933409138 0.0671856733725
3.6 0.019512 23.2305686323 0.0647151003756
3.8 0.001084 96.4742442521 0.359915556445
3.8 0.001626 89.7883800482 0.337258984065
3.8 0.002168 84.6287971444 0.31240857244
3.8 0.00271 79.4975789456 0.285513642771
3.8 0.003252 76.8825534847 0.274072824084
3.8 0.003794 72.1304874813 0.255549413736
3.8 0.004336 69.2372581028 0.24264477738
3.8 0.004878 65.5038767783 0.22722127822
3.8 0.00542 61.8527921078 0.213100379965
3.8 0.005962 59.7945566206 0.204523292073
3.8 0.006504 57.1576933701 0.193352147383
3.8 0.007046 55.2679041354 0.183923638501
3.8 0.007588 53.04695129 0.176735135263
3.8 0.00813 51.6647102296 0.170461676798
3.8 0.008672 49.4738283072 0.160559956718
3.8 0.009214 47.6813313327 0.154081213903
3.8 0.009756 45.7461930586 0.146668391181
3.8 0.010298 44.3931845639 0.139895918846
3.8 0.01084 42.9781578412 0.134817550112
3.8 0.011382 41.9341867152 0.130953620563
3.8 0.011924 40.7635688929 0.126233802776
3.8 0.012466 39.3425454983 0.120136642958
3.8 0.013008 38.0288648944 0.115833351015
3.8 0.01355 37.0364258434 0.11203857796
3.8 0.014092 36.086993326 0.108311414058
3.8 0.014634 35.0776692975 0.104259067303
3.8 0.015176 34.0441799437 0.0999142305969
3.8 0.015718 33.2428538205 0.0980755644861
3.8 0.01626 32.3474722501 0.0943585561094
3.8 0.016802 31.4012134609 0.0908791481652
3.8 0.017344 30.5194419332 0.0880403256741
3.8 0.017886 29.8107151346 0.0853167581295
3.8 0.018428 28.912509149 0.0820363818728
3.8 0.01897 28.3701139149 0.0793582537928
3.8 0.019512 27.6879654522 0.0765532902494
4.0 0.001084 116.512362578 0.441507034108
4.0 0.001626 108.139513644 0.412312288175
4.0 0.002168 101.626200485 0.38000547066
4.0 0.00271 95.3113709394 0.347074120756
4.0 0.003252 92.3487478779 0.334451312571
4.0 0.003794 86.5409448892 0.310974622807
4.0 0.004336 82.818255169 0.294496629595
4.0 0.004878 78.0811525019 0.275525504842
4.0 0.00542 73.861954941 0.258226400023
4.0 0.005962 71.6214165677 0.249238157689
4.0 0.006504 67.661029396 0.231224723094
4.0 0.007046 65.8582555969 0.222553384849
4.0 0.007588 63.4272431866 0.214253937749
4.0 0.00813 61.4866204556 0.204656504561
4.0 0.008672 58.8061548133 0.193266976542
4.0 0.009214 56.9694220089 0.186236190729
4.0 0.009756 54.0361272105 0.17541412321
4.0 0.010298 53.0666658002 0.168163360461
4.0 0.01084 51.2550751121 0.162767585714
4.0 0.011382 50.0296444227 0.1575838833
4.0 0.011924 48.6135397512 0.150646448001
4.0 0.012466 46.7485327545 0.144200124026
4.0 0.013008 45.4582376244 0.138900488052
4.0 0.01355 44.2851306233 0.134917594716
4.0 0.014092 43.0466244716 0.12932149074
4.0 0.014634 41.8023007646 0.124094448527
4.0 0.015176 40.6956706446 0.120695726922
4.0 0.015718 39.6318772034 0.116930297149
4.0 0.01626 38.5469464175 0.112586293966
4.0 0.016802 37.2298748514 0.108246119541
4.0 0.017344 36.4595110693 0.105652406181
4.0 0.017886 35.4687447542 0.101213136421
4.0 0.018428 34.6860263676 0.0978231128422
4.0 0.01897 33.949460123 0.0946027583267
4.0 0.019512 33.1264632329 0.0908594802114
4.2 0.001084 139.68304078 0.543702899809
4.2 0.001626 129.360842654 0.505548070244
4.2 0.002168 121.431246483 0.464487443875
4.2 0.00271 113.884963115 0.423627424241
4.2 0.003252 110.252178861 0.407365807804
4.2 0.003794 103.737310372 0.379684680632
4.2 0.004336 99.0472407864 0.358383804858
4.2 0.004878 93.0692454778 0.334780466972
4.2 0.00542 88.3069338373 0.313816020373
4.2 0.005962 85.5803342312 0.303273205385
4.2 0.006504 81.0121099762 0.28118801707
4.2 0.007046 78.521525188 0.270439442823
4.2 0.007588 75.9992989727 0.259883853656
4.2 0.00813 73.4396321611 0.247465535402
4.2 0.008672 70.010957618 0.233161000974
4.2 0.009214 68.0372396868 0.225651861479
4.2 0.009756 64.9129164823 0.212290865888
4.2 0.010298 63.2285581438 0.204019479354
4.2 0.01084 61.3384888888 0.198002280345
4.2 0.011382 59.8720341791 0.18996254638
4.2 0.011924 58.077038609 0.181667549196
4.2 0.012466 55.8603895996 0.17418567326
4.2 0.013008 54.4513854258 0.168143382671
4.2 0.01355 52.9362058917 0.162007263142
4.2 0.014092 51.4152032635 0.154933716501
4.2 0.014634 49.8982190811 0.149789349186
4.2 0.015176 48.6247154806 0.145591904308
4.2 0.015718 47.2746964988 0.139996504031
4.2 0.01626 45.828862858 0.134675316098
4.2 0.016802 44.6697044078 0.130825451142
4.2 0.017344 43.5818611584 0.125392206016
4.2 0.017886 42.4857292888 0.1215204555
4.2 0.018428 41.6330836016 0.117233704215
4.2 0.01897 40.6304007712 0.113034887389
4.2 0.019512 39.5106883351 0.109083759517
4.4 0.001084 168.144553548 0.670606174689
4.4 0.001626 155.474997647 0.620415465636
4.4 0.002168 145.93923367 0.569523223722
4.4 0.00271 137.014041597 0.519779350212
4.4 0.003252 132.152047853 0.497883848792
4.4 0.003794 124.836500172 0.465599793949
4.4 0.004336 118.654829306 0.43738903355
4.4 0.004878 111.125584183 0.407095407737
4.4 0.00542 106.133565359 0.38424342711
4.4 0.005962 102.092492748 0.367158263891
4.4 0.006504 97.4163910166 0.343456876763
4.4 0.007046 94.1319825134 0.329275817022
4.4 0.007588 91.5341707459 0.316319550377
4.4 0.00813 88.0730778956 0.300783917909
4.4 0.008672 84.4202117076 0.285230120442
4.4 0.009214 81.1001618629 0.272475159757
4.4 0.009756 78.2837475928 0.257426245232
4.4 0.010298 75.7885406895 0.249535424422
4.4 0.01084 73.6291056324 0.240246708305
4.4 0.011382 71.8924531124 0.230230354398
4.4 0.011924 69.3862946018 0.220423726162
4.4 0.012466 67.2211614873 0.210425349374
4.4 0.013008 65.532243866 0.204132316701
4.4 0.01355 63.5464449406 0.195146991597
4.4 0.014092 61.7226927761 0.187730214057
4.4 0.014634 59.9974709995 0.18233800539
4.4 0.015176 58.3060675766 0.175180776495
4.4 0.015718 56.6884911696 0.168824970484
4.4 0.01626 55.1050322067 0.16288137564
4.4 0.016802 53.65764103 0.156696549133
4.4 0.017344 52.3531073178 0.151430188132
4.4 0.017886 51.1100755195 0.145159468887
4.4 0.018428 49.9716042461 0.141356958579
4.4 0.01897 48.6692020959 0.135600410906
4.4 0.019512 47.1438539582 0.13031395735
4.6 0.001084 201.245912764 0.82522731018
4.6 0.001626 185.956048933 0.759986493995
4.6 0.002168 174.73932353 0.698392112133
4.6 0.00271 164.709551871 0.639918651935
4.6 0.003252 158.112355123 0.609108647456
4.6 0.003794 150.148565865 0.571832736517
4.6 0.004336 141.873694915 0.534134869825
4.6 0.004878 132.809059576 0.495384454984
4.6 0.00542 127.626757687 0.471792917121
4.6 0.005962 121.939143862 0.445457168819
4.6 0.006504 117.331823213 0.420270042226
4.6 0.007046 113.183122371 0.401876169095
4.6 0.007588 110.066196217 0.384786822228
4.6 0.00813 105.53943353 0.364700963962
4.6 0.008672 101.93325208 0.350251965119
4.6 0.009214 96.8379621769 0.328988066541
4.6 0.009756 94.2153710548 0.313698581483
4.6 0.010298 91.1191102509 0.304453509708
4.6 0.01084 88.5593594534 0.291216840985
4.6 0.011382 86.5763199782 0.279471083158
4.6 0.011924 83.0762909634 0.267569297717
4.6 0.012466 81.0266488442 0.255719277808
4.6 0.013008 78.7753663219 0.246816724931
4.6 0.01355 76.4936970449 0.236021444558
4.6 0.014092 74.3737512629 0.228961110275
4.6 0.014634 72.1789460467 0.220473547406
4.6 0.015176 70.1790276118 0.211701003298
4.6 0.015718 68.3977521547 0.205092634458
4.6 0.01626 66.4478798991 0.196764904263
4.6 0.016802 64.5141469895 0.188485013428
4.6 0.017344 63.0746255409 0.182403556213
4.6 0.017886 61.565818835 0.175839904186
4.6 0.018428 60.2469697374 0.169660580596
4.6 0.01897 58.2657507062 0.162030697838
4.6 0.019512 56.8538226405 0.156954669008
