2.2 0.184924702397 22040.007074 1.34443751019
2.4 0.231425921518 22518.2245016 1.33847357407
2.6 0.285929695332 22244.8443846 1.33836540659
2.8 0.349252333224 21358.0897724 1.33044613356
3.0 0.422242531447 19881.9007899 1.32666838119
3.2 0.505780851386 18376.1289969 1.32160302688
3.4 0.600779232412 16890.3023001 1.3122433979
3.6 0.708180535481 15483.8700816 1.3040198079
3.8 0.828958114192 14246.8783947 1.2931142245
4.0 0.9641154105 13378.4345686 1.28370153107
4.2 1.1146855727 12789.1412159 1.27399155755
4.4 1.28173109358 12369.1013164 1.266413501
4.6 1.46634346696 11705.5737516 1.2595339806
