2.2 0.001084 19.0842901936 0.0675446398336
2.2 0.001626 17.9130113406 0.0635721955504
2.2 0.002168 17.5136430652 0.0615441981126
2.2 0.00271 17.1297519591 0.0596480669436
2.2 0.003252 16.0831245705 0.0552558034786
2.2 0.003794 15.3922809157 0.0526766909228
2.2 0.004336 14.8335607385 0.0504758019414
2.2 0.004878 14.2223077746 0.0478943466799
2.2 0.00542 13.7139967487 0.0461640180999
2.2 0.005962 13.1670006812 0.0443751669307
2.2 0.006504 12.5517574675 0.0421778541653
2.2 0.007046 12.0563926242 0.0405425702991
2.2 0.007588 11.6161047726 0.038977343285
2.2 0.00813 11.2027679849 0.0375487776749
2.2 0.008672 10.8934052838 0.03626606341
2.2 0.009214 10.3936957765 0.034630785171
2.2 0.009756 10.0986936916 0.0333425597968
2.2 0.010298 9.70885469937 0.0322191362837
2.2 0.01084 9.38824609998 0.0307894606215
2.2 0.011382 9.1267455198 0.0298546220109
2.2 0.011924 8.81239923092 0.0290997384505
2.2 0.012466 8.46748307249 0.0278865940297
2.2 0.013008 8.19423677867 0.0268627396603
2.2 0.01355 7.8889949056 0.0257652483208
2.2 0.014092 7.62459839534 0.0250388087886
2.2 0.014634 7.38981386712 0.0241167263832
2.2 0.015176 7.15446183713 0.0232727672853
2.2 0.015718 6.95507796929 0.0225604925592
2.2 0.01626 6.74180280767 0.0217758352636
2.2 0.016802 6.51259945995 0.0209573396125
2.2 0.017344 6.30850424817 0.0202528600488
2.2 0.017886 6.11007314412 0.0195555475376
2.2 0.018428 5.91828938196 0.0188523569239
2.2 0.01897 5.73896597677 0.0183212855333
2.2 0.019512 5.53978673198 0.0175942714902
2.4 0.001084 24.9906486648 0.0869668438006
2.4 0.001626 23.4473506168 0.0822988621319
2.4 0.002168 22.9459522724 0.0798993359039
2.4 0.00271 22.324462328 0.0767093033955
2.4 0.003252 20.7627122708 0.0702714917251
2.4 0.003794 20.1847703267 0.0682289879741
2.4 0.004336 19.2878450724 0.0647690091043
2.4 0.004878 18.4170398625 0.0611311343109
2.4 0.00542 17.8406858105 0.0591982904904
2.4 0.005962 17.0026204958 0.0562643838283
2.4 0.006504 16.1885619401 0.0536140430268
2.4 0.007046 15.6810265061 0.0518847036102
2.4 0.007588 15.0647651164 0.0497517125551
2.4 0.00813 14.5876121245 0.0477838914499
2.4 0.008672 14.0453790357 0.0459694245498
2.4 0.009214 13.5387555211 0.0440086272733
2.4 0.009756 13.0437249488 0.042435300215
2.4 0.010298 12.5765897803 0.0407933142675
2.4 0.01084 12.1996134143 0.0393642336667
2.4 0.011382 11.7964155465 0.0382131038743
2.4 0.011924 11.354932115 0.03672728809
2.4 0.012466 10.9440752011 0.0352316791376
2.4 0.013008 10.5734120869 0.0338543430289
2.4 0.01355 10.2202225502 0.0326890253983
2.4 0.014092 9.90223419754 0.0317823994126
2.4 0.014634 9.61547938756 0.0306780800759
2.4 0.015176 9.31678014612 0.0296442884762
2.4 0.015718 8.98236906349 0.0285276272578
2.4 0.01626 8.67633125826 0.0274882050402
2.4 0.016802 8.42584084295 0.0265755722133
2.4 0.017344 8.17161450701 0.0255752634482
2.4 0.017886 7.91224914058 0.0248076011664
2.4 0.018428 7.66284396434 0.0239467669826
2.4 0.01897 7.39942906154 0.023087152544
2.4 0.019512 7.18165188099 0.0223127056196
2.6 0.001084 31.9141669622 0.109952195966
2.6 0.001626 29.9953185663 0.103754130981
2.6 0.002168 29.3426330253 0.100581511635
2.6 0.00271 28.3485446759 0.0958427390564
2.6 0.003252 26.2079094831 0.0877607871934
2.6 0.003794 25.8075882505 0.0864618532677
2.6 0.004336 24.2738866846 0.0803504751913
2.6 0.004878 23.243171759 0.076460921662
2.6 0.00542 22.6039442685 0.0740817782049
2.6 0.005962 21.27882486 0.0695286224085
2.6 0.006504 20.329249801 0.0665278302053
2.6 0.007046 20.0265569909 0.0655620554341
2.6 0.007588 18.9034686906 0.0616252308448
2.6 0.00813 18.4487034919 0.0594940819036
2.6 0.008672 17.6139601819 0.057134766794
2.6 0.009214 17.1242460361 0.0543690230988
2.6 0.009756 16.346756695 0.0528846384418
2.6 0.010298 15.9563603517 0.0503030587678
2.6 0.01084 15.3899783045 0.0490470271787
2.6 0.011382 14.8440362994 0.0468236370179
2.6 0.011924 14.2444593712 0.0450255232242
2.6 0.012466 13.7724675514 0.0434033207865
2.6 0.013008 13.3300678465 0.0415142533475
2.6 0.01355 12.9156739637 0.040603101421
2.6 0.014092 12.5408635607 0.0391463141679
2.6 0.014634 12.1363527152 0.0379334566465
2.6 0.015176 11.7075934565 0.0362733096181
2.6 0.015718 11.3221853955 0.035100359527
2.6 0.01626 11.0081190657 0.0339981145044
2.6 0.016802 10.661693659 0.0325189572237
2.6 0.017344 10.363471705 0.0317061676021
2.6 0.017886 10.0349940532 0.0305265313426
2.6 0.018428 9.62455620996 0.0292772797902
2.6 0.01897 9.38231750914 0.0285838911213
2.6 0.019512 9.105957873 0.0276867260004
2.8 0.001084 39.8729411598 0.136583471718
2.8 0.001626 37.5515184729 0.128635045747
2.8 0.002168 36.5178472481 0.124816961175
2.8 0.00271 34.9756893587 0.117290375004
2.8 0.003252 32.5776363649 0.108150165198
2.8 0.003794 31.9025743937 0.105883211464
2.8 0.004336 29.9641754196 0.0987090103306
2.8 0.004878 28.7698010331 0.0942000525111
2.8 0.00542 27.7253904166 0.0905289061321
2.8 0.005962 26.1394064795 0.0847430162758
2.8 0.006504 25.2230825965 0.0818307762407
2.8 0.007046 24.6172610036 0.0799577586978
2.8 0.007588 23.4155766166 0.0752684050871
2.8 0.00813 22.6953630223 0.0725682046491
2.8 0.008672 21.8385098152 0.0694001338604
2.8 0.009214 21.0208443657 0.0664251083531
2.8 0.009756 20.2569902643 0.064014786873
2.8 0.010298 19.6730634318 0.061586449321
2.8 0.01084 18.9056721523 0.0590323802288
2.8 0.011382 18.2228662652 0.0565353415585
2.8 0.011924 17.6206466787 0.0547427530756
2.8 0.012466 17.0413363291 0.0525619102011
2.8 0.013008 16.4880590935 0.0506671345664
2.8 0.01355 15.9632365244 0.0488867350094
2.8 0.014092 15.4681730814 0.0474264198002
2.8 0.014634 14.929151059 0.0454700147461
2.8 0.015176 14.4353169652 0.0439337693367
2.8 0.015718 14.0566058429 0.0425998987164
2.8 0.01626 13.6236180273 0.0411225686219
2.8 0.016802 13.2561329745 0.0399113361129
2.8 0.017344 12.851027922 0.0384269977867
2.8 0.017886 12.331566166 0.0369702264877
2.8 0.018428 12.0303070567 0.0358165611686
2.8 0.01897 11.6878010129 0.0348819597646
2.8 0.019512 11.3249933492 0.0335208764505
3.0 0.001084 48.9684685971 0.167829235066
3.0 0.001626 46.0909384992 0.15788420756
3.0 0.002168 44.5510536355 0.152489592241
3.0 0.00271 42.2886917944 0.141345905168
3.0 0.003252 39.7250524754 0.131824054804
3.0 0.003794 38.5682531282 0.127846680032
3.0 0.004336 36.2951815278 0.119657640574
3.0 0.004878 34.902190778 0.114227664594
3.0 0.00542 33.3500768922 0.108480345714
3.0 0.005962 31.5575727601 0.101772037929
3.0 0.006504 30.7889700914 0.0992910386766
3.0 0.007046 29.537328452 0.0950112680243
3.0 0.007588 28.3761758463 0.0905876861795
3.0 0.00813 27.2840055413 0.0867974821282
3.0 0.008672 26.4008461548 0.0828003065433
3.0 0.009214 25.1763620342 0.0795399952356
3.0 0.009756 24.6088800407 0.0766934054755
3.0 0.010298 23.6373361772 0.0736236303016
3.0 0.01084 22.710832501 0.0700172602105
3.0 0.011382 22.0540177799 0.0678197632977
3.0 0.011924 21.3551996878 0.0657377078354
3.0 0.012466 20.6959029477 0.0627132198209
3.0 0.013008 20.004688513 0.0607592197973
3.0 0.01355 19.2956700087 0.0583440008129
3.0 0.014092 18.7144548831 0.056670300872
3.0 0.014634 18.0561282676 0.0544058149712
3.0 0.015176 17.5355744295 0.0527048173976
3.0 0.015718 17.0346665518 0.050831218481
3.0 0.01626 16.5762741169 0.0492786841314
3.0 0.016802 16.1304703914 0.0475647522104
3.0 0.017344 15.5806623361 0.0459080159976
3.0 0.017886 15.1471993575 0.0443741378941
3.0 0.018428 14.7218165837 0.0430918483634
3.0 0.01897 14.2973746874 0.0417529823964
3.0 0.019512 13.8340353055 0.0400570017473
3.2 0.001084 59.2718683943 0.205211742555
3.2 0.001626 55.7340235454 0.193221262642
3.2 0.002168 53.4768200887 0.184944790877
3.2 0.00271 50.4275331473 0.169994834858
3.2 0.003252 47.8215380811 0.160083561772
3.2 0.003794 45.9395024591 0.153468472115
3.2 0.004336 43.3956694765 0.144198747468
3.2 0.004878 41.7138759587 0.137177651576
3.2 0.00542 39.5999337038 0.129369518371
3.2 0.005962 37.5210882754 0.121109165451
3.2 0.006504 37.0341405061 0.119642238461
3.2 0.007046 34.921128327 0.112332549689
3.2 0.007588 33.9218702586 0.108057438426
3.2 0.00813 32.4395825448 0.103044320421
3.2 0.008672 31.4582504148 0.0987924210073
3.2 0.009214 30.0630549797 0.0943371439878
3.2 0.009756 29.2943491851 0.0909912333097
3.2 0.010298 28.0600977814 0.086887831347
3.2 0.01084 27.090440244 0.0831124496668
3.2 0.011382 26.3295583485 0.0807861795467
3.2 0.011924 25.5310887837 0.0774965803778
3.2 0.012466 24.7336336471 0.0747367907226
3.2 0.013008 23.8158726874 0.0716244048064
3.2 0.01355 23.1135892111 0.0696639412793
3.2 0.014092 22.2775427945 0.066791939129
3.2 0.014634 21.6263329844 0.0647748208697
3.2 0.015176 21.0324418216 0.0624538893283
3.2 0.015718 20.4330033459 0.0604069309438
3.2 0.01626 19.9774792407 0.0583640766743
3.2 0.016802 19.3513751752 0.0563352402498
3.2 0.017344 18.7289917696 0.0544889785539
3.2 0.017886 18.2105657502 0.0526062723285
3.2 0.018428 17.6746732884 0.0509164079459
3.2 0.01897 17.156339053 0.0492259516688
3.2 0.019512 16.7946762648 0.0477740228719
3.4 0.001084 71.6195773218 0.250348464364
3.4 0.001626 67.1949984914 0.23579463723
3.4 0.002168 64.0102294318 0.222942393665
3.4 0.00271 60.1221112351 0.204251597932
3.4 0.003252 57.5003614018 0.194102692889
3.4 0.003794 54.6317511445 0.183996018632
3.4 0.004336 51.8809515498 0.173447929393
3.4 0.004878 49.6888480978 0.163936806237
3.4 0.00542 46.8954025959 0.154066247916
3.4 0.005962 44.5767804332 0.144650935512
3.4 0.006504 43.9729905644 0.142764460178
3.4 0.007046 41.5045509469 0.133542977964
3.4 0.007588 40.13419271 0.128193866282
3.4 0.00813 38.6376448812 0.122894700672
3.4 0.008672 37.2091292326 0.117172696913
3.4 0.009214 35.8766739825 0.112009565407
3.4 0.009756 34.6744975698 0.108040354372
3.4 0.010298 33.0510908379 0.101846839531
3.4 0.01084 32.2918770054 0.0987521405324
3.4 0.011382 31.1868405944 0.095459465221
3.4 0.011924 30.3878138088 0.091676053379
3.4 0.012466 29.3195645574 0.0886469757755
3.4 0.013008 28.2643692562 0.0846100912521
3.4 0.01355 27.3568284917 0.0821865771943
3.4 0.014092 26.5081925099 0.0791103891234
3.4 0.014634 25.835167655 0.0765769712935
3.4 0.015176 25.1001048228 0.0738987782538
3.4 0.015718 24.5024136923 0.0712039060285
3.4 0.01626 23.7761180476 0.0689012429938
3.4 0.016802 22.9369846371 0.0663488432932
3.4 0.017344 22.3800298786 0.0644136178927
3.4 0.017886 21.6456334099 0.0616835357435
3.4 0.018428 21.1569165697 0.0604790549591
3.4 0.01897 20.5372713303 0.0582802508828
3.4 0.019512 20.0082252224 0.0562535551107
3.6 0.001084 86.409347812 0.30524431047
3.6 0.001626 80.8333093642 0.287234855752
3.6 0.002168 76.4937268768 0.268648779625
3.6 0.00271 71.6700684011 0.245679435403
3.6 0.003252 68.8997493065 0.234867147858
3.6 0.003794 64.8858044552 0.220499118891
3.6 0.004336 61.9880377116 0.208893366732
3.6 0.004878 58.9518762496 0.196135612447
3.6 0.00542 55.5503332716 0.183976204987
3.6 0.005962 53.3178062449 0.175079016719
3.6 0.006504 51.7059831846 0.168941631778
3.6 0.007046 49.351700581 0.159069771415
3.6 0.007588 47.5075123385 0.15270425218
3.6 0.00813 46.0697825295 0.147264532257
3.6 0.008672 44.0826178242 0.138897628002
3.6 0.009214 42.5262361101 0.133243251656
3.6 0.009756 41.0158891686 0.12821523466
3.6 0.010298 39.1656107782 0.120775836296
3.6 0.01084 38.2290814994 0.117082515236
3.6 0.011382 37.0522692293 0.11289239925
3.6 0.011924 35.9806876 0.109465607743
3.6 0.012466 34.6904340433 0.104154309023
3.6 0.013008 33.4857825205 0.100442621729
3.6 0.01355 32.3580912221 0.0965994154928
3.6 0.014092 31.6115500913 0.0936620907451
3.6 0.014634 30.7638204054 0.0904465452259
3.6 0.015176 29.8809198944 0.0870007745763
3.6 0.015718 29.0747029625 0.0840802418338
3.6 0.01626 28.1854227058 0.0813529988655
3.6 0.016802 27.4312445218 0.0788829177145
3.6 0.017344 26.4429401166 0.0750771280612
3.6 0.017886 25.8913747824 0.0737271434407
3.6 0.018428 25.0992719293 0.070915563793
3.6 0.01897 24.3589109711 0.0683798141383
3.6 0.019512 23.7417842692 0.0657234899526
3.8 0.001084 103.712599488 0.372980157366
3.8 0.001626 96.6989644014 0.350113173149
3.8 0.002168 91.0931355659 0.324638254267
3.8 0.00271 85.365834192 0.29656414717
3.8 0.003252 82.4924681952 0.284949685321
3.8 0.003794 77.2635389643 0.265456399665
3.8 0.004336 74.1018894728 0.252033485883
3.8 0.004878 70.089513154 0.235906453606
3.8 0.00542 66.0943057622 0.22110638291
3.8 0.005962 63.8631847043 0.212191106712
3.8 0.006504 60.9662966355 0.200479851164
3.8 0.007046 58.8311056486 0.190563481405
3.8 0.007588 56.3794937505 0.183130050332
3.8 0.00813 54.8367607802 0.176476143943
3.8 0.008672 52.4632573099 0.166130128124
3.8 0.009214 50.5111895805 0.159369523241
3.8 0.009756 48.3691028377 0.15152799806
3.8 0.010298 46.8388167718 0.144416088024
3.8 0.01084 45.259980469 0.13905570741
3.8 0.011382 44.0894374075 0.135095149462
3.8 0.011924 42.7508328773 0.129976271402
3.8 0.012466 41.2296114359 0.123692733187
3.8 0.013008 39.7798606802 0.119111197163
3.8 0.01355 38.6825592037 0.115040577324
3.8 0.014092 37.6793463604 0.111178946227
3.8 0.014634 36.5525908794 0.106841743496
3.8 0.015176 35.4435970328 0.10227689559
3.8 0.015718 34.5579143503 0.100393632151
3.8 0.01626 33.5566578283 0.0963858304054
3.8 0.016802 32.519872504 0.0927430479582
3.8 0.017344 31.54049906 0.0897324327079
3.8 0.017886 30.7525818702 0.0868423759486
3.8 0.018428 29.7459272115 0.0834414781267
3.8 0.01897 29.1371753355 0.0805264592963
3.8 0.019512 28.3823480115 0.077617204871
4.0 0.001084 125.550803537 0.456765234342
4.0 0.001626 116.744138153 0.427300887361
4.0 0.002168 109.604613306 0.394041883021
4.0 0.00271 102.594895849 0.359688797416
4.0 0.003252 99.3732060581 0.347065943859
4.0 0.003794 92.9526639824 0.32236397
4.0 0.004336 88.8911874556 0.305242672646
4.0 0.004878 83.7599869256 0.285415728108
4.0 0.00542 79.1198801824 0.2671865306
4.0 0.005962 76.7211910559 0.258044651437
4.0 0.006504 72.3279844061 0.239065594803
4.0 0.007046 70.2780508473 0.229945459648
4.0 0.007588 67.5845912051 0.221354995905
4.0 0.00813 65.4300921048 0.211269140311
4.0 0.008672 62.5066375887 0.199345433911
4.0 0.009214 60.5041467328 0.192097758454
4.0 0.009756 57.255951579 0.180594195619
4.0 0.010298 56.1330522679 0.173224077848
4.0 0.01084 54.0939148569 0.167474433706
4.0 0.011382 52.6959226509 0.162023931841
4.0 0.011924 51.1211214259 0.154717124479
4.0 0.012466 49.0741186561 0.147955430008
4.0 0.013008 47.638387747 0.142220222201
4.0 0.01355 46.370171121 0.138103320826
4.0 0.014092 45.037833058 0.132342728904
4.0 0.014634 43.6626552971 0.126832897402
4.0 0.015176 42.4632790792 0.123295816272
4.0 0.015718 41.291291716 0.119237497262
4.0 0.01626 40.1076001396 0.114753247669
4.0 0.016802 38.660631176 0.110175247756
4.0 0.017344 37.7739794771 0.10743010353
4.0 0.017886 36.65398039 0.102832391019
4.0 0.018428 35.751759267 0.0991980668534
4.0 0.01897 34.9280250569 0.0958132248198
4.0 0.019512 34.0193513115 0.0918417117784
4.2 0.001084 150.929859103 0.561676146198
4.2 0.001626 139.97500324 0.523018893237
4.2 0.002168 131.23869696 0.480713515387
4.2 0.00271 122.869415681 0.43810499989
4.2 0.003252 118.901597578 0.421909418833
4.2 0.003794 111.70129545 0.392846592619
4.2 0.004336 106.571029887 0.37070062311
4.2 0.004878 100.075474891 0.346035106374
4.2 0.00542 94.8296959698 0.323935316813
4.2 0.005962 91.9007358743 0.313265802662
4.2 0.006504 86.7936786303 0.28995382981
4.2 0.007046 83.9878472714 0.278878735854
4.2 0.007588 81.1553430862 0.267930279528
4.2 0.00813 78.2876467035 0.254726937884
4.2 0.008672 74.5159765332 0.239810614367
4.2 0.009214 72.3549705222 0.232105713493
4.2 0.009756 68.9050210347 0.218097924758
4.2 0.010298 67.0266859024 0.209537490931
4.2 0.01084 64.905505613 0.203111690998
4.2 0.011382 63.2367210075 0.194835923121
4.2 0.011924 61.2424698731 0.186039841086
4.2 0.012466 58.7620436964 0.178169331172
4.2 0.013008 57.2066191001 0.171814340323
4.2 0.01355 55.5656872808 0.165453238116
4.2 0.014092 53.8889736225 0.15811229443
4.2 0.014634 52.2481813196 0.152659800807
4.2 0.015176 50.8394717122 0.148320023613
4.2 0.015718 49.3634859414 0.14241695428
4.2 0.01626 47.7704895823 0.136893224837
4.2 0.016802 46.4579977801 0.13283974943
4.2 0.017344 45.2303766085 0.12718016169
4.2 0.017886 43.9633709213 0.123025401862
4.2 0.018428 43.0126070679 0.11853950947
4.2 0.01897 41.9016001659 0.11418108141
4.2 0.019512 40.6721678823 0.110005696595
4.4 0.001084 182.054035955 0.692027940712
4.4 0.001626 168.543054848 0.641069406988
4.4 0.002168 157.97416806 0.588469710475
4.4 0.00271 148.093973044 0.536783846514
4.4 0.003252 142.777954341 0.514690747087
4.4 0.003794 134.665291703 0.480869372171
4.4 0.004336 127.92614426 0.451476064146
4.4 0.004878 119.726005781 0.420117137433
4.4 0.00542 114.201600396 0.39592984961
4.4 0.005962 109.80093499 0.378384387025
4.4 0.006504 104.558869336 0.353476071188
4.4 0.007046 100.868403359 0.33902127766
4.4 0.007588 97.9059482852 0.325359780021
4.4 0.00813 94.049815176 0.30895175672
4.4 0.008672 90.0289681859 0.292828962402
4.4 0.009214 86.3811536326 0.279712569158
4.4 0.009756 83.2869348706 0.264088316801
4.4 0.010298 80.4894856974 0.255645895648
4.4 0.01084 78.0576692482 0.245871237333
4.4 0.011382 76.1080526528 0.235560660016
4.4 0.011924 73.2909965782 0.22512746196
4.4 0.012466 70.873903779 0.214774456877
4.4 0.013008 68.9762847549 0.208088088994
4.4 0.01355 66.8181871576 0.198933712209
4.4 0.014092 64.7948016374 0.191157020118
4.4 0.014634 62.8983886255 0.18545639853
4.4 0.015176 61.0433541405 0.177920559323
4.4 0.015718 59.284317618 0.171350453459
4.4 0.01626 57.5271812702 0.165250229651
4.4 0.016802 55.8997012131 0.158751385468
4.4 0.017344 54.3975493421 0.153136269372
4.4 0.017886 53.0090462778 0.146650315603
4.4 0.018428 51.7385928574 0.142693183627
4.4 0.01897 50.2902838929 0.136625011416
4.4 0.019512 48.6290321692 0.131124311813
4.6 0.001084 218.311065116 0.850797763149
4.6 0.001626 201.918809688 0.784422987233
4.6 0.002168 189.430462104 0.720503246803
4.6 0.00271 178.380045259 0.659982028655
4.6 0.003252 171.116785974 0.628677461293
4.6 0.003794 162.265732957 0.58971619218
4.6 0.004336 153.230101687 0.55044315373
4.6 0.004878 143.314959372 0.51031884878
4.6 0.00542 137.538470681 0.485494639931
4.6 0.005962 131.303457543 0.458218486528
4.6 0.006504 126.085665686 0.431849286267
4.6 0.007046 121.42376481 0.412990847534
4.6 0.007588 117.892892173 0.395116698205
4.6 0.00813 112.854062974 0.373971441998
4.6 0.008672 108.867023598 0.359009083639
4.6 0.009214 103.295316431 0.337090023002
4.6 0.009756 100.429180712 0.321150426424
4.6 0.010298 96.9467846551 0.311299688305
4.6 0.01084 94.0635048556 0.297585485395
4.6 0.011382 91.8250488859 0.2853324454
4.6 0.011924 87.8778567578 0.272737158284
4.6 0.012466 85.5731774409 0.260485840798
4.6 0.013008 83.0748234321 0.251268365235
4.6 0.01355 80.556085797 0.240096403439
4.6 0.014092 78.1947152624 0.232628591202
4.6 0.014634 75.7752459186 0.223704110991
4.6 0.015176 73.6054290293 0.214635831318
4.6 0.015718 71.6432143753 0.207898211727
4.6 0.01626 69.4695944402 0.199194467675
4.6 0.016802 67.2815130463 0.190594157607
4.6 0.017344 65.626490417 0.184174080642
4.6 0.017886 63.9481031452 0.177391359608
4.6 0.018428 62.4664670746 0.170914969688
4.6 0.01897 60.2724082529 0.162912300846
4.6 0.019512 58.733489993 0.157671757883
