2.2 0.001084 34.8125956062 0.119739260072
2.2 0.001626 32.1631001432 0.110586050601
2.2 0.002168 30.5675131875 0.104330482079
2.2 0.00271 29.6187711016 0.100414602133
2.2 0.003252 28.3366577932 0.0953030694888
2.2 0.003794 26.6639080206 0.0888009682823
2.2 0.004336 25.6184447618 0.0853627970175
2.2 0.004878 24.5968305182 0.0819675712014
2.2 0.00542 23.4338007183 0.0768964087206
2.2 0.005962 22.4263114374 0.073790226693
2.2 0.006504 21.5675599018 0.0708712161397
2.2 0.007046 20.5644201189 0.067236090174
2.2 0.007588 19.6052438743 0.0637111059437
2.2 0.00813 18.8183804902 0.0610982011409
2.2 0.008672 18.0919844059 0.0590938842242
2.2 0.009214 17.5540401939 0.0569695187339
2.2 0.009756 16.7915160716 0.0538332137469
2.2 0.010298 16.4433940836 0.0527087320793
2.2 0.01084 15.7312922803 0.0503047462602
2.2 0.011382 15.2037481829 0.0485700855846
2.2 0.011924 14.6989892783 0.0468654575778
2.2 0.012466 14.2332038586 0.0453016849138
2.2 0.013008 13.7588587634 0.0438448574279
2.2 0.01355 13.1720961515 0.0420397826661
2.2 0.014092 12.8589165842 0.0407844545277
2.2 0.014634 12.3717153059 0.0390447536997
2.2 0.015176 11.9761551311 0.0378857343174
2.2 0.015718 11.6519259234 0.0366344938717
2.2 0.01626 11.3311078923 0.0354029144253
2.2 0.016802 11.0951039394 0.0346181348146
2.2 0.017344 10.7717368651 0.0335217183162
2.2 0.017886 10.3496672002 0.0320718908646
2.2 0.018428 10.0716289631 0.0312762545531
2.2 0.01897 9.78728397503 0.0303269147816
2.2 0.019512 9.45726815811 0.0293620604504
2.4 0.001084 46.4994609697 0.158529060736
2.4 0.001626 42.8302274692 0.146908221146
2.4 0.002168 40.7159924421 0.138750955402
2.4 0.00271 39.2701553643 0.132559165359
2.4 0.003252 37.2854186416 0.124574069474
2.4 0.003794 35.2565382574 0.116866103389
2.4 0.004336 33.8979478959 0.112074621015
2.4 0.004878 32.3410010016 0.106194835171
2.4 0.00542 30.7804586413 0.100185739763
2.4 0.005962 29.5684082508 0.0966885228907
2.4 0.006504 28.2674480758 0.0919958004768
2.4 0.007046 26.8623420125 0.0869074550671
2.4 0.007588 25.76402945 0.0831951034449
2.4 0.00813 24.6950085198 0.0796786128828
2.4 0.008672 23.9249829979 0.0769394687979
2.4 0.009214 23.0978955689 0.0738327273176
2.4 0.009756 22.2549313754 0.0707111601996
2.4 0.010298 21.5337481315 0.0681494644045
2.4 0.01084 20.5774699663 0.0649242342223
2.4 0.011382 19.9816451737 0.0629122276509
2.4 0.011924 19.3225844327 0.0605621756644
2.4 0.012466 18.7669560214 0.0586151150666
2.4 0.013008 17.9199170821 0.0558303956248
2.4 0.01355 17.468785274 0.0542333007046
2.4 0.014092 16.8733995084 0.0521902632741
2.4 0.014634 16.2672157611 0.0502892391969
2.4 0.015176 15.7713479794 0.0486332008143
2.4 0.015718 15.3126404171 0.0469458644323
2.4 0.01626 14.8947387318 0.0455176021211
2.4 0.016802 14.5344081984 0.044411893263
2.4 0.017344 13.960223561 0.0424664696979
2.4 0.017886 13.5545207439 0.0410986417905
2.4 0.018428 13.226114523 0.0399639041934
2.4 0.01897 12.8244449542 0.0386887496555
2.4 0.019512 12.4570419897 0.0373125690458
2.6 0.001084 60.5061528882 0.205006365639
2.6 0.001626 55.6869422651 0.19092139247
2.6 0.002168 53.010588913 0.180339637134
2.6 0.00271 50.82571781 0.170833307579
2.6 0.003252 47.9063770603 0.15911497006
2.6 0.003794 45.5777398777 0.150299439633
2.6 0.004336 43.6459077172 0.143514755387
2.6 0.004878 41.4601452692 0.135606324325
2.6 0.00542 39.5846521902 0.128809436405
2.6 0.005962 37.9123119728 0.123479304959
2.6 0.006504 36.0238878033 0.116917521464
2.6 0.007046 34.2199142609 0.110185182937
2.6 0.007588 33.1022404883 0.106697284515
2.6 0.00813 31.5787470734 0.1009582851
2.6 0.008672 30.8949475811 0.0985859325528
2.6 0.009214 29.426090344 0.0932086631365
2.6 0.009756 28.5831801542 0.0896356262316
2.6 0.010298 27.3218501027 0.0858724389373
2.6 0.01084 26.4606487632 0.0827514874556
2.6 0.011382 25.6142590128 0.079645859995
2.6 0.011924 24.7463700916 0.0766862379546
2.6 0.012466 23.8857865084 0.0735647938684
2.6 0.013008 23.0855390443 0.0707064399903
2.6 0.01355 22.393695767 0.0684016161743
2.6 0.014092 21.5560248301 0.0655207166904
2.6 0.014634 20.8483879677 0.0633971022926
2.6 0.015176 20.2816531664 0.0610446234198
2.6 0.015718 19.7387259007 0.0591853276262
2.6 0.01626 19.2077212577 0.0575925822372
2.6 0.016802 18.5598426024 0.055649120097
2.6 0.017344 17.9653374477 0.0535548930228
2.6 0.017886 17.5220915485 0.0517420961918
2.6 0.018428 17.0246409547 0.050202322471
2.6 0.01897 16.5305794159 0.0484310729685
2.6 0.019512 15.9837673326 0.0466527639757
2.8 0.001084 77.1306229419 0.263510100254
2.8 0.001626 70.9024206362 0.24531215664
2.8 0.002168 67.3472387872 0.231634124408
2.8 0.00271 64.3505847438 0.217523857961
2.8 0.003252 60.4474373087 0.201635759738
2.8 0.003794 57.9616024505 0.192142057524
2.8 0.004336 55.1510050478 0.182136467688
2.8 0.004878 52.2702100011 0.171175575196
2.8 0.00542 49.9349770593 0.162985764243
2.8 0.005962 47.5633704089 0.155275311051
2.8 0.006504 45.0525251992 0.146138700262
2.8 0.007046 43.1864103109 0.139502857102
2.8 0.007588 41.6506689882 0.134515815632
2.8 0.00813 39.9561006093 0.128076925141
2.8 0.008672 38.7870850402 0.123632045804
2.8 0.009214 37.0597628191 0.116875644882
2.8 0.009756 35.9968718823 0.112308727486
2.8 0.010298 34.2691802407 0.107347781307
2.8 0.01084 33.5848265376 0.10365776534
2.8 0.011382 32.2110877519 0.0995799832703
2.8 0.011924 31.2955946231 0.0961285992776
2.8 0.012466 30.079495208 0.09158437764
2.8 0.013008 29.161988215 0.0885989766812
2.8 0.01355 28.1651018908 0.0851954516178
2.8 0.014092 27.1634689612 0.081962968918
2.8 0.014634 26.4145537483 0.0790136133198
2.8 0.015176 25.745103631 0.0764686379897
2.8 0.015718 25.0001725475 0.0743779645773
2.8 0.01626 24.1902260839 0.0715497737693
2.8 0.016802 23.492800747 0.0690038421726
2.8 0.017344 22.851906639 0.0666501217113
2.8 0.017886 22.2167346829 0.0645408321314
2.8 0.018428 21.6047290522 0.0624948959233
2.8 0.01897 20.881958609 0.0601300618864
2.8 0.019512 20.2090098649 0.0581564527686
3.0 0.001084 96.9182620841 0.337566287013
3.0 0.001626 89.1724524003 0.313635912208
3.0 0.002168 84.4308957228 0.295675767979
3.0 0.00271 80.4449632631 0.275020065667
3.0 0.003252 75.3063490477 0.254133713942
3.0 0.003794 72.8013992308 0.244517630307
3.0 0.004336 68.6803891371 0.229469456517
3.0 0.004878 65.1343303234 0.215215339074
3.0 0.00542 62.2998566283 0.20574386914
3.0 0.005962 58.9418957093 0.194348122672
3.0 0.006504 55.8227024561 0.181962453943
3.0 0.007046 54.0799699035 0.176692043316
3.0 0.007588 51.7390544427 0.168070853402
3.0 0.00813 50.1160958174 0.161339990934
3.0 0.008672 48.0838991678 0.153653060285
3.0 0.009214 46.4865271999 0.146448068277
3.0 0.009756 44.5505904097 0.140098708092
3.0 0.010298 43.0246221331 0.134435696816
3.0 0.01084 41.6548428467 0.129440924448
3.0 0.011382 40.2192763895 0.124345924472
3.0 0.011924 38.9519052556 0.118898460457
3.0 0.012466 37.70590683 0.114481092143
3.0 0.013008 36.6017041982 0.110442994284
3.0 0.01355 35.3836844132 0.105680981723
3.0 0.014092 34.2033407612 0.101630524827
3.0 0.014634 33.2002392862 0.0982389180514
3.0 0.015176 32.2897360793 0.0954617095812
3.0 0.015718 31.2811629017 0.091902832607
3.0 0.01626 30.2694816398 0.0881975311263
3.0 0.016802 29.4982221309 0.0858594258293
3.0 0.017344 28.6258271153 0.0828796094156
3.0 0.017886 27.8800328841 0.0800829794197
3.0 0.018428 27.0855483838 0.0772680746152
3.0 0.01897 26.045077264 0.0743368552932
3.0 0.019512 25.5592197856 0.0723998836407
3.2 0.001084 121.063332421 0.433394827001
3.2 0.001626 111.468153466 0.401544904618
3.2 0.002168 105.233879274 0.378269603863
3.2 0.00271 100.045377888 0.348407236484
3.2 0.003252 93.2933057007 0.321047986164
3.2 0.003794 90.8082287478 0.312179298057
3.2 0.004336 84.8573269402 0.289558722858
3.2 0.004878 80.9509100717 0.27241811554
3.2 0.00542 77.2423555688 0.26080988046
3.2 0.005962 72.8336165309 0.243486123136
3.2 0.006504 69.0712010383 0.227202613994
3.2 0.007046 67.6571356046 0.224669333538
3.2 0.007588 63.977479201 0.20916228459
3.2 0.00813 62.503442853 0.203186663034
3.2 0.008672 59.4020980856 0.191529384887
3.2 0.009214 58.2884484856 0.184656987172
3.2 0.009756 55.0897266275 0.175585628738
3.2 0.010298 53.8744608651 0.169361701711
3.2 0.01084 51.627682491 0.161675650058
3.2 0.011382 50.068939815 0.154382019532
3.2 0.011924 48.4836449525 0.14797473534
3.2 0.012466 47.176994089 0.144765679822
3.2 0.013008 45.8224650242 0.1371526227
3.2 0.01355 44.1652386966 0.131714491801
3.2 0.014092 42.7177194674 0.12665686822
3.2 0.014634 41.6027724555 0.123380696566
3.2 0.015176 40.4345123751 0.119172904245
3.2 0.015718 38.8381089987 0.11313565777
3.2 0.01626 37.8483638479 0.110564803622
3.2 0.016802 36.7081766326 0.107353918724
3.2 0.017344 35.7860772499 0.103639156884
3.2 0.017886 34.8932602166 0.0996830134194
3.2 0.018428 33.5275414308 0.0959182993741
3.2 0.01897 32.7579265762 0.0922961060364
3.2 0.019512 32.3948843853 0.0914359502348
3.4 0.001084 151.827704963 0.559718574904
3.4 0.001626 139.812736686 0.517610779763
3.4 0.002168 131.489963917 0.484888617895
3.4 0.00271 124.705407323 0.444086536492
3.4 0.003252 116.931722562 0.412469576641
3.4 0.003794 113.300407227 0.398170387119
3.4 0.004336 106.052883316 0.369572711055
3.4 0.004878 101.329932011 0.350152787348
3.4 0.00542 96.0425337507 0.331050187863
3.4 0.005962 90.6384195799 0.308329921173
3.4 0.006504 86.4900043735 0.291446071366
3.4 0.007046 84.0458498896 0.283056491508
3.4 0.007588 80.1889448674 0.265909855039
3.4 0.00813 77.8053261932 0.256009295976
3.4 0.008672 74.70101037 0.242779719454
3.4 0.009214 72.5995021512 0.233904912675
3.4 0.009756 69.2864606031 0.222585157228
3.4 0.010298 67.090917518 0.213764420861
3.4 0.01084 64.6296192472 0.203465184465
3.4 0.011382 62.6593050454 0.194610565263
3.4 0.011924 60.9454817279 0.188765978681
3.4 0.012466 59.349922358 0.181744762764
3.4 0.013008 57.4572980789 0.173393317511
3.4 0.01355 55.396516138 0.166257397433
3.4 0.014092 53.7631524746 0.160572997781
3.4 0.014634 52.2595239157 0.155153027521
3.4 0.015176 50.403243432 0.148801372135
3.4 0.015718 48.7208082322 0.14329483689
3.4 0.01626 47.392583917 0.13947950082
3.4 0.016802 46.269468915 0.135269130352
3.4 0.017344 45.0962686323 0.130173229866
3.4 0.017886 43.5094749069 0.124724535532
3.4 0.018428 42.2897741019 0.119744000317
3.4 0.01897 41.6324556331 0.117485675884
3.4 0.019512 40.7027618953 0.114134662675
3.6 0.001084 191.159650884 0.726078036141
3.6 0.001626 175.986976225 0.671863115503
3.6 0.002168 164.958407872 0.62446907397
3.6 0.00271 156.25261812 0.572184949528
3.6 0.003252 147.380985065 0.535330690676
3.6 0.003794 141.792296918 0.511770964968
3.6 0.004336 133.319163614 0.476729839923
3.6 0.004878 127.240658998 0.451658426394
3.6 0.00542 120.143584332 0.422981206356
3.6 0.005962 113.466942501 0.394662631325
3.6 0.006504 109.154563285 0.377173702514
3.6 0.007046 105.007028342 0.359250105158
3.6 0.007588 101.341174091 0.341903356969
3.6 0.00813 97.2896184506 0.324700844331
3.6 0.008672 94.662480897 0.312638875432
3.6 0.009214 90.8951200997 0.297825885496
3.6 0.009756 87.3420815371 0.284750732846
3.6 0.010298 84.1086715542 0.272082019232
3.6 0.01084 81.1329602602 0.258514685116
3.6 0.011382 79.0340188717 0.250071921675
3.6 0.011924 76.8214776787 0.241549390142
3.6 0.012466 75.1175103887 0.230818895215
3.6 0.013008 72.1157816664 0.221097702299
3.6 0.01355 69.9671773393 0.212358887474
3.6 0.014092 67.8611348541 0.204790348992
3.6 0.014634 65.8289003604 0.196528404897
3.6 0.015176 63.4281144191 0.189035267957
3.6 0.015718 61.650771498 0.182913841063
3.6 0.01626 60.1016222588 0.177801963715
3.6 0.016802 58.814096798 0.17133394224
3.6 0.017344 56.8477306593 0.164279931737
3.6 0.017886 54.9998084408 0.157094422997
3.6 0.018428 53.9544829965 0.152746200552
3.6 0.01897 52.7385001617 0.148852458788
3.6 0.019512 51.3593026568 0.143652645439
3.8 0.001084 240.159318163 0.949618448798
3.8 0.001626 221.15751388 0.878108451027
3.8 0.002168 206.86373499 0.810099366564
3.8 0.00271 196.258647433 0.743999985598
3.8 0.003252 186.579529791 0.701062945018
3.8 0.003794 178.46107014 0.663970120421
3.8 0.004336 168.807435351 0.620808926727
3.8 0.004878 160.764268816 0.58538967993
3.8 0.00542 151.286461301 0.545957052421
3.8 0.005962 143.181373011 0.511636004957
3.8 0.006504 138.511641649 0.491980938195
3.8 0.007046 132.119800252 0.461077461641
3.8 0.007588 128.784178214 0.442961263617
3.8 0.00813 122.455349939 0.417160620214
3.8 0.008672 120.828418892 0.408043470455
3.8 0.009214 115.107168548 0.38510014216
3.8 0.009756 110.476941029 0.368161991874
3.8 0.010298 106.566755085 0.350733634326
3.8 0.01084 102.962076971 0.33465671359
3.8 0.011382 100.47187216 0.323407291448
3.8 0.011924 97.844172333 0.31049081189
3.8 0.012466 95.1780602078 0.297658636643
3.8 0.013008 91.8462547367 0.285248100597
3.8 0.01355 88.9525503002 0.273613873163
3.8 0.014092 86.3012730504 0.262980909922
3.8 0.014634 83.6238763155 0.253049204905
3.8 0.015176 80.9907831009 0.243656937901
3.8 0.015718 78.6280983336 0.235991217005
3.8 0.01626 76.9525253235 0.227167167001
3.8 0.016802 74.7958748813 0.219178761219
3.8 0.017344 71.9426668803 0.207999301449
3.8 0.017886 70.8099463669 0.20284935152
3.8 0.018428 68.7742095904 0.19558933457
3.8 0.01897 67.2757251416 0.190663883737
3.8 0.019512 65.5823740327 0.183156362959
4.0 0.001084 305.557886257 1.25295288772
4.0 0.001626 281.564903863 1.15649327657
4.0 0.002168 263.274697231 1.06059942769
4.0 0.00271 249.744936947 0.978855092281
4.0 0.003252 238.633060699 0.926859450058
4.0 0.003794 226.864545987 0.870847352822
4.0 0.004336 215.785216972 0.818464420034
4.0 0.004878 204.833249028 0.766765796842
4.0 0.00542 192.30016474 0.714832573999
4.0 0.005962 182.881503009 0.672763850445
4.0 0.006504 177.123568054 0.648244892846
4.0 0.007046 168.698495497 0.603053920683
4.0 0.007588 164.544550132 0.580450476132
4.0 0.00813 157.649134508 0.551004133001
4.0 0.008672 154.068869508 0.533908252601
4.0 0.009214 147.103309968 0.505970483396
4.0 0.009756 141.439560607 0.482669457438
4.0 0.010298 136.242272367 0.458630397378
4.0 0.01084 132.358600344 0.438897503561
4.0 0.011382 128.663896939 0.421885984761
4.0 0.011924 126.024927232 0.40583913412
4.0 0.012466 121.677858294 0.389443135503
4.0 0.013008 118.158107176 0.371963986811
4.0 0.01355 114.211224154 0.356201383327
4.0 0.014092 110.978193857 0.342751067794
4.0 0.014634 107.665991768 0.330501927711
4.0 0.015176 104.207591318 0.317135810577
4.0 0.015718 101.419766672 0.306231871562
4.0 0.01626 98.8783047713 0.295259070752
4.0 0.016802 95.7722944161 0.282803941573
4.0 0.017344 93.7325213665 0.273248555097
4.0 0.017886 90.9567611245 0.262476572542
4.0 0.018428 88.8534920346 0.255552852117
4.0 0.01897 86.9008624402 0.245481918791
4.0 0.019512 84.2011652287 0.235870038022
4.2 0.001084 387.754792497 1.67380784522
4.2 0.001626 357.723958006 1.54139435393
4.2 0.002168 334.623821806 1.40821341568
4.2 0.00271 318.286215422 1.30620034627
4.2 0.003252 305.573018849 1.23959978943
4.2 0.003794 289.612916802 1.15586373579
4.2 0.004336 277.449581195 1.09248309361
4.2 0.004878 262.639955376 1.0164440525
4.2 0.00542 246.191969229 0.947307292496
4.2 0.005962 236.001145162 0.898830125545
4.2 0.006504 227.175660653 0.859151254338
4.2 0.007046 218.112883572 0.806036987368
4.2 0.007588 211.129614553 0.769934257441
4.2 0.00813 204.563717693 0.738206508647
4.2 0.008672 198.123281479 0.709825555815
4.2 0.009214 189.183285025 0.670794795205
4.2 0.009756 183.097406704 0.643005767513
4.2 0.010298 175.858132281 0.606377270884
4.2 0.01084 171.677439959 0.581050654899
4.2 0.011382 166.647770139 0.557863610782
4.2 0.011924 162.966876895 0.538526614814
4.2 0.012466 157.646098156 0.515137869032
4.2 0.013008 153.015372398 0.492667560869
4.2 0.01355 148.17492959 0.47199752601
4.2 0.014092 143.750439775 0.454694609076
4.2 0.014634 139.385351661 0.435501133421
4.2 0.015176 135.293216007 0.418704460615
4.2 0.015718 131.886861901 0.40348532651
4.2 0.01626 128.626194496 0.3908845022
4.2 0.016802 124.985640017 0.374118282549
4.2 0.017344 122.361839849 0.361893129863
4.2 0.017886 118.51589732 0.347739677125
4.2 0.018428 116.135552087 0.335846791349
4.2 0.01897 112.876234651 0.32174228002
4.2 0.019512 110.096320893 0.31183579946
4.4 0.001084 497.049500301 2.26170383934
4.4 0.001626 459.450573235 2.07792184001
4.4 0.002168 430.63181635 1.89808530505
4.4 0.00271 410.342546138 1.76768904041
4.4 0.003252 395.24625262 1.68111187584
4.4 0.003794 373.413352985 1.55627422531
4.4 0.004336 360.118449203 1.48231555073
4.4 0.004878 339.528444687 1.36714142648
4.4 0.00542 319.655145486 1.27841616829
4.4 0.005962 307.688427206 1.22203787364
4.4 0.006504 294.760578964 1.15704082254
4.4 0.007046 284.90207467 1.09619249895
4.4 0.007588 274.073979621 1.03719229264
4.4 0.00813 268.337350034 1.00463823197
4.4 0.008672 257.904720954 0.960635957507
4.4 0.009214 246.66197525 0.901133199777
4.4 0.009756 239.344849554 0.868643390008
4.4 0.010298 230.961134798 0.818674805789
4.4 0.01084 224.443025794 0.782129279482
4.4 0.011382 218.88834692 0.754528594028
4.4 0.011924 212.516293363 0.723886070728
4.4 0.012466 206.592671715 0.693691320543
4.4 0.013008 200.29295146 0.663343254497
4.4 0.01355 194.089841786 0.637217737939
4.4 0.014092 188.164505351 0.611864721644
4.4 0.014634 183.226533325 0.585496628137
4.4 0.015176 178.333008392 0.561755752177
4.4 0.015718 174.161128541 0.544645760439
4.4 0.01626 169.580258126 0.524535233281
4.4 0.016802 166.359912712 0.507687261936
4.4 0.017344 160.479699851 0.484985362244
4.4 0.017886 157.082373528 0.46779822851
4.4 0.018428 153.330914711 0.450283942494
4.4 0.01897 149.234009731 0.433493988948
4.4 0.019512 146.076117885 0.419952099358
4.6 0.001084 638.494019716 3.09824327409
4.6 0.001626 591.680169219 2.83652520488
4.6 0.002168 556.895360801 2.60163855544
4.6 0.00271 532.146149339 2.43423762937
4.6 0.003252 514.46902726 2.31712596002
4.6 0.003794 484.740031161 2.1310532458
4.6 0.004336 469.289374092 2.03634697838
4.6 0.004878 442.017999956 1.87145332278
4.6 0.00542 419.001248424 1.76175511998
4.6 0.005962 404.054443149 1.69005296689
4.6 0.006504 386.30227454 1.58600597346
4.6 0.007046 375.778330625 1.51743974902
4.6 0.007588 360.170454948 1.42235748016
4.6 0.00813 354.137482439 1.3854217261
4.6 0.008672 339.498301525 1.31534591434
4.6 0.009214 326.551048684 1.24540500267
4.6 0.009756 316.038846253 1.18906925963
4.6 0.010298 306.102248278 1.12253825375
4.6 0.01084 296.885808612 1.07586664251
4.6 0.011382 290.705769265 1.0409733786
4.6 0.011924 280.904177658 0.993664262481
4.6 0.012466 273.43790479 0.954310669287
4.6 0.013008 265.025021136 0.912920815758
4.6 0.01355 256.615069454 0.875424469628
4.6 0.014092 250.688424427 0.841132171371
4.6 0.014634 243.989482268 0.800935118626
4.6 0.015176 238.549971715 0.773462888355
4.6 0.015718 233.054691555 0.74991111529
4.6 0.01626 227.487365493 0.722020021261
4.6 0.016802 221.513858633 0.694942119362
4.6 0.017344 214.95389664 0.664769986066
4.6 0.017886 209.71089168 0.64180560473
4.6 0.018428 204.855697711 0.61594190118
4.6 0.01897 200.400403015 0.598861469397
4.6 0.019512 195.510692875 0.57446364343
