2.2 0.001084 17.5587290875 0.0619308662504
2.2 0.001626 16.3088623079 0.0579735422871
2.2 0.002168 15.671167293 0.0554388818032
2.2 0.00271 15.3004979286 0.0534726817267
2.2 0.003252 14.6564098626 0.0507172094508
2.2 0.003794 13.7830203771 0.0473109839144
2.2 0.004336 13.4026609215 0.0458669830955
2.2 0.004878 12.8522999233 0.0438994954597
2.2 0.00542 12.3610047167 0.0416553252927
2.2 0.005962 11.992065669 0.0404536092706
2.2 0.006504 11.5273438782 0.0387681708104
2.2 0.007046 11.0493011281 0.0371419325692
2.2 0.007588 10.6757566753 0.0359064979304
2.2 0.00813 10.3425453157 0.0346892354877
2.2 0.008672 9.97126573531 0.0332695746212
2.2 0.009214 9.75771605224 0.0323196969732
2.2 0.009756 9.32825136764 0.0309449295969
2.2 0.010298 9.08385667869 0.0297820256545
2.2 0.01084 8.78560508067 0.028968995695
2.2 0.011382 8.51257181989 0.027870260032
2.2 0.011924 8.26811284952 0.0269870763712
2.2 0.012466 8.03983641887 0.02631924667
2.2 0.013008 7.79579085697 0.0255554466147
2.2 0.01355 7.52970394713 0.0246592982195
2.2 0.014092 7.32923359337 0.0238134155915
2.2 0.014634 7.08468716983 0.0228719548679
2.2 0.015176 6.89222825505 0.0224117125032
2.2 0.015718 6.71225589082 0.0216761115896
2.2 0.01626 6.51353687232 0.0209738453227
2.2 0.016802 6.34550265282 0.0203867566503
2.2 0.017344 6.17445297458 0.0197886742634
2.2 0.017886 5.98400499097 0.0191506640878
2.2 0.018428 5.82869274864 0.0185933328594
2.2 0.01897 5.68914679546 0.0180496120464
2.2 0.019512 5.52225844942 0.0173686759787
2.4 0.001084 22.934314121 0.0797552355714
2.4 0.001626 21.2277774514 0.0743850314588
2.4 0.002168 20.419694487 0.0712355495227
2.4 0.00271 19.8402278618 0.0683877567779
2.4 0.003252 18.834775409 0.0641822768399
2.4 0.003794 17.8811705802 0.0605190394522
2.4 0.004336 17.3630752052 0.0586023257207
2.4 0.004878 16.533427038 0.0554836118585
2.4 0.00542 15.9087029894 0.0528903628613
2.4 0.005962 15.4379001158 0.051195485249
2.4 0.006504 14.7158517964 0.0484803515737
2.4 0.007046 14.0930921508 0.0466052620995
2.4 0.007588 13.7819422856 0.0455980282989
2.4 0.00813 13.2501538146 0.0436771879117
2.4 0.008672 12.8507547261 0.0420501787943
2.4 0.009214 12.4590752604 0.0405917234198
2.4 0.009756 12.0348566222 0.0389510564327
2.4 0.010298 11.6907698955 0.0375738006695
2.4 0.01084 11.2814592118 0.0364646784512
2.4 0.011382 11.001070312 0.0350918306235
2.4 0.011924 10.6478480306 0.0341555356319
2.4 0.012466 10.3436048425 0.0331931012723
2.4 0.013008 9.95683119257 0.0319722125
2.4 0.01355 9.63094232767 0.0307604109473
2.4 0.014092 9.34769213991 0.0296363417027
2.4 0.014634 9.09220790438 0.0289761977494
2.4 0.015176 8.84520210516 0.028155170124
2.4 0.015718 8.62290300571 0.0272090506178
2.4 0.01626 8.40751865572 0.0264716094243
2.4 0.016802 8.13802832196 0.0255747748146
2.4 0.017344 7.87318429428 0.0246946866485
2.4 0.017886 7.69969037333 0.0239476946947
2.4 0.018428 7.49666249193 0.0231192058536
2.4 0.01897 7.27748447324 0.0224861591279
2.4 0.019512 7.09871021446 0.021881748987
2.6 0.001084 29.1858986091 0.100334373607
2.6 0.001626 27.0206537664 0.09339239012
2.6 0.002168 25.9972078326 0.0894008029275
2.6 0.00271 25.1136636188 0.0854273966017
2.6 0.003252 23.6299132754 0.0795456253448
2.6 0.003794 22.6362470534 0.0757919809022
2.6 0.004336 21.81677749 0.0727557043562
2.6 0.004878 20.7327834363 0.0686518674895
2.6 0.00542 19.9888265888 0.065743241236
2.6 0.005962 19.292409509 0.0631460154297
2.6 0.006504 18.325417457 0.0597089520615
2.6 0.007046 17.6572554301 0.0577086962197
2.6 0.007588 17.4518130771 0.0569714649045
2.6 0.00813 16.5523912293 0.0536143714824
2.6 0.008672 16.1986944156 0.0519483173061
2.6 0.009214 15.5697874388 0.0500740403709
2.6 0.009756 15.1426172357 0.0479103016271
2.6 0.010298 14.5510230199 0.0463721144132
2.6 0.01084 14.1633764753 0.0446910394097
2.6 0.011382 13.744594043 0.0431990634482
2.6 0.011924 13.296105728 0.0417406636216
2.6 0.012466 12.864976386 0.0402771280587
2.6 0.013008 12.4369097403 0.0389243768632
2.6 0.01355 12.0718112417 0.0375243523524
2.6 0.014092 11.7461281422 0.0362801982567
2.6 0.014634 11.4205252004 0.0354286987701
2.6 0.015176 11.1051172596 0.0341205283911
2.6 0.015718 10.8226446533 0.0334377731066
2.6 0.01626 10.4565740516 0.0319092621244
2.6 0.016802 10.1422161006 0.0309650541037
2.6 0.017344 9.93557377781 0.0303343184836
2.6 0.017886 9.67006964936 0.0293721534259
2.6 0.018428 9.39213946466 0.028303695407
2.6 0.01897 9.17113378811 0.0275599173332
2.6 0.019512 8.89212025778 0.0267366848307
2.8 0.001084 36.2665161553 0.124091947904
2.8 0.001626 33.604015384 0.115443420324
2.8 0.002168 32.2785304543 0.110835120125
2.8 0.00271 31.0141157797 0.104895534969
2.8 0.003252 28.9492497495 0.096706157308
2.8 0.003794 28.0268581104 0.093155393437
2.8 0.004336 26.7366757439 0.088681193277
2.8 0.004878 25.4427275843 0.083812848804
2.8 0.00542 24.5832535984 0.0804674913078
2.8 0.005962 23.5551093638 0.076564830558
2.8 0.006504 22.4183269378 0.0723253299557
2.8 0.007046 21.8202474487 0.0703873254601
2.8 0.007588 21.2718041422 0.068606350741
2.8 0.00813 20.3066459842 0.0649445512332
2.8 0.008672 19.7622186537 0.06291845128
2.8 0.009214 19.0269833181 0.0603025625025
2.8 0.009756 18.4748881921 0.0577748895953
2.8 0.010298 17.7045384912 0.0559570430328
2.8 0.01084 17.3944264544 0.0541780495393
2.8 0.011382 16.7278014259 0.0521618149445
2.8 0.011924 16.1686691619 0.0499421543391
2.8 0.012466 15.7114655528 0.0483580755329
2.8 0.013008 15.2238412269 0.047018857201
2.8 0.01355 14.8199351231 0.0451066701459
2.8 0.014092 14.3957912114 0.0439498195097
2.8 0.014634 13.941052692 0.0422951790958
2.8 0.015176 13.5985133252 0.0413315913835
2.8 0.015718 13.180624517 0.0398031325466
2.8 0.01626 12.7787718855 0.0385141228561
2.8 0.016802 12.4707706144 0.0375303493306
2.8 0.017344 12.1458330209 0.0363729064295
2.8 0.017886 11.8512392769 0.0352789559956
2.8 0.018428 11.5915193693 0.0342941085111
2.8 0.01897 11.2711430591 0.0332797004768
2.8 0.019512 10.9651070286 0.0322795317619
3.0 0.001084 44.2951373891 0.152286515221
3.0 0.001626 41.0139855826 0.141205538618
3.0 0.002168 39.2850014346 0.135760842915
3.0 0.00271 37.5184678663 0.126698111216
3.0 0.003252 34.7999475623 0.116022713983
3.0 0.003794 34.0512286951 0.112927540453
3.0 0.004336 32.139428654 0.106712317861
3.0 0.004878 30.7063474143 0.101233659331
3.0 0.00542 29.6597195322 0.09699942891
3.0 0.005962 28.1926837363 0.0915011938237
3.0 0.006504 26.8706964668 0.0863650140624
3.0 0.007046 26.4300983352 0.0850085445638
3.0 0.007588 25.3342598959 0.081211002864
3.0 0.00813 24.4584960873 0.0778575805886
3.0 0.008672 23.5947461581 0.0747772854091
3.0 0.009214 22.8813819938 0.0717221681862
3.0 0.009756 22.0189193562 0.068893418557
3.0 0.010298 21.3725684607 0.0665357601981
3.0 0.01084 20.7851518159 0.0642738302409
3.0 0.011382 20.0039612621 0.0615808291715
3.0 0.011924 19.4109089319 0.0594215035856
3.0 0.012466 18.8807466008 0.0578341318521
3.0 0.013008 18.3258326785 0.0557815711043
3.0 0.01355 17.8421728612 0.0538611193167
3.0 0.014092 17.2682440134 0.0521136183032
3.0 0.014634 16.7436323632 0.0503017340852
3.0 0.015176 16.3331979832 0.0490023843951
3.0 0.015718 15.8355384853 0.04729237954
3.0 0.01626 15.4216070943 0.0460664912202
3.0 0.016802 15.0394107251 0.0444612398526
3.0 0.017344 14.6829346144 0.0430895328576
3.0 0.017886 14.4005109613 0.0420807411709
3.0 0.018428 13.9881192314 0.0407036954232
3.0 0.01897 13.5845040249 0.0394428169618
3.0 0.019512 13.2823483964 0.0382791704225
3.2 0.001084 53.4541902475 0.185742958941
3.2 0.001626 49.5244200916 0.172688589385
3.2 0.002168 47.1676289997 0.165487880953
3.2 0.00271 44.8916652517 0.15272492112
3.2 0.003252 41.4721427341 0.139428108389
3.2 0.003794 40.9103509345 0.13688406224
3.2 0.004336 38.1641429598 0.127915320858
3.2 0.004878 36.6758649997 0.121736596471
3.2 0.00542 35.3159777059 0.115867499701
3.2 0.005962 33.4104951233 0.109243411011
3.2 0.006504 31.8326272293 0.102665207883
3.2 0.007046 31.647874447 0.102371837507
3.2 0.007588 29.8322452129 0.0957410019037
3.2 0.00813 29.1431556743 0.092782249163
3.2 0.008672 27.8849925421 0.0884007301844
3.2 0.009214 27.2832139106 0.0856347361398
3.2 0.009756 26.0262373237 0.0813318296397
3.2 0.010298 25.4645635444 0.0788132274024
3.2 0.01084 24.5895037986 0.0760943735778
3.2 0.011382 23.5344572766 0.0721762585827
3.2 0.011924 23.1238972505 0.0706488127255
3.2 0.012466 22.3248894484 0.0683655191227
3.2 0.013008 21.8125317993 0.0654001521174
3.2 0.01355 21.181230296 0.0641596077856
3.2 0.014092 20.3995393963 0.0609452015306
3.2 0.014634 19.9430026054 0.0598769813002
3.2 0.015176 19.3167008829 0.0574876733797
3.2 0.015718 18.8390863056 0.0561176891511
3.2 0.01626 18.4365960298 0.0544522000367
3.2 0.016802 17.914636468 0.05232688331
3.2 0.017344 17.6306427073 0.0511078686772
3.2 0.017886 17.1178868437 0.0493857123974
3.2 0.018428 16.5922522962 0.0477649854242
3.2 0.01897 16.2695332017 0.0467230529374
3.2 0.019512 15.7490706545 0.0449544295839
3.4 0.001084 64.5445215931 0.227158875547
3.4 0.001626 59.7340851596 0.211331853973
3.4 0.002168 56.4841228395 0.200144667939
3.4 0.00271 53.3931616256 0.183398320809
3.4 0.003252 49.812590656 0.169066121331
3.4 0.003794 48.6102382735 0.16456365534
3.4 0.004336 45.5337292136 0.153985474969
3.4 0.004878 43.7793054281 0.146416484975
3.4 0.00542 41.7859812669 0.138084561414
3.4 0.005962 39.5486594133 0.130306179259
3.4 0.006504 38.0067641402 0.124139099445
3.4 0.007046 37.2366663626 0.121305145308
3.4 0.007588 35.3908809385 0.114016072815
3.4 0.00813 34.3610253505 0.109930349376
3.4 0.008672 33.1303533009 0.105630961354
3.4 0.009214 32.1674932473 0.101590761361
3.4 0.009756 30.9272848473 0.0966777367872
3.4 0.010298 30.0387482492 0.0935840188509
3.4 0.01084 28.882379469 0.0895497545801
3.4 0.011382 27.9139454388 0.0857434576124
3.4 0.011924 27.2521962129 0.0834567648409
3.4 0.012466 26.4411476846 0.0803924243538
3.4 0.013008 25.7971841216 0.0780554060071
3.4 0.01355 24.9755831016 0.0751514925401
3.4 0.014092 24.20601961 0.0723858908181
3.4 0.014634 23.5126780707 0.0702213758513
3.4 0.015176 22.909202792 0.0680418709708
3.4 0.015718 22.4313598716 0.0662284593364
3.4 0.01626 21.8429471801 0.0638976032097
3.4 0.016802 21.3383851896 0.0617563586274
3.4 0.017344 20.82064009 0.0601091408785
3.4 0.017886 20.2275706337 0.058133200858
3.4 0.018428 19.782594008 0.0568403006178
3.4 0.01897 19.1499759159 0.0545858721746
3.4 0.019512 18.7472195291 0.0532850349297
3.6 0.001084 77.8651538634 0.277660791626
3.6 0.001626 71.9040264961 0.258397624555
3.6 0.002168 67.4960568946 0.241741050132
3.6 0.00271 63.5895526536 0.221421673838
3.6 0.003252 59.8082407683 0.2055081736
3.6 0.003794 57.7476449332 0.197957256951
3.6 0.004336 54.3892862419 0.185835875093
3.6 0.004878 52.1612006514 0.176223576353
3.6 0.00542 49.4723455752 0.16562134683
3.6 0.005962 46.8659240269 0.156133668973
3.6 0.006504 45.3632905523 0.150231198852
3.6 0.007046 43.7061918976 0.143615611921
3.6 0.007588 41.9725956393 0.136188884436
3.6 0.00813 40.5348263622 0.131010643924
3.6 0.008672 39.3302138948 0.12672324054
3.6 0.009214 37.954556056 0.120494558798
3.6 0.009756 36.6210814542 0.115405989724
3.6 0.010298 35.4980901535 0.111578162123
3.6 0.01084 33.8586342856 0.105434666187
3.6 0.011382 33.2410927237 0.102214394452
3.6 0.011924 32.0739136672 0.0987879834958
3.6 0.012466 31.3478742014 0.0955284794378
3.6 0.013008 30.553238547 0.0930604819866
3.6 0.01355 29.5097551177 0.0884631046509
3.6 0.014092 28.6198480659 0.0860061571663
3.6 0.014634 27.8202530258 0.0827181324084
3.6 0.015176 27.2340929417 0.0807152736657
3.6 0.015718 26.5960812561 0.0780445488715
3.6 0.01626 25.8358381049 0.075031354651
3.6 0.016802 25.2296042883 0.0728569496164
3.6 0.017344 24.6092336205 0.0712172949533
3.6 0.017886 23.994686735 0.068897969885
3.6 0.018428 23.3300303521 0.0667211448524
3.6 0.01897 22.6473486248 0.0643477903555
3.6 0.019512 22.1700002936 0.0627475651013
3.8 0.001084 93.3845856157 0.339722311821
3.8 0.001626 86.1231385569 0.316292670554
3.8 0.002168 80.4508425061 0.293249591599
3.8 0.00271 75.6702861187 0.268544404245
3.8 0.003252 71.6480248468 0.250467368474
3.8 0.003794 68.6970243534 0.239248420535
3.8 0.004336 65.071683249 0.22520381527
3.8 0.004878 62.1433593541 0.212546730608
3.8 0.00542 58.7770049782 0.199827057418
3.8 0.005962 55.6986995464 0.18784580178
3.8 0.006504 54.2376147356 0.182072329648
3.8 0.007046 51.5021123463 0.170755078241
3.8 0.007588 49.9512230246 0.163600811616
3.8 0.00813 47.9945797419 0.1574801904
3.8 0.008672 46.8440627479 0.152625458318
3.8 0.009214 45.0624144356 0.144010581486
3.8 0.009756 43.3467330106 0.137982055347
3.8 0.010298 42.0305625304 0.133050978415
3.8 0.01084 40.2130951862 0.12606091361
3.8 0.011382 39.3963913969 0.121792021913
3.8 0.011924 38.0921584311 0.117941683307
3.8 0.012466 37.2368465169 0.114422365036
3.8 0.013008 36.2071363671 0.110007401947
3.8 0.01355 34.983420951 0.105766600612
3.8 0.014092 33.9332532547 0.102009982582
3.8 0.014634 33.1010369559 0.0989300330617
3.8 0.015176 32.3148895827 0.0958187798411
3.8 0.015718 31.4603117915 0.092195428306
3.8 0.01626 30.6071557628 0.0886331794633
3.8 0.016802 29.9354588461 0.0874285732812
3.8 0.017344 29.1633888392 0.0841665996172
3.8 0.017886 28.4511263708 0.0817410925241
3.8 0.018428 27.4316949443 0.0784028273312
3.8 0.01897 26.9290749509 0.0768467095718
3.8 0.019512 26.2604284655 0.0739869368303
4.0 0.001084 113.175669886 0.417078925102
4.0 0.001626 104.174550618 0.387791623467
4.0 0.002168 97.0539900159 0.35710686571
4.0 0.00271 91.0634293241 0.327036874913
4.0 0.003252 86.5407487959 0.30652992224
4.0 0.003794 82.3350214968 0.290573485999
4.0 0.004336 78.3146429961 0.274526005078
4.0 0.004878 74.3467898301 0.257429233054
4.0 0.00542 70.1221305649 0.24206117715
4.0 0.005962 66.6089672028 0.22730539044
4.0 0.006504 65.0956994191 0.221459819774
4.0 0.007046 61.2864774783 0.204930650489
4.0 0.007588 59.6597639944 0.197862464429
4.0 0.00813 57.5275024983 0.190846855802
4.0 0.008672 55.9579651741 0.183254695895
4.0 0.009214 53.758075483 0.1734986359
4.0 0.009756 51.9174301182 0.166463900228
4.0 0.010298 49.8235797967 0.159133166885
4.0 0.01084 48.3320201727 0.15187583134
4.0 0.011382 46.7916434863 0.146527038841
4.0 0.011924 45.5738244119 0.142673032181
4.0 0.012466 44.504338456 0.136991432023
4.0 0.013008 43.2362132148 0.131824771482
4.0 0.01355 41.5806001369 0.126726886747
4.0 0.014092 40.5776703498 0.122394974059
4.0 0.014634 39.5499521429 0.118535936406
4.0 0.015176 38.518154597 0.114283898395
4.0 0.015718 37.4917068298 0.109920191643
4.0 0.01626 36.5276616925 0.106919159799
4.0 0.016802 35.6550446317 0.104024978061
4.0 0.017344 34.772375509 0.10060575864
4.0 0.017886 33.666525265 0.0968723126887
4.0 0.018428 32.8708672399 0.0944218212952
4.0 0.01897 32.190851793 0.091004377243
4.0 0.019512 31.1091483021 0.0875652544816
4.2 0.001084 136.067766987 0.514224190196
4.2 0.001626 125.062066594 0.476609304323
4.2 0.002168 116.326705839 0.437154987089
4.2 0.00271 109.077309461 0.400032611528
4.2 0.003252 104.05646225 0.376092201036
4.2 0.003794 98.4054135591 0.353880213561
4.2 0.004336 94.2258035968 0.335855449391
4.2 0.004878 88.8972520672 0.313028777497
4.2 0.00542 83.6824516923 0.293911865697
4.2 0.005962 80.1019695148 0.277854383382
4.2 0.006504 77.4519781145 0.266814698934
4.2 0.007046 73.5881390358 0.24932614635
4.2 0.007588 71.342524838 0.240225831675
4.2 0.00813 69.1427865891 0.231464341014
4.2 0.008672 67.0415099244 0.221335033423
4.2 0.009214 64.1604282346 0.209173852717
4.2 0.009756 62.4969457413 0.202829718868
4.2 0.010298 59.1828193162 0.191255481817
4.2 0.01084 58.0922114654 0.183545119075
4.2 0.011382 56.0033486851 0.178158206689
4.2 0.011924 54.564964032 0.172200429531
4.2 0.012466 53.2703206449 0.165263746935
4.2 0.013008 51.5243944682 0.159164487903
4.2 0.01355 49.8661201121 0.152877452234
4.2 0.014092 48.6370207723 0.147587023689
4.2 0.014634 47.3419643196 0.142590001441
4.2 0.015176 46.1349381683 0.136835359042
4.2 0.015718 44.7686464183 0.132442445511
4.2 0.01626 43.7344567012 0.129107797262
4.2 0.016802 42.6227273857 0.124314103633
4.2 0.017344 41.4874592691 0.120345516666
4.2 0.017886 40.2951585727 0.116307281837
4.2 0.018428 39.3998058014 0.112528405463
4.2 0.01897 38.3369924706 0.108658243152
4.2 0.019512 37.5371745398 0.105069827424
4.4 0.001084 164.047887271 0.634186287575
4.4 0.001626 150.679515038 0.585572195472
4.4 0.002168 140.085702884 0.536293594273
4.4 0.00271 131.265829417 0.49016576934
4.4 0.003252 125.586057534 0.462439534627
4.4 0.003794 118.019484537 0.432230445005
4.4 0.004336 113.752295009 0.412042020072
4.4 0.004878 106.560755117 0.382071005316
4.4 0.00542 100.537424111 0.358084826424
4.4 0.005962 96.6979793702 0.341091605175
4.4 0.006504 92.6634051688 0.323370368967
4.4 0.007046 88.7727349548 0.304524700326
4.4 0.007588 85.8894199262 0.293019736345
4.4 0.00813 83.4886610536 0.281485708102
4.4 0.008672 80.6731113239 0.268945107589
4.4 0.009214 77.0350857882 0.25364407195
4.4 0.009756 74.9582504294 0.24669799936
4.4 0.010298 71.483801488 0.232056511267
4.4 0.01084 69.5976288358 0.224143659867
4.4 0.011382 67.288208684 0.216787241893
4.4 0.011924 65.6245992207 0.207991883363
4.4 0.012466 64.1053931413 0.20044887005
4.4 0.013008 61.5342616068 0.192918709928
4.4 0.01355 60.020388211 0.184343483517
4.4 0.014092 58.5323370287 0.178749731265
4.4 0.014634 56.9370097886 0.171755733091
4.4 0.015176 55.4929041096 0.165745967913
4.4 0.015718 53.9632191448 0.160900259892
4.4 0.01626 52.5655598745 0.154806299612
4.4 0.016802 51.2437596091 0.149953838885
4.4 0.017344 49.8426577181 0.145105390469
4.4 0.017886 48.4745653029 0.139873598632
4.4 0.018428 47.2942397809 0.135017335434
4.4 0.01897 46.0620021773 0.130663151667
4.4 0.019512 45.0110971499 0.126261577907
4.6 0.001084 196.509044434 0.780792268438
4.6 0.001626 180.44255388 0.718126623922
4.6 0.002168 167.913802919 0.657131678927
4.6 0.00271 157.444309511 0.600037948022
4.6 0.003252 151.210344757 0.568523520754
4.6 0.003794 141.543385591 0.528528321001
4.6 0.004336 136.593528271 0.503789576987
4.6 0.004878 127.723143924 0.466626361461
4.6 0.00542 120.815976962 0.437205861113
4.6 0.005962 116.572976843 0.418890938486
4.6 0.006504 110.883318851 0.392327963928
4.6 0.007046 107.143989757 0.372653525425
4.6 0.007588 103.579230357 0.358072178182
4.6 0.00813 100.632801068 0.342168940282
4.6 0.008672 96.8286727343 0.326134897458
4.6 0.009214 93.1911783669 0.311767832426
4.6 0.009756 89.5619485032 0.298139735223
4.6 0.010298 86.3456114573 0.282191320663
4.6 0.01084 83.7189403418 0.275053160284
4.6 0.011382 80.8275302217 0.261965409168
4.6 0.011924 79.1909729772 0.252299345317
4.6 0.012466 76.9592416953 0.243566657155
4.6 0.013008 74.1774840864 0.233077575479
4.6 0.01355 72.4345579464 0.224604981128
4.6 0.014092 70.3888023955 0.216169998533
4.6 0.014634 68.6988688553 0.207883468691
4.6 0.015176 66.9580720026 0.201357410634
4.6 0.015718 64.8565673906 0.194328464138
4.6 0.01626 63.2668221473 0.186650526085
4.6 0.016802 61.7052409806 0.181501829111
4.6 0.017344 60.0290309706 0.17522333873
4.6 0.017886 58.3102144921 0.168518920917
4.6 0.018428 56.9588609123 0.163684830211
4.6 0.01897 55.3377139833 0.156216779326
4.6 0.019512 54.3394711251 0.152673917811
