2.2 0.184924702397 15541.6567922 1.34564627855
2.4 0.231425921518 15892.072293 1.33950887457
2.6 0.285929695332 15616.9177091 1.33305533504
2.8 0.349252333224 15028.8175077 1.33005767
3.0 0.422242531447 13938.9083478 1.32340773827
3.2 0.505780851386 12819.4232251 1.31763383123
3.4 0.600779232412 11717.9027858 1.30599271057
3.6 0.708180535481 10689.0443141 1.29643596161
3.8 0.828958114192 9764.25166968 1.28263578373
4.0 0.9641154105 9134.5958413 1.27271141871
4.2 1.1146855727 8690.67947241 1.26263843595
4.4 1.28173109358 8381.02200371 1.25504248139
4.6 1.46634346696 7926.64795465 1.2504117248
