2.2 0.001084 40.8162498006 0.139478616595
2.2 0.001626 37.6570833116 0.128778967942
2.2 0.002168 35.7174015727 0.121278651275
2.2 0.00271 34.5319966271 0.116422076937
2.2 0.003252 32.9938651755 0.11033287299
2.2 0.003794 31.0441113274 0.102822233599
2.2 0.004336 29.791324639 0.0986498702838
2.2 0.004878 28.5648890399 0.0945682566631
2.2 0.00542 27.1827673443 0.0887189653107
2.2 0.005962 25.9721699342 0.0850091901971
2.2 0.006504 24.960861059 0.0815957866685
2.2 0.007046 23.7763770319 0.0773249316225
2.2 0.007588 22.6454944537 0.0731859547485
2.2 0.00813 21.7250533707 0.0701040739686
2.2 0.008672 20.8711874535 0.0676870813993
2.2 0.009214 20.2431145647 0.065277503986
2.2 0.009756 19.3700075336 0.0616703770394
2.2 0.010298 18.9416667465 0.0602943140273
2.2 0.01084 18.1071992572 0.0574305606501
2.2 0.011382 17.498362245 0.0554773693389
2.2 0.011924 16.9188611855 0.0535662678479
2.2 0.012466 16.3717559233 0.0517080473182
2.2 0.013008 15.8090298561 0.0499323166418
2.2 0.01355 15.1308322149 0.0478629386551
2.2 0.014092 14.7681742619 0.0464854173159
2.2 0.014634 14.2060361809 0.0444502084422
2.2 0.015176 13.7319150381 0.0430087020524
2.2 0.015718 13.363222351 0.0416047334425
2.2 0.01626 13.0002861824 0.0402531186756
2.2 0.016802 12.7313745924 0.0393551026779
2.2 0.017344 12.3548011357 0.0380791384008
2.2 0.017886 11.8593472525 0.0364184852751
2.2 0.018428 11.5357072136 0.0354960655431
2.2 0.01897 11.2193186363 0.0343861297074
2.2 0.019512 10.834526463 0.0333262022235
2.4 0.001084 52.6898850013 0.17909191849
2.4 0.001626 48.4880283985 0.165904850788
2.4 0.002168 46.0129300909 0.156425258381
2.4 0.00271 44.2950664831 0.149112949116
2.4 0.003252 42.0341027934 0.14003035565
2.4 0.003794 39.7533439329 0.13136251107
2.4 0.004336 38.1899350074 0.1258339975
2.4 0.004878 36.39574862 0.119160084017
2.4 0.00542 34.6088614088 0.112364314559
2.4 0.005962 33.199339743 0.108244787013
2.4 0.006504 31.7263214608 0.103027076204
2.4 0.007046 30.1169858032 0.0971428610194
2.4 0.007588 28.8736725676 0.0929257190981
2.4 0.00813 27.6665383158 0.0889142571745
2.4 0.008672 26.7923972781 0.085847854396
2.4 0.009214 25.8569675699 0.0823339252015
2.4 0.009756 24.9058025342 0.0787850307235
2.4 0.010298 24.0846802618 0.0759155349398
2.4 0.01084 22.9982732644 0.0722587910921
2.4 0.011382 22.341406155 0.0700604054923
2.4 0.011924 21.5929746833 0.0673955181011
2.4 0.012466 20.9549328803 0.0650793178631
2.4 0.013008 20.0104483751 0.0619411432704
2.4 0.01355 19.5031979056 0.0602420772925
2.4 0.014092 18.8345917332 0.0579581814951
2.4 0.014634 18.1434798697 0.0557466925938
2.4 0.015176 17.589353574 0.0538832671626
2.4 0.015718 17.0897576694 0.0520596977328
2.4 0.01626 16.6233458009 0.0504688008737
2.4 0.016802 16.2113129643 0.049185100707
2.4 0.017344 15.5703915533 0.0470414677745
2.4 0.017886 15.1068408783 0.0455247367825
2.4 0.018428 14.7509805765 0.0442291177711
2.4 0.01897 14.3013192595 0.0428595359539
2.4 0.019512 13.8805512498 0.0412722659663
2.6 0.001084 66.5417489231 0.225414429435
2.6 0.001626 61.2193920813 0.209813458398
2.6 0.002168 58.1844856999 0.197908656904
2.6 0.00271 55.7111670719 0.187187388426
2.6 0.003252 52.5143559496 0.174336855411
2.6 0.003794 49.9645764582 0.164650606673
2.6 0.004336 47.8188137778 0.157090349043
2.6 0.004878 45.3990284643 0.148366621652
2.6 0.00542 43.312116427 0.140841934825
2.6 0.005962 41.432577981 0.134862037199
2.6 0.006504 39.353729508 0.127647071695
2.6 0.007046 37.3612450443 0.120140374443
2.6 0.007588 36.1246404628 0.116301457581
2.6 0.00813 34.4590548632 0.110039795657
2.6 0.008672 33.6989498762 0.107441774617
2.6 0.009214 32.0909597126 0.10148333478
2.6 0.009756 31.1736985971 0.0976238587704
2.6 0.010298 29.7764336759 0.0934189102475
2.6 0.01084 28.8401663319 0.0900289432566
2.6 0.011382 27.9100728868 0.0866190797751
2.6 0.011924 26.9529245786 0.0833148507376
2.6 0.012466 26.0155928346 0.0798667887249
2.6 0.013008 25.1474768104 0.0767697172613
2.6 0.01355 24.392693534 0.0742953370145
2.6 0.014092 23.4703446904 0.07110962589
2.6 0.014634 22.6903576057 0.0687240420961
2.6 0.015176 22.0749416032 0.066204461655
2.6 0.015718 21.4857251419 0.0641720198282
2.6 0.01626 20.9033366836 0.0624702222139
2.6 0.016802 20.2019212066 0.0603088697426
2.6 0.017344 19.5456995796 0.0580080641205
2.6 0.017886 19.0637848354 0.0560466169284
2.6 0.018428 18.5253247612 0.0543884746662
2.6 0.01897 17.9787642102 0.0524058474596
2.6 0.019512 17.3796049532 0.05045415166
2.8 0.001084 82.5794804596 0.282535575847
2.8 0.001626 75.901900048 0.262922710218
2.8 0.002168 72.0153461681 0.24802158163
2.8 0.00271 68.7650650689 0.232669192589
2.8 0.003252 64.6152749947 0.215719554542
2.8 0.003794 61.9460686378 0.205506628131
2.8 0.004336 58.9206810034 0.194718726364
2.8 0.004878 55.8323766567 0.1829526876
2.8 0.00542 53.3039924401 0.17410268917
2.8 0.005962 50.7416250413 0.165777874327
2.8 0.006504 48.0499989647 0.155937195849
2.8 0.007046 46.0409320237 0.148754519617
2.8 0.007588 44.3906718007 0.143406763498
2.8 0.00813 42.5832754563 0.136551241365
2.8 0.008672 41.330522358 0.131781418718
2.8 0.009214 39.4853122949 0.124514042262
2.8 0.009756 38.3517949592 0.119651963913
2.8 0.010298 36.4965619229 0.114288454482
2.8 0.01084 35.7669951621 0.110371445177
2.8 0.011382 34.2874174195 0.105961375326
2.8 0.011924 33.3215349013 0.102238224042
2.8 0.012466 32.0293670707 0.0974048701735
2.8 0.013008 31.0602505345 0.0942566288786
2.8 0.01355 29.9930784367 0.0905923583168
2.8 0.014092 28.9197604681 0.0870668768678
2.8 0.014634 28.1193805314 0.0839507550916
2.8 0.015176 27.395869082 0.0812155546034
2.8 0.015718 26.6074636363 0.0789993761038
2.8 0.01626 25.7485990405 0.0759762289605
2.8 0.016802 25.0021693572 0.0732579935925
2.8 0.017344 24.3129655391 0.0707525933037
2.8 0.017886 23.6354318383 0.0684890021358
2.8 0.018428 22.9828068074 0.066290746265
2.8 0.01897 22.2081948192 0.0637638714491
2.8 0.019512 21.4904275709 0.0616565757265
3.0 0.001084 101.17589494 0.35302580972
3.0 0.001626 93.0878162565 0.327956200061
3.0 0.002168 88.0828839026 0.309005475827
3.0 0.00271 83.9076532845 0.287232706492
3.0 0.003252 78.5803091043 0.265498158559
3.0 0.003794 75.9454270976 0.255407920699
3.0 0.004336 71.6356638281 0.239624772127
3.0 0.004878 67.9385166504 0.224721536584
3.0 0.00542 64.950326493 0.214747991343
3.0 0.005962 61.4386099819 0.202802059408
3.0 0.006504 58.1759466516 0.189787399058
3.0 0.007046 56.3397372929 0.184220546333
3.0 0.007588 53.8992862645 0.175216878291
3.0 0.00813 52.2095155322 0.168226239904
3.0 0.008672 50.0893713084 0.160161211094
3.0 0.009214 48.4297597704 0.152638497047
3.0 0.009756 46.4118531765 0.145999311993
3.0 0.010298 44.8125672121 0.140085299312
3.0 0.01084 43.3774271652 0.134853338348
3.0 0.011382 41.8813050384 0.129501731131
3.0 0.011924 40.5648653831 0.123802325756
3.0 0.012466 39.2727309866 0.119213557591
3.0 0.013008 38.1251414198 0.115009195346
3.0 0.01355 36.8520348935 0.109998912496
3.0 0.014092 35.6187313569 0.10576350101
3.0 0.014634 34.5693897938 0.102218027708
3.0 0.015176 33.6201209853 0.0993147691386
3.0 0.015718 32.5742306924 0.0956267681993
3.0 0.01626 31.5147262821 0.0917332766781
3.0 0.016802 30.7064039063 0.0892979500973
3.0 0.017344 29.7930684539 0.0861857974086
3.0 0.017886 29.0181102379 0.0832670021076
3.0 0.018428 28.1862100352 0.0803151779265
3.0 0.01897 27.0999858029 0.0772534015123
3.0 0.019512 26.5926927784 0.0752237184021
3.2 0.001084 123.297814843 0.44188482076
3.2 0.001626 113.525755653 0.409410108688
3.2 0.002168 107.152100631 0.385560113122
3.2 0.00271 101.866267176 0.355033999465
3.2 0.003252 95.0161318837 0.32724388484
3.2 0.003794 92.4717466217 0.318168033872
3.2 0.004336 86.41059133 0.295066065037
3.2 0.004878 82.4376323353 0.277630220045
3.2 0.00542 78.6412109513 0.265728696299
3.2 0.005962 74.1528247093 0.248067136511
3.2 0.006504 70.3163122002 0.231447410718
3.2 0.007046 68.8649963835 0.228822627864
3.2 0.007588 65.1235067715 0.213009705034
3.2 0.00813 63.6263775152 0.206963173836
3.2 0.008672 60.4664659992 0.195032575694
3.2 0.009214 59.3394408281 0.188060425968
3.2 0.009756 56.0827176558 0.17880516845
3.2 0.010298 54.8360229872 0.172461922103
3.2 0.01084 52.5472535453 0.164611824228
3.2 0.011382 50.9635662719 0.157170781206
3.2 0.011924 49.3493925234 0.150639059333
3.2 0.012466 48.021455291 0.147375844333
3.2 0.013008 46.64345454 0.139617381356
3.2 0.01355 44.9542533851 0.134065580659
3.2 0.014092 43.4819916641 0.128909671131
3.2 0.014634 42.3423382059 0.125539720746
3.2 0.015176 41.1579626579 0.121282941665
3.2 0.015718 39.5296899148 0.11511377542
3.2 0.01626 38.5187172916 0.112501606435
3.2 0.016802 37.3571312918 0.10923752433
3.2 0.017344 36.4150372269 0.105449780348
3.2 0.017886 35.5057417121 0.101409235871
3.2 0.018428 34.11401474 0.0975661237605
3.2 0.01897 33.3274787632 0.0938666792139
3.2 0.019512 32.9639997909 0.0929956236476
3.4 0.001084 150.818258212 0.555702968684
3.4 0.001626 138.882291121 0.513891264752
3.4 0.002168 130.622049611 0.481462245715
3.4 0.00271 123.879496147 0.440960820269
3.4 0.003252 116.146597176 0.409524946295
3.4 0.003794 112.544589541 0.395351883773
3.4 0.004336 105.343228817 0.366971786856
3.4 0.004878 100.651624624 0.347680795777
3.4 0.00542 95.4053852987 0.328737490298
3.4 0.005962 90.0373277234 0.306178357144
3.4 0.006504 85.9187495907 0.289419044844
3.4 0.007046 83.4940500607 0.281110698435
3.4 0.007588 79.6601492513 0.264085806672
3.4 0.00813 77.2914288196 0.254249060462
3.4 0.008672 74.2076785581 0.241122869378
3.4 0.009214 72.1176312056 0.232303529195
3.4 0.009756 68.8275533335 0.22106115658
3.4 0.010298 66.6495642338 0.212306840545
3.4 0.01084 64.2036350484 0.202081385324
3.4 0.011382 62.2459832823 0.193292494181
3.4 0.011924 60.5437032679 0.187494828344
3.4 0.012466 58.9578329968 0.180523421441
3.4 0.013008 57.077534445 0.172228379306
3.4 0.01355 55.0299373483 0.165145200081
3.4 0.014092 53.4083289442 0.159510550371
3.4 0.014634 51.9148463975 0.154129911439
3.4 0.015176 50.0707479618 0.147822663068
3.4 0.015718 48.4003932106 0.142353847268
3.4 0.01626 47.081902134 0.138562600948
3.4 0.016802 45.9675585351 0.134383364545
3.4 0.017344 44.8023834772 0.129324833178
3.4 0.017886 43.2266934186 0.1239186928
3.4 0.018428 42.0157223607 0.11897921409
3.4 0.01897 41.3611198121 0.116734519579
3.4 0.019512 40.4364007614 0.113402018437
3.6 0.001084 185.100880116 0.700785916579
3.6 0.001626 170.397142214 0.648459081458
3.6 0.002168 159.73743448 0.603008068718
3.6 0.00271 151.271681305 0.552463026309
3.6 0.003252 142.627160476 0.516647511844
3.6 0.003794 137.237242829 0.494084818691
3.6 0.004336 129.01649718 0.460328085428
3.6 0.004878 123.135307352 0.436107284059
3.6 0.00542 116.282900805 0.408522835367
3.6 0.005962 109.819926309 0.381143107761
3.6 0.006504 105.658683359 0.364307697369
3.6 0.007046 101.651223733 0.347125808746
3.6 0.007588 98.0900055088 0.330363319501
3.6 0.00813 94.1675288783 0.313747497666
3.6 0.008672 91.6191825778 0.302116372401
3.6 0.009214 87.9556021754 0.287727074779
3.6 0.009756 84.5357759099 0.275139500393
3.6 0.010298 81.4091990405 0.262933137861
3.6 0.01084 78.5185126585 0.249809758344
3.6 0.011382 76.4907412167 0.241712406382
3.6 0.011924 74.3498017532 0.233560688872
3.6 0.012466 72.6929881926 0.223118396137
3.6 0.013008 69.7898019683 0.213757650573
3.6 0.01355 67.7022485593 0.205333020521
3.6 0.014092 65.679985775 0.19810575298
3.6 0.014634 63.7021187205 0.190077265214
3.6 0.015176 61.384073153 0.182883955885
3.6 0.015718 59.6687178035 0.176964022044
3.6 0.01626 58.1755344852 0.17203134194
3.6 0.016802 56.9302535302 0.165785052285
3.6 0.017344 55.0255437571 0.158980051051
3.6 0.017886 53.2402815223 0.152082159564
3.6 0.018428 52.2256295854 0.147897122928
3.6 0.01897 51.0445260885 0.14411564414
3.6 0.019512 49.7080244274 0.139077583277
3.8 0.001084 226.485644009 0.889129605523
3.8 0.001626 208.511490437 0.822261070434
3.8 0.002168 195.03066663 0.759075247853
3.8 0.00271 184.916989971 0.696756999837
3.8 0.003252 175.689606134 0.656094416141
3.8 0.003794 168.051067573 0.621780264023
3.8 0.004336 158.910495009 0.581411770183
3.8 0.004878 151.333601888 0.548308570218
3.8 0.00542 142.427124556 0.511491611232
3.8 0.005962 134.774307593 0.479190781989
3.8 0.006504 130.423677257 0.461065580782
3.8 0.007046 124.38514349 0.432269287322
3.8 0.007588 121.221498156 0.415213235918
3.8 0.00813 115.270195288 0.391100792429
3.8 0.008672 113.715453803 0.382570607661
3.8 0.009214 108.293381739 0.360792173896
3.8 0.009756 103.987492929 0.345148734866
3.8 0.010298 100.282533837 0.328803806704
3.8 0.01084 96.8668531065 0.313756770904
3.8 0.011382 94.5425008791 0.303444908044
3.8 0.011924 92.0609768207 0.291361157363
3.8 0.012466 89.5447404613 0.279248362877
3.8 0.013008 86.4033068411 0.267656518089
3.8 0.01355 83.6833719086 0.256840079391
3.8 0.014092 81.185076611 0.246882111543
3.8 0.014634 78.6692621581 0.237592510484
3.8 0.015176 76.2065166462 0.228891371485
3.8 0.015718 73.9872799533 0.221688486221
3.8 0.01626 72.4139344527 0.213431101437
3.8 0.016802 70.3660493008 0.205888723486
3.8 0.017344 67.6852164452 0.195466896937
3.8 0.017886 66.6198337689 0.190823403873
3.8 0.018428 64.6899597899 0.18392465475
3.8 0.01897 63.2949393507 0.179369092683
3.8 0.019512 61.6815015209 0.172297928433
4.0 0.001084 280.341904316 1.1349449805
4.0 0.001626 258.172381199 1.04776261027
4.0 0.002168 241.323050656 0.961531986091
4.0 0.00271 228.656436342 0.886311258944
4.0 0.003252 218.302930354 0.838688978437
4.0 0.003794 207.48706705 0.788644378158
4.0 0.004336 197.251762154 0.741169632238
4.0 0.004878 187.19789481 0.694728136262
4.0 0.00542 175.743924012 0.647620051002
4.0 0.005962 167.037031803 0.609037651271
4.0 0.006504 161.89914016 0.587576024515
4.0 0.007046 154.087367005 0.546518563884
4.0 0.007588 150.285254157 0.525992599411
4.0 0.00813 143.999458164 0.499603612913
4.0 0.008672 140.672663534 0.483782394062
4.0 0.009214 134.294832337 0.458296621593
4.0 0.009756 129.138958783 0.437451007951
4.0 0.010298 124.320794486 0.415601609312
4.0 0.01084 120.786414827 0.398068900567
4.0 0.011382 117.425051921 0.383016282336
4.0 0.011924 114.98867041 0.368249293704
4.0 0.012466 111.029596586 0.353413923283
4.0 0.013008 107.777463954 0.337454330275
4.0 0.01355 104.172675798 0.323432821519
4.0 0.014092 101.226415061 0.311141453204
4.0 0.014634 98.2287522806 0.300200759202
4.0 0.015176 95.0776670172 0.288239648941
4.0 0.015718 92.5220867903 0.278295080569
4.0 0.01626 90.1798587256 0.268292009311
4.0 0.016802 87.339365182 0.256993012175
4.0 0.017344 85.4757506313 0.248590106519
4.0 0.017886 82.9195890258 0.238815484598
4.0 0.018428 81.0240994326 0.232697849297
4.0 0.01897 79.1992531636 0.223483092758
4.0 0.019512 76.7518189469 0.214755147156
4.2 0.001084 345.426363165 1.46173579879
4.2 0.001626 318.314178011 1.34641978223
4.2 0.002168 297.521664447 1.23041053249
4.2 0.00271 282.535910579 1.1389664266
4.2 0.003252 270.990410489 1.08044340745
4.2 0.003794 256.677797518 1.00819191492
4.2 0.004336 245.701313867 0.952690516984
4.2 0.004878 232.470388446 0.887504132998
4.2 0.00542 217.90114875 0.826834715393
4.2 0.005962 208.646594441 0.783288072207
4.2 0.006504 200.932203914 0.749462824013
4.2 0.007046 192.763986885 0.702849966558
4.2 0.007588 186.619648789 0.671826318008
4.2 0.00813 180.793018957 0.644392338732
4.2 0.008672 175.009065575 0.618728878327
4.2 0.009214 167.126500391 0.585349463703
4.2 0.009756 161.683847691 0.560906731873
4.2 0.010298 155.106438169 0.5289056775
4.2 0.01084 151.535546285 0.507718422674
4.2 0.011382 147.034298133 0.487659401676
4.2 0.011924 143.766117304 0.470482659088
4.2 0.012466 139.085136277 0.450047621912
4.2 0.013008 134.930052137 0.430458405417
4.2 0.01355 130.651705389 0.412531321149
4.2 0.014092 126.805520037 0.397614179812
4.2 0.014634 122.90917369 0.380949729993
4.2 0.015176 119.304157827 0.366496066577
4.2 0.015718 116.190897046 0.35289070699
4.2 0.01626 113.333613961 0.342102983823
4.2 0.016802 110.106738723 0.327465851791
4.2 0.017344 107.766794439 0.317030354418
4.2 0.017886 104.337774822 0.30472524378
4.2 0.018428 102.227387503 0.294361640048
4.2 0.01897 99.3269780441 0.281919989645
4.2 0.019512 96.87424051 0.273115259445
4.4 0.001084 428.957949513 1.89556749975
4.4 0.001626 395.790689189 1.74176919501
4.4 0.002168 370.429363733 1.58998737805
4.4 0.00271 352.199705535 1.47627888294
4.4 0.003252 338.863416585 1.40416016147
4.4 0.003794 319.828289506 1.30044128566
4.4 0.004336 308.052078933 1.23807790217
4.4 0.004878 290.202253807 1.14416519504
4.4 0.00542 273.07131756 1.0685982639
4.4 0.005962 262.500211269 1.01956341416
4.4 0.006504 251.387235255 0.965808557673
4.4 0.007046 242.809523067 0.91456476529
4.4 0.007588 233.641338676 0.866902488614
4.4 0.00813 228.63317707 0.839222311391
4.4 0.008672 219.645622352 0.801359052767
4.4 0.009214 210.053628683 0.753404198984
4.4 0.009756 203.650385919 0.72531051532
4.4 0.010298 196.295993156 0.684060417838
4.4 0.01084 190.83000471 0.65435327779
4.4 0.011382 185.984235901 0.631197549411
4.4 0.011924 180.625076061 0.605385638501
4.4 0.012466 175.605441812 0.580036089419
4.4 0.013008 170.062823367 0.554901348637
4.4 0.01355 164.931429565 0.533146847517
4.4 0.014092 159.86081986 0.512373281973
4.4 0.014634 155.488614859 0.490147989911
4.4 0.015176 151.255024227 0.470360992278
4.4 0.015718 147.641030215 0.456265770311
4.4 0.01626 143.757306704 0.439654844409
4.4 0.016802 141.001839556 0.425736607915
4.4 0.017344 135.930907449 0.406529642464
4.4 0.017886 132.997660941 0.392741481973
4.4 0.018428 129.811801214 0.377258556055
4.4 0.01897 126.263057094 0.363462121084
4.4 0.019512 123.62872981 0.352152362315
4.6 0.001084 532.097790704 2.47655374629
4.6 0.001626 491.802142826 2.26712053513
4.6 0.002168 461.835231504 2.07470809775
4.6 0.00271 440.054690439 1.93294314581
4.6 0.003252 424.915429774 1.84184856437
4.6 0.003794 399.736545307 1.69361677791
4.6 0.004336 386.365318097 1.61838598687
4.6 0.004878 363.425310026 1.48951619861
4.6 0.00542 343.972450255 1.39876955347
4.6 0.005962 331.222543951 1.34018738073
4.6 0.006504 316.294285196 1.25781232499
4.6 0.007046 307.541333699 1.20261498549
4.6 0.007588 294.857790759 1.13026032647
4.6 0.00813 289.696795044 1.09921414088
4.6 0.008672 277.583706262 1.04355918439
4.6 0.009214 266.863263868 0.988867460683
4.6 0.009756 257.819678931 0.943499190834
4.6 0.010298 249.674369219 0.892298198561
4.6 0.01084 242.000016957 0.854923980468
4.6 0.011382 236.751826214 0.82743427855
4.6 0.011924 229.041922334 0.789487380303
4.6 0.012466 222.883220332 0.758187273297
4.6 0.013008 215.910681946 0.725336311166
4.6 0.01355 209.186158171 0.696284123692
4.6 0.014092 203.954147492 0.668883504445
4.6 0.014634 198.347370474 0.636438556204
4.6 0.015176 193.694029454 0.615016186226
4.6 0.015718 189.238198574 0.597350003967
4.6 0.01626 184.672843166 0.57533526745
4.6 0.016802 179.799022289 0.553859226121
4.6 0.017344 174.329621436 0.529894374436
4.6 0.017886 170.064436389 0.511280642909
4.6 0.018428 165.872987408 0.490315429392
4.6 0.01897 162.294331883 0.477234959627
4.6 0.019512 158.386075965 0.457606742082
