2.2 0.332864464315 15541.6567922 1.34564627855
2.4 0.416566658733 15892.072293 1.33950887457
2.6 0.514673451598 15616.9177091 1.33305533504
2.8 0.628654199803 15028.8175077 1.33005767
3.0 0.760036556605 13938.9083478 1.32340773827
3.2 0.910405532495 12819.4232251 1.31763383123
3.4 1.08140261834 11717.9027858 1.30599271057
3.6 1.27472496387 10689.0443141 1.29643596161
3.8 1.49212460555 9764.25166968 1.28263578373
4.0 1.7354077389 9134.5958413 1.27271141871
4.2 2.00643403086 8690.67947241 1.26263843595
4.4 2.30711596845 8381.02200371 1.25504248139
4.6 2.63941824052 7926.64795465 1.2504117248
