2.2 0.294479400147 15541.6567922 1.34564627855
2.4 0.377575293403 15892.072293 1.33950887457
2.6 0.477287721261 15616.9177091 1.33305533504
2.8 0.595734504445 15028.8175077 1.33005767
3.0 0.735166947198 13938.9083478 1.32340773827
3.2 0.89797056158 12819.4232251 1.31763383123
3.4 1.08666575818 11717.9027858 1.30599271057
3.6 1.30390850638 10689.0443141 1.29643596161
3.8 1.55249096683 9764.25166968 1.28263578373
4.0 1.83534209858 9134.5958413 1.27271141871
4.2 2.15552824283 8690.67947241 1.26263843595
4.4 2.5162536852 8381.02200371 1.25504248139
4.6 2.92086119803 7926.64795465 1.2504117248
