2.2 0.001084 18.7718271961 0.0666877924629
2.2 0.001626 17.4516097661 0.0617725632417
2.2 0.002168 16.6968310802 0.0586531357524
2.2 0.00271 16.2889813903 0.0568858654489
2.2 0.003252 15.6631101792 0.0542790026774
2.2 0.003794 14.7691412217 0.0506473855008
2.2 0.004336 14.2586992497 0.049010324468
2.2 0.004878 13.7502175275 0.0472717144009
2.2 0.00542 13.1552338901 0.0443669249355
2.2 0.005962 12.6570775713 0.0427875244324
2.2 0.006504 12.2022677693 0.0412063095323
2.2 0.007046 11.6822191128 0.0392515933189
2.2 0.007588 11.18041623 0.0373548836901
2.2 0.00813 10.7576787006 0.0359866350665
2.2 0.008672 10.3791661249 0.0350118112435
2.2 0.009214 10.0801574563 0.0337104954477
2.2 0.009756 9.64720165907 0.0319343267821
2.2 0.010298 9.4826762221 0.0313987325492
2.2 0.01084 9.10186291922 0.0301689865624
2.2 0.011382 8.80411942843 0.0291117457674
2.2 0.011924 8.51452819113 0.0280290182273
2.2 0.012466 8.26733850094 0.0271973601406
2.2 0.013008 8.02695656931 0.0265130516288
2.2 0.01355 7.70430950591 0.0254668839166
2.2 0.014092 7.52965124756 0.0246667366012
2.2 0.014634 7.24939148102 0.0237136461105
2.2 0.015176 7.05307680326 0.0231828375934
2.2 0.015718 6.85927901849 0.0224190864292
2.2 0.01626 6.66110195797 0.0215958859023
2.2 0.016802 6.51761431725 0.0211194311212
2.2 0.017344 6.33963649419 0.0205075631034
2.2 0.017886 6.11692336803 0.0196660090704
2.2 0.018428 5.96455886187 0.0192112080366
2.2 0.01897 5.77801454479 0.0186505718123
2.2 0.019512 5.59860876438 0.0180039918203
2.4 0.001084 24.6461010903 0.0863448319686
2.4 0.001626 22.833242659 0.0802324337163
2.4 0.002168 21.8787211142 0.0763689324491
2.4 0.00271 21.2802050006 0.0736893192812
2.4 0.003252 20.2742976251 0.0695352415268
2.4 0.003794 19.1806722876 0.065285328461
2.4 0.004336 18.5178953858 0.0628942833096
2.4 0.004878 17.7700859096 0.0597771974516
2.4 0.00542 17.0049665692 0.0565583797797
2.4 0.005962 16.4202162689 0.0549860947811
2.4 0.006504 15.7358378169 0.0523346660314
2.4 0.007046 15.0454262278 0.0498858128149
2.4 0.007588 14.4590035904 0.0478763156405
2.4 0.00813 13.8954960426 0.0460788070662
2.4 0.008672 13.485653615 0.0445132106457
2.4 0.009214 13.0455711886 0.0428612313202
2.4 0.009756 12.5964533997 0.0412586160402
2.4 0.010298 12.2205852158 0.0398094014641
2.4 0.01084 11.7363955219 0.0381282123201
2.4 0.011382 11.3695273315 0.036801713444
2.4 0.011924 11.0268959348 0.0355257521896
2.4 0.012466 10.7517681536 0.0347104866276
2.4 0.013008 10.287827267 0.033246063331
2.4 0.01355 10.0403266251 0.0321533243358
2.4 0.014092 9.71390477902 0.03101787664
2.4 0.014634 9.40159248313 0.0301056818232
2.4 0.015176 9.11807203467 0.0291541637748
2.4 0.015718 8.82424219976 0.0280418460402
2.4 0.01626 8.58018137775 0.0272182704391
2.4 0.016802 8.3981390734 0.0267037789533
2.4 0.017344 8.0813896272 0.025514876829
2.4 0.017886 7.8740435526 0.0247276445798
2.4 0.018428 7.65830445975 0.0241098592074
2.4 0.01897 7.44394320827 0.0232519118771
2.4 0.019512 7.2534769896 0.0225400903219
2.6 0.001084 31.5225336066 0.10859591215
2.6 0.001626 29.1208132604 0.101469439163
2.6 0.002168 28.0079295233 0.096764188677
2.6 0.00271 27.1102724532 0.0925797939231
2.6 0.003252 25.5784204593 0.08636764572
2.6 0.003794 24.3413292175 0.081652424308
2.6 0.004336 23.4107301563 0.0783545926261
2.6 0.004878 22.3499521905 0.0743444802743
2.6 0.00542 21.4568776645 0.0708848126879
2.6 0.005962 20.6866032768 0.068367321516
2.6 0.006504 19.7255951294 0.0649423349403
2.6 0.007046 18.8357093801 0.0618726625353
2.6 0.007588 18.2721215056 0.0599868607726
2.6 0.00813 17.4600810086 0.0569387780542
2.6 0.008672 17.1190923671 0.0555009494434
2.6 0.009214 16.3445627967 0.0528629200425
2.6 0.009756 15.8699460555 0.050755348526
2.6 0.010298 15.2681262383 0.0490336119189
2.6 0.01084 14.7867609856 0.047217023993
2.6 0.011382 14.339857627 0.0455470401355
2.6 0.011924 13.9013819621 0.0441510394944
2.6 0.012466 13.4339391106 0.042609242293
2.6 0.013008 12.9867477666 0.040999006299
2.6 0.01355 12.6070495833 0.039551578832
2.6 0.014092 12.1696843633 0.0380688184641
2.6 0.014634 11.8053130291 0.0370671754929
2.6 0.015176 11.4818115005 0.0357070546594
2.6 0.015718 11.1481005559 0.0346114570216
2.6 0.01626 10.883681361 0.0336525801244
2.6 0.016802 10.5114240524 0.0325771648866
2.6 0.017344 10.2063216279 0.0314905763513
2.6 0.017886 9.95373099675 0.0304484635068
2.6 0.018428 9.67093972502 0.0294696354435
2.6 0.01897 9.41571457486 0.0286442123742
2.6 0.019512 9.12122468195 0.0277074754419
2.8 0.001084 39.2584904189 0.134580670167
2.8 0.001626 36.1907054486 0.125598218875
2.8 0.002168 34.781142293 0.119930253231
2.8 0.00271 33.5054016161 0.113789225487
2.8 0.003252 31.4218260214 0.105349723693
2.8 0.003794 30.202351125 0.100766279958
2.8 0.004336 28.862167094 0.0959817426741
2.8 0.004878 27.4550878465 0.0905163505532
2.8 0.00542 26.3942065784 0.086580385554
2.8 0.005962 25.2831699104 0.0827718737326
2.8 0.006504 24.0405840741 0.0784305805218
2.8 0.007046 23.1485113138 0.0754700651328
2.8 0.007588 22.3952351781 0.0729107117465
2.8 0.00813 21.5141115807 0.0695006446133
2.8 0.008672 20.9280321207 0.0671820409577
2.8 0.009214 20.0574227941 0.0639437997993
2.8 0.009756 19.5059451071 0.0614856097504
2.8 0.010298 18.6771030702 0.0592548744129
2.8 0.01084 18.2805749255 0.0571132872043
2.8 0.011382 17.6215379903 0.0551849969105
2.8 0.011924 17.0988494016 0.0535168806911
2.8 0.012466 16.4331943671 0.0511679644538
2.8 0.013008 15.9037095707 0.0493596317317
2.8 0.01355 15.3901739816 0.0475339799749
2.8 0.014092 14.8972624203 0.0462682563352
2.8 0.014634 14.501363196 0.0445813039966
2.8 0.015176 14.170113349 0.0432791036828
2.8 0.015718 13.7500890437 0.0420285541568
2.8 0.01626 13.2930760616 0.0405170494571
2.8 0.016802 12.9321540359 0.0391630272182
2.8 0.017344 12.6033019463 0.0378346881823
2.8 0.017886 12.2570332319 0.0367026887876
2.8 0.018428 11.9284933674 0.0356658376473
2.8 0.01897 11.558640804 0.0344113738022
2.8 0.019512 11.2001184745 0.0333412183499
3.0 0.001084 47.892417454 0.165079324939
3.0 0.001626 44.1654629111 0.153672093422
3.0 0.002168 42.3320683372 0.146320353916
3.0 0.00271 40.5755569087 0.137740864002
3.0 0.003252 37.8049244935 0.126889168537
3.0 0.003794 36.7149724511 0.122623079659
3.0 0.004336 34.7461251471 0.115394285111
3.0 0.004878 33.0317826784 0.10875196142
3.0 0.00542 31.8438891569 0.104432881459
3.0 0.005962 30.2309349329 0.0988423255005
3.0 0.006504 28.7495576135 0.0935890767652
3.0 0.007046 28.0337310903 0.0914309975938
3.0 0.007588 26.8596498876 0.087086678906
3.0 0.00813 26.0282849239 0.0834902146729
3.0 0.008672 25.0508684568 0.0800522126265
3.0 0.009214 24.22352428 0.0764459843431
3.0 0.009756 23.268052392 0.0734727388616
3.0 0.010298 22.5427832933 0.0706477165132
3.0 0.01084 21.8848316183 0.0681223896387
3.0 0.011382 21.1519103443 0.0657592149479
3.0 0.011924 20.4595578266 0.0631956932672
3.0 0.012466 19.7682254316 0.0608310736994
3.0 0.013008 19.1811885038 0.0586508554493
3.0 0.01355 18.5992985547 0.0566365383386
3.0 0.014092 18.0329661528 0.0547488126862
3.0 0.014634 17.5437757306 0.0529531107077
3.0 0.015176 17.0662486119 0.0514496264874
3.0 0.015718 16.5069280496 0.0494568191381
3.0 0.01626 16.0212384838 0.0478249735679
3.0 0.016802 15.6511717201 0.0465667656489
3.0 0.017344 15.2136774863 0.0450156037631
3.0 0.017886 14.8019863692 0.0435765491666
3.0 0.018428 14.4147991039 0.0422502334204
3.0 0.01897 13.8988046708 0.0407334247293
3.0 0.019512 13.6456516872 0.0398390176088
3.2 0.001084 57.6033223317 0.201071793962
3.2 0.001626 53.1442287862 0.186483522179
3.2 0.002168 50.7810284242 0.177857593143
3.2 0.00271 48.4957199516 0.166049261625
3.2 0.003252 44.8676631253 0.151667032429
3.2 0.003794 43.9495514883 0.148243621841
3.2 0.004336 41.1392495751 0.138155380786
3.2 0.004878 39.2751012394 0.130161910936
3.2 0.00542 37.8657387228 0.125522188682
3.2 0.005962 35.7250029478 0.117340720276
3.2 0.006504 34.0421268172 0.110706402365
3.2 0.007046 33.6099145726 0.110167672366
3.2 0.007588 31.7217803491 0.10280210073
3.2 0.00813 30.9879110994 0.0993999073615
3.2 0.008672 29.5634148909 0.0948991164568
3.2 0.009214 28.8696476276 0.0907331556951
3.2 0.009756 27.3811707265 0.0871648882387
3.2 0.010298 26.915937749 0.0840321805295
3.2 0.01084 25.8527973324 0.0806964481593
3.2 0.011382 25.0209322169 0.0773012721552
3.2 0.011924 24.2372276486 0.0743884318288
3.2 0.012466 23.5340165641 0.0724651060695
3.2 0.013008 22.8667124266 0.0690790686559
3.2 0.01355 22.1221340522 0.0669031946447
3.2 0.014092 21.4085410254 0.0642357692786
3.2 0.014634 20.9070475376 0.0631757431765
3.2 0.015176 20.2233890634 0.0604051490457
3.2 0.015718 19.5279833154 0.0581055585175
3.2 0.01626 19.1096078985 0.0567505036011
3.2 0.016802 18.5513303491 0.0549270163478
3.2 0.017344 18.1361043198 0.0532253864518
3.2 0.017886 17.7114260652 0.0515060745926
3.2 0.018428 17.061980762 0.0497760352857
3.2 0.01897 16.7477060415 0.0482182168155
3.2 0.019512 16.4480667853 0.0475677507205
3.4 0.001084 69.2430940483 0.245277916979
3.4 0.001626 63.869328674 0.226528840551
3.4 0.002168 60.6672904361 0.215552937224
3.4 0.00271 57.5658801186 0.198696888764
3.4 0.003252 53.5418791123 0.18280694742
3.4 0.003794 52.1983464653 0.177621870595
3.4 0.004336 48.8218009649 0.1656473655
3.4 0.004878 46.7366714953 0.157052076555
3.4 0.00542 44.6954789746 0.14956569162
3.4 0.005962 42.221310023 0.139649402389
3.4 0.006504 40.4957777491 0.132857500428
3.4 0.007046 39.5605023973 0.130160361646
3.4 0.007588 37.6253965315 0.122406168992
3.4 0.00813 36.5252625915 0.117872757192
3.4 0.008672 35.0886085444 0.112407233166
3.4 0.009214 33.9874699516 0.108062982349
3.4 0.009756 32.5738016263 0.103376161556
3.4 0.010298 31.7044634698 0.0994849704748
3.4 0.01084 30.5100262887 0.0950091659977
3.4 0.011382 29.564243495 0.091176037873
3.4 0.011924 28.7567962134 0.0885761510012
3.4 0.012466 27.9512033057 0.0854343628404
3.4 0.013008 27.106704915 0.0819592085314
3.4 0.01355 26.1547921118 0.0788709137137
3.4 0.014092 25.4125003139 0.0765341747224
3.4 0.014634 24.7054606431 0.0741187131077
3.4 0.015176 23.8788921008 0.0714030170923
3.4 0.015718 23.1899243344 0.0689898029522
3.4 0.01626 22.600991873 0.0669123543788
3.4 0.016802 22.1331024314 0.0650875586815
3.4 0.017344 21.6136306004 0.0629428207811
3.4 0.017886 20.9225017248 0.0607319603142
3.4 0.018428 20.4033876095 0.0587051838974
3.4 0.01897 19.9962666115 0.0574917714498
3.4 0.019512 19.4554157681 0.055552884152
3.6 0.001084 83.2643743731 0.298563140289
3.6 0.001626 76.7492388218 0.276240050941
3.6 0.002168 72.4709121793 0.260622676193
3.6 0.00271 68.4178621422 0.23887853687
3.6 0.003252 64.0462626583 0.221394455894
3.6 0.003794 61.913511078 0.213314118933
3.6 0.004336 58.0855156752 0.19959628777
3.6 0.004878 55.5773447195 0.189279425236
3.6 0.00542 52.7883232705 0.178440699443
3.6 0.005962 49.8959921094 0.166680150228
3.6 0.006504 48.2382084448 0.16017395917
3.6 0.007046 46.5091904331 0.153991240956
3.6 0.007588 44.7581239144 0.146630542521
3.6 0.00813 43.017386766 0.139676601179
3.6 0.008672 41.7590251446 0.134374510418
3.6 0.009214 39.9895903823 0.127781765783
3.6 0.009756 38.7071340541 0.122753819295
3.6 0.010298 37.3581998209 0.117845653738
3.6 0.01084 35.9295604928 0.112083765615
3.6 0.011382 35.0642643143 0.10883400041
3.6 0.011924 34.0089840193 0.10559046919
3.6 0.012466 33.181699646 0.100649599036
3.6 0.013008 31.9985842909 0.0973898538664
3.6 0.01355 30.9079608887 0.0932678819514
3.6 0.014092 30.1496115341 0.0910090992811
3.6 0.014634 29.1691396096 0.0872164497317
3.6 0.015176 28.2663339166 0.0846623317079
3.6 0.015718 27.5574563693 0.0817567319857
3.6 0.01626 26.9254522911 0.0793716354792
3.6 0.016802 26.3935004389 0.0769047269745
3.6 0.017344 25.5457395756 0.0740425402678
3.6 0.017886 24.7678601501 0.0714447995125
3.6 0.018428 24.2424779633 0.069540713664
3.6 0.01897 23.620190486 0.0675901797954
3.6 0.019512 22.9740937336 0.0652439045776
3.8 0.001084 99.6208068767 0.364480733058
3.8 0.001626 91.7389517946 0.337596677375
3.8 0.002168 86.1699761857 0.315436368563
3.8 0.00271 81.1799101506 0.288323411546
3.8 0.003252 76.6226185028 0.269313065388
3.8 0.003794 73.4553236512 0.257203247093
3.8 0.004336 69.2717683496 0.241126673974
3.8 0.004878 66.1354583309 0.227795225303
3.8 0.00542 62.4873586774 0.213678053127
3.8 0.005962 59.0923235646 0.199843472809
3.8 0.006504 57.5712172309 0.194128861751
3.8 0.007046 54.8081011853 0.183141743065
3.8 0.007588 53.2602714904 0.175680741828
3.8 0.00813 50.7663966658 0.166063990312
3.8 0.008672 49.8502032609 0.162081290653
3.8 0.009214 47.3885857158 0.152152747978
3.8 0.009756 45.914765632 0.146861454084
3.8 0.010298 44.20800002 0.140292835801
3.8 0.01084 42.5757614172 0.133764536943
3.8 0.011382 41.6284590407 0.130263639457
3.8 0.011924 40.4293091966 0.125216208437
3.8 0.012466 39.3281285574 0.120314255419
3.8 0.013008 37.9508397786 0.115691837543
3.8 0.01355 36.7834138036 0.11146308209
3.8 0.014092 35.6839549955 0.107580907581
3.8 0.014634 34.6471735373 0.103919655151
3.8 0.015176 33.7570886237 0.100737936152
3.8 0.015718 32.8275510696 0.097234293222
3.8 0.01626 32.1975446259 0.0940489085296
3.8 0.016802 31.2364134111 0.0906903734328
3.8 0.017344 30.137519228 0.0869551179172
3.8 0.017886 29.6174431658 0.0854482635945
3.8 0.018428 28.6796336113 0.081993071749
3.8 0.01897 28.1076836018 0.0801776485937
3.8 0.019512 27.3196350146 0.0772656139688
4.0 0.001084 120.427040032 0.446070011061
4.0 0.001626 110.752030249 0.412807131592
4.0 0.002168 103.643982028 0.382463114547
4.0 0.00271 97.2923561712 0.34938056067
4.0 0.003252 92.3253983172 0.328653292267
4.0 0.003794 87.7123127638 0.3114724622
4.0 0.004336 83.124627118 0.293062014513
4.0 0.004878 78.979701194 0.275467819336
4.0 0.00542 74.3358413905 0.257652409117
4.0 0.005962 70.3966688845 0.241454232003
4.0 0.006504 68.9552080529 0.236148350629
4.0 0.007046 65.1684427183 0.219618899438
4.0 0.007588 63.4879009179 0.211086831238
4.0 0.00813 60.9151341634 0.201518426568
4.0 0.008672 59.2644028463 0.194227158691
4.0 0.009214 56.6569691398 0.183699356399
4.0 0.009756 54.6866367128 0.176595287429
4.0 0.010298 52.4437224199 0.167733531948
4.0 0.01084 50.9998746531 0.161406853357
4.0 0.011382 49.5544229961 0.156151859558
4.0 0.011924 48.3765937338 0.149907392376
4.0 0.012466 46.8614721163 0.144969858874
4.0 0.013008 45.2899320817 0.137670456302
4.0 0.01355 43.8782324041 0.133416953753
4.0 0.014092 42.5819278685 0.128229544949
4.0 0.014634 41.5318759293 0.12445240352
4.0 0.015176 40.3803649323 0.120246256895
4.0 0.015718 39.2831105606 0.115772470534
4.0 0.01626 38.2718553558 0.111843747804
4.0 0.016802 37.0917023019 0.107631872368
4.0 0.017344 36.2672401529 0.105007794881
4.0 0.017886 35.103131888 0.100794865881
4.0 0.018428 34.4082090717 0.0985475393625
4.0 0.01897 33.4658217557 0.094877304619
4.0 0.019512 32.6207810704 0.0916423674816
4.2 0.001084 144.266412321 0.548176361068
4.2 0.001626 132.470143501 0.506424250351
4.2 0.002168 123.578451288 0.465726767732
4.2 0.00271 116.07666734 0.426146121387
4.2 0.003252 110.742248541 0.402559022529
4.2 0.003794 104.608924456 0.378348858736
4.2 0.004336 99.7652939645 0.35741301181
4.2 0.004878 94.3433232727 0.334399691727
4.2 0.00542 88.6921928846 0.312509590449
4.2 0.005962 84.4448577261 0.294440426599
4.2 0.006504 81.9109752394 0.284261970174
4.2 0.007046 78.1007602895 0.266229647912
4.2 0.007588 75.6554613861 0.25527868194
4.2 0.00813 73.2097273406 0.245766468433
4.2 0.008672 70.6491441197 0.233905655094
4.2 0.009214 67.707642776 0.222593404442
4.2 0.009756 65.4284326904 0.213642111703
4.2 0.010298 62.3760027775 0.20132302552
4.2 0.01084 61.2656053811 0.194780464987
4.2 0.011382 59.2124727172 0.187784056924
4.2 0.011924 57.8519132873 0.18120607441
4.2 0.012466 56.0313524772 0.173819629052
4.2 0.013008 54.1792153502 0.166412416207
4.2 0.01355 52.4497157329 0.159975124178
4.2 0.014092 51.0695428564 0.154729448531
4.2 0.014634 49.6766284739 0.149271278486
4.2 0.015176 48.2615161011 0.143715826518
4.2 0.015718 46.8782118316 0.138020373749
4.2 0.01626 45.7225277803 0.134646799806
4.2 0.016802 44.4309448503 0.12933892687
4.2 0.017344 43.3553729229 0.125779695506
4.2 0.017886 41.9658990754 0.121042680124
4.2 0.018428 41.1129846905 0.11747295207
4.2 0.01897 39.9371036054 0.112623195378
4.2 0.019512 38.9990778011 0.108593086177
4.4 0.001084 173.687485398 0.674348435812
4.4 0.001626 159.376128269 0.621994948852
4.4 0.002168 148.421034843 0.569122871497
4.4 0.00271 139.337780859 0.521028734325
4.4 0.003252 133.379677925 0.494455018038
4.4 0.003794 125.372095627 0.460943134376
4.4 0.004336 120.101009364 0.43751804424
4.4 0.004878 113.020600608 0.407300442284
4.4 0.00542 106.416426243 0.38074792675
4.4 0.005962 101.861994076 0.360931402779
4.4 0.006504 97.7380604853 0.343324711248
4.4 0.007046 93.9457156322 0.324299428578
4.4 0.007588 90.5443652361 0.310463469812
4.4 0.00813 88.2423826641 0.300180172528
4.4 0.008672 84.6876617966 0.283501655861
4.4 0.009214 81.1045631712 0.269705756403
4.4 0.009756 78.402529445 0.258779067127
4.4 0.010298 75.251242929 0.244911911127
4.4 0.01084 73.3204492968 0.235601776733
4.4 0.011382 71.2202942167 0.22788995277
4.4 0.011924 69.3150175288 0.218976939734
4.4 0.012466 67.299602269 0.209686270485
4.4 0.013008 64.8524066895 0.201152436052
4.4 0.01355 63.0676142913 0.193782748336
4.4 0.014092 61.3066296385 0.187156687442
4.4 0.014634 59.5740249256 0.179630149106
4.4 0.015176 57.8727805294 0.172565056169
4.4 0.015718 56.3453218319 0.167518987905
4.4 0.01626 54.877816951 0.161938935728
4.4 0.016802 53.6396687952 0.15716817516
4.4 0.017344 51.6094841934 0.150127360518
4.4 0.017886 50.5617290863 0.146700352204
4.4 0.018428 49.3620807135 0.140058085959
4.4 0.01897 47.9960943281 0.134984107641
4.4 0.019512 47.1072940567 0.130712679692
4.6 0.001084 207.998523496 0.829014023278
4.6 0.001626 190.750325297 0.762498844474
4.6 0.002168 177.740559586 0.695933271595
4.6 0.00271 166.995086313 0.637711045588
4.6 0.003252 160.443664476 0.60731793653
4.6 0.003794 150.184008523 0.561906962357
4.6 0.004336 144.161680408 0.534971371731
4.6 0.004878 135.319404808 0.496602180223
4.6 0.00542 127.623383711 0.464195860754
4.6 0.005962 122.598096078 0.442811585922
4.6 0.006504 116.705952931 0.415389306092
4.6 0.007046 113.093135235 0.396187766242
4.6 0.007588 108.65551269 0.378104559915
4.6 0.00813 106.224070717 0.365257394459
4.6 0.008672 101.715271803 0.345253598526
4.6 0.009214 97.7634514828 0.328943764323
4.6 0.009756 93.8434118853 0.313368467083
4.6 0.010298 90.8975748772 0.297809360629
4.6 0.01084 87.8811986201 0.286432862387
4.6 0.011382 85.7376590295 0.277850625616
4.6 0.011924 83.3648001959 0.265128234979
4.6 0.012466 80.8378219532 0.254653152941
4.6 0.013008 78.0808918335 0.244281199698
4.6 0.01355 75.932468856 0.235437670128
4.6 0.014092 73.7140547182 0.226521875038
4.6 0.014634 71.6533318376 0.216431964499
4.6 0.015176 69.5550215088 0.208629317357
4.6 0.015718 67.950386772 0.203695291229
4.6 0.01626 66.1955603156 0.196355925611
4.6 0.016802 64.3213319243 0.189347724263
4.6 0.017344 62.3985212193 0.182613739818
4.6 0.017886 61.0006846947 0.1755699691
4.6 0.018428 59.2078260688 0.168716305461
4.6 0.01897 58.1452472444 0.163601251913
4.6 0.019512 56.6549009878 0.157807728947
