2.2 0.184924702397 22897.6958815 1.34678805134
2.4 0.231425921518 23330.8573563 1.33629276641
2.6 0.285929695332 23066.918204 1.33617266311
2.8 0.349252333224 22226.7803524 1.33310348743
3.0 0.422242531447 20673.143811 1.32878302072
3.2 0.505780851386 19046.7003455 1.32099392359
3.4 0.600779232412 17544.5305671 1.31454070503
3.6 0.708180535481 16030.0835013 1.30337925605
3.8 0.828958114192 14729.5189409 1.29226902292
4.0 0.9641154105 13849.142965 1.28362984626
4.2 1.1146855727 13209.6416284 1.27212987995
4.4 1.28173109358 12758.2778085 1.26376318
4.6 1.46634346696 12081.8444297 1.25776323612
