2.2 0.184924702397 15506.5596754 1.34352851603
2.4 0.231425921518 15868.7586822 1.33878426044
2.6 0.285929695332 15637.9683397 1.33548693086
2.8 0.349252333224 15004.7713862 1.32992446285
3.0 0.422242531447 13911.2995998 1.32373354294
3.2 0.505780851386 12792.6977225 1.31607097522
3.4 0.600779232412 11720.8647448 1.30691309168
3.6 0.708180535481 10680.550904 1.29659812544
3.8 0.828958114192 9771.97885186 1.28448536056
4.0 0.9641154105 9126.75349866 1.27370191549
4.2 1.1146855727 8684.1120258 1.26250901559
4.4 1.28173109358 8377.2148701 1.25552286371
4.6 1.46634346696 7912.98169496 1.25069858381
