2.2 0.001084 19.879089599 0.0698379163674
2.2 0.001626 18.4551328995 0.0646249941197
2.2 0.002168 17.6517326164 0.0613345801933
2.2 0.00271 17.2105858974 0.0594455747945
2.2 0.003252 16.525998099 0.0566706136672
2.2 0.003794 15.5525538875 0.0528135357392
2.2 0.004336 14.992918126 0.0510880121276
2.2 0.004878 14.4471969747 0.0491779849573
2.2 0.00542 13.8010837381 0.0461434850893
2.2 0.005962 13.2585888534 0.0444760544117
2.2 0.006504 12.7537622233 0.0427165814447
2.2 0.007046 12.1853869705 0.040636238325
2.2 0.007588 11.6393588086 0.0386428365761
2.2 0.00813 11.1754138023 0.0371735605995
2.2 0.008672 10.7598289631 0.0361270419587
2.2 0.009214 10.4276997196 0.0347084477479
2.2 0.009756 9.95146609751 0.0328134712056
2.2 0.010298 9.76870542594 0.0322174671611
2.2 0.01084 9.35857183042 0.0309073482938
2.2 0.011382 9.03009435345 0.0297679076096
2.2 0.011924 8.71401298777 0.0285984388505
2.2 0.012466 8.4429403476 0.0276935461625
2.2 0.013008 8.17944241626 0.0269490200073
2.2 0.01355 7.83193199065 0.0258239164718
2.2 0.014092 7.62149001444 0.024921003834
2.2 0.014634 7.31308470938 0.0238984037491
2.2 0.015176 7.10702142645 0.0233337618238
2.2 0.015718 6.88972767274 0.0224898201557
2.2 0.01626 6.67335576101 0.0216025577159
2.2 0.016802 6.5114293872 0.0210751956314
2.2 0.017344 6.31377702712 0.0204282140127
2.2 0.017886 6.07318749644 0.0195477282676
2.2 0.018428 5.90256492097 0.0190206704996
2.2 0.01897 5.69395120297 0.018408988483
2.2 0.019512 5.50542585245 0.01774042356
2.4 0.001084 26.0925113559 0.0904406693605
2.4 0.001626 24.1572060297 0.083988394972
2.4 0.002168 23.1453791262 0.0798823097362
2.4 0.00271 22.4973722532 0.077033899669
2.4 0.003252 21.4028034466 0.0726186070221
2.4 0.003794 20.216112017 0.0680879365975
2.4 0.004336 19.4999628772 0.0655585891182
2.4 0.004878 18.7027487122 0.0623135575006
2.4 0.00542 17.8733207327 0.0589180278282
2.4 0.005962 17.2183651769 0.0572299234583
2.4 0.006504 16.4695959448 0.0544001278036
2.4 0.007046 15.7103236397 0.0518117521326
2.4 0.007588 15.071590858 0.0496400683559
2.4 0.00813 14.4665170381 0.047759938498
2.4 0.008672 14.0216777367 0.0460976828365
2.4 0.009214 13.5268468498 0.0442891799094
2.4 0.009756 13.0251802286 0.0425462327767
2.4 0.010298 12.620387647 0.041013372729
2.4 0.01084 12.0921151738 0.0392310631054
2.4 0.011382 11.6790524201 0.0377748532439
2.4 0.011924 11.3011474775 0.0364006672743
2.4 0.012466 10.9929786551 0.0355478420657
2.4 0.013008 10.4890216126 0.0339601540687
2.4 0.01355 10.2039887655 0.0327364265887
2.4 0.014092 9.84766604904 0.0315260809783
2.4 0.014634 9.51390490293 0.0305569240614
2.4 0.015176 9.210494791 0.0295257609519
2.4 0.015718 8.8999460323 0.0283439284736
2.4 0.01626 8.63830764461 0.0274632890524
2.4 0.016802 8.42758152038 0.0268540679409
2.4 0.017344 8.08961897097 0.0255936522701
2.4 0.017886 7.86237511091 0.0247142658579
2.4 0.018428 7.61098154568 0.0240253245383
2.4 0.01897 7.37731098885 0.0231029387487
2.4 0.019512 7.16731357747 0.0223536113314
2.6 0.001084 33.3913817998 0.113596028864
2.6 0.001626 30.8393698577 0.106107639655
2.6 0.002168 29.6725839169 0.101203512594
2.6 0.00271 28.702601445 0.0968570496754
2.6 0.003252 27.0303306249 0.0902866060131
2.6 0.003794 25.6871350779 0.0852887526756
2.6 0.004336 24.6950819929 0.0818626870924
2.6 0.004878 23.5555118835 0.0776426318216
2.6 0.00542 22.5775054562 0.0739373812003
2.6 0.005962 21.7381474415 0.0713108364222
2.6 0.006504 20.6903535202 0.0676822876249
2.6 0.007046 19.7232988252 0.0644198492902
2.6 0.007588 19.0994238872 0.0624122864161
2.6 0.00813 18.2133351595 0.0591943862227
2.6 0.008672 17.8390109209 0.0576782806286
2.6 0.009214 16.9965897507 0.0548746276825
2.6 0.009756 16.4670422424 0.052567796412
2.6 0.010298 15.818514088 0.0507406784865
2.6 0.01084 15.2872486684 0.0487697814372
2.6 0.011382 14.7913206956 0.046949077002
2.6 0.011924 14.3133228506 0.0454698643674
2.6 0.012466 13.8029849167 0.0438308447824
2.6 0.013008 13.3078422451 0.0420793939863
2.6 0.01355 12.8873023302 0.0405059427861
2.6 0.014092 12.4137714808 0.0389168519906
2.6 0.014634 12.0244474185 0.0378420921056
2.6 0.015176 11.6688065081 0.0363711870098
2.6 0.015718 11.2963923314 0.0351842180788
2.6 0.01626 11.0074164596 0.0341419186668
2.6 0.016802 10.595917064 0.032931450719
2.6 0.017344 10.2578880219 0.0317782646517
2.6 0.017886 9.97026951273 0.0306695414224
2.6 0.018428 9.64888995073 0.0295375397059
2.6 0.01897 9.36971875444 0.0286469394876
2.6 0.019512 9.0507943865 0.0276520187029
2.8 0.001084 41.671338699 0.140543702456
2.8 0.001626 38.4293755569 0.13131504548
2.8 0.002168 36.9763901033 0.12551842743
2.8 0.00271 35.563418126 0.11910477544
2.8 0.003252 33.2780190815 0.110214741574
2.8 0.003794 31.9532644253 0.105376512634
2.8 0.004336 30.5073277852 0.100375893955
2.8 0.004878 28.9846462448 0.094692255772
2.8 0.00542 27.8359790231 0.0905005705029
2.8 0.005962 26.6259540701 0.0863955070747
2.8 0.006504 25.2729891186 0.0817879471923
2.8 0.007046 24.3127947454 0.078695405307
2.8 0.007588 23.4971070892 0.0760075081039
2.8 0.00813 22.531670035 0.0723457416948
2.8 0.008672 21.9025581495 0.0699255943427
2.8 0.009214 20.9569081702 0.0665523383692
2.8 0.009756 20.3374732161 0.0638693081992
2.8 0.010298 19.4469473073 0.0615590307558
2.8 0.01084 18.9673559928 0.0591177672319
2.8 0.011382 18.250180717 0.0571447538551
2.8 0.011924 17.6767938979 0.0552971947209
2.8 0.012466 16.9541239149 0.0528378820139
2.8 0.013008 16.3721899708 0.0508894709388
2.8 0.01355 15.8147880589 0.0488824821381
2.8 0.014092 15.2889693949 0.0475149460482
2.8 0.014634 14.847058295 0.0456983633592
2.8 0.015176 14.4738503525 0.0443429584767
2.8 0.015718 14.0184629657 0.0429803950459
2.8 0.01626 13.5124460447 0.041306079589
2.8 0.016802 13.1002401858 0.039835440355
2.8 0.017344 12.7289009578 0.0383952700964
2.8 0.017886 12.3391981086 0.03715459772
2.8 0.018428 11.9721137791 0.0360224479246
2.8 0.01897 11.5730176273 0.0346728701593
2.8 0.019512 11.1866375185 0.0335221314935
3.0 0.001084 50.9436503847 0.172315718005
3.0 0.001626 47.0225308291 0.160549597519
3.0 0.002168 45.1429000797 0.153063952364
3.0 0.00271 43.1788772388 0.144154147248
3.0 0.003252 40.1374638657 0.132686030692
3.0 0.003794 38.9552721288 0.128341785789
3.0 0.004336 36.8322028591 0.120774803315
3.0 0.004878 34.9735064905 0.113779221515
3.0 0.00542 33.6890798154 0.109237883351
3.0 0.005962 31.9467391056 0.103279553178
3.0 0.006504 30.3444882068 0.0977591449123
3.0 0.007046 29.5546187379 0.0955399497152
3.0 0.007588 28.2744462267 0.0909204779284
3.0 0.00813 27.3563107178 0.0871273575892
3.0 0.008672 26.2877669116 0.0835033616207
3.0 0.009214 25.3802923445 0.0796495240405
3.0 0.009756 24.3379387479 0.0764645118134
3.0 0.010298 23.5378172281 0.0734224533003
3.0 0.01084 22.8130207719 0.0707492990744
3.0 0.011382 22.0082600776 0.0682551853888
3.0 0.011924 21.2420779315 0.0654767529303
3.0 0.012466 20.4779233757 0.0629497139199
3.0 0.013008 19.8283875848 0.0605942301344
3.0 0.01355 19.1977309103 0.0584386270474
3.0 0.014092 18.5837521555 0.0564808355658
3.0 0.014634 18.0391547534 0.0544992003266
3.0 0.015176 17.516965926 0.0528810421677
3.0 0.015718 16.9099290554 0.0507555563986
3.0 0.01626 16.3722257219 0.0490041589853
3.0 0.016802 15.951585552 0.0475898474228
3.0 0.017344 15.4667567977 0.045894318171
3.0 0.017886 15.0043191508 0.0443442944829
3.0 0.018428 14.5755821692 0.0429421669653
3.0 0.01897 14.0067606268 0.0412790562653
3.0 0.019512 13.709719893 0.0402728845484
3.2 0.001084 61.4400439421 0.20981704913
3.2 0.001626 56.7463874239 0.194805887517
3.2 0.002168 54.3275434877 0.186020584568
3.2 0.00271 51.7546181667 0.17369595351
3.2 0.003252 47.7911436905 0.158592824357
3.2 0.003794 46.8298989745 0.155216886638
3.2 0.004336 43.7563266901 0.144531414657
3.2 0.004878 41.7387266585 0.136173560567
3.2 0.00542 40.224942933 0.131337691224
3.2 0.005962 37.8786046302 0.122694789353
3.2 0.006504 36.035388596 0.11563508386
3.2 0.007046 35.5672933241 0.115192533929
3.2 0.007588 33.4849566621 0.107310163611
3.2 0.00813 32.6822577638 0.103818740769
3.2 0.008672 31.127952876 0.0989918314945
3.2 0.009214 30.3608443371 0.0945057250659
3.2 0.009756 28.7293678398 0.0907068832601
3.2 0.010298 28.2321812806 0.0874165690365
3.2 0.01084 27.0601882964 0.0839079097462
3.2 0.011382 26.1380403441 0.0802172522851
3.2 0.011924 25.265173899 0.0771789419508
3.2 0.012466 24.4683932848 0.0750585947948
3.2 0.013008 23.7412182737 0.0714478963172
3.2 0.01355 22.9192095636 0.0691831672361
3.2 0.014092 22.1426276485 0.0662867779002
3.2 0.014634 21.5852767067 0.0650738186428
3.2 0.015176 20.8572425556 0.0621153058316
3.2 0.015718 20.1004698755 0.0597492256942
3.2 0.01626 19.6327373264 0.0582316451789
3.2 0.016802 19.0109441392 0.0562783792822
3.2 0.017344 18.5367097866 0.0543989208169
3.2 0.017886 18.0577915989 0.0526451578633
3.2 0.018428 17.3368680121 0.0507375850659
3.2 0.01897 16.9744986442 0.049066603155
3.2 0.019512 16.6148170981 0.0482584940387
3.4 0.001084 74.0474454526 0.255476384512
3.4 0.001626 68.4305238785 0.236398346877
3.4 0.002168 65.08815209 0.225235079349
3.4 0.00271 61.5976407064 0.207647345208
3.4 0.003252 57.2098212192 0.190926556034
3.4 0.003794 55.7669318334 0.185707745744
3.4 0.004336 52.0731578942 0.173036911487
3.4 0.004878 49.7950139358 0.164043034439
3.4 0.00542 47.5988176651 0.156245495323
3.4 0.005962 44.8776882896 0.14577268602
3.4 0.006504 42.9992275753 0.138593967889
3.4 0.007046 41.9719532326 0.135958837042
3.4 0.007588 39.8405643836 0.127707716799
3.4 0.00813 38.6126734363 0.122888675522
3.4 0.008672 37.0396781008 0.117012562688
3.4 0.009214 35.8254563892 0.112414659344
3.4 0.009756 34.2955492844 0.107514425224
3.4 0.010298 33.3547289391 0.103412456482
3.4 0.01084 32.0351503491 0.0986814891862
3.4 0.011382 30.985391142 0.0945956643888
3.4 0.011924 30.0644372164 0.0918155409031
3.4 0.012466 29.1614492335 0.0884500043609
3.4 0.013008 28.2196502177 0.0847442851185
3.4 0.01355 27.1728433095 0.0814429824618
3.4 0.014092 26.3540544633 0.0789216550301
3.4 0.014634 25.5930222548 0.0763900763327
3.4 0.015176 24.7017609894 0.0734852409962
3.4 0.015718 23.9564935958 0.0709254283083
3.4 0.01626 23.2932628723 0.0686392010497
3.4 0.016802 22.7597437712 0.0666666575497
3.4 0.017344 22.1728740181 0.0643729383092
3.4 0.017886 21.413568605 0.0620803747658
3.4 0.018428 20.8313828703 0.0599099464672
3.4 0.01897 20.3588311281 0.0585468923175
3.4 0.019512 19.7548935064 0.0564906027925
3.6 0.001084 89.2997798477 0.310568528448
3.6 0.001626 82.4329246288 0.287764558697
3.6 0.002168 77.9160978654 0.271837599039
3.6 0.00271 73.3539234107 0.249044316117
3.6 0.003252 68.593111742 0.230928626551
3.6 0.003794 66.2572952108 0.222486936923
3.6 0.004336 62.0796378111 0.208112336226
3.6 0.004878 59.3432870129 0.197327522886
3.6 0.00542 56.3261580123 0.185999192074
3.6 0.005962 53.1514675633 0.173562014516
3.6 0.006504 51.3475144116 0.166840032676
3.6 0.007046 49.4407062135 0.160408156506
3.6 0.007588 47.4774171765 0.152564181484
3.6 0.00813 45.5631492164 0.145240892963
3.6 0.008672 44.1637396151 0.139584237233
3.6 0.009214 42.2320822473 0.132656378124
3.6 0.009756 40.8471133661 0.12730783174
3.6 0.010298 39.3669843558 0.122193325335
3.6 0.01084 37.7991183763 0.116065539751
3.6 0.011382 36.8048322185 0.112603742978
3.6 0.011924 35.608462628 0.109253652043
3.6 0.012466 34.6746775263 0.104022952815
3.6 0.013008 33.3496307856 0.100463758815
3.6 0.01355 32.1751442644 0.0960954643759
3.6 0.014092 31.3269468285 0.0937383873734
3.6 0.014634 30.2848191342 0.0897801369195
3.6 0.015176 29.3161406356 0.0870007605988
3.6 0.015718 28.5445543495 0.0838370431311
3.6 0.01626 27.8278726823 0.0812515470688
3.6 0.016802 27.2443554288 0.078691496218
3.6 0.017344 26.3051694869 0.0756712695494
3.6 0.017886 25.4369582689 0.0729619416261
3.6 0.018428 24.825790383 0.0709057903585
3.6 0.01897 24.1371086301 0.0688433372651
3.6 0.019512 23.4212322053 0.0663144680499
3.8 0.001084 107.089824954 0.378553987392
3.8 0.001626 98.7871009408 0.35093220411
3.8 0.002168 92.8499475722 0.328310054551
3.8 0.00271 87.1898028063 0.299947645202
3.8 0.003252 82.1986784678 0.280287722894
3.8 0.003794 78.7148916284 0.267761634997
3.8 0.004336 74.1223897917 0.250839747691
3.8 0.004878 70.733541422 0.236939977127
3.8 0.00542 66.7757576004 0.222135104362
3.8 0.005962 63.0528518436 0.207466566343
3.8 0.006504 61.4189318515 0.201691423331
3.8 0.007046 58.3734958168 0.190099852157
3.8 0.007588 56.6110624984 0.182272399889
3.8 0.00813 53.8938599361 0.172320616971
3.8 0.008672 52.8221892091 0.16791316361
3.8 0.009214 50.1362095847 0.157446559152
3.8 0.009756 48.569191689 0.15194297616
3.8 0.010298 46.6798480129 0.145056062292
3.8 0.01084 44.8542713975 0.138027788653
3.8 0.011382 43.7696970963 0.134392305484
3.8 0.011924 42.421789026 0.129170027486
3.8 0.012466 41.1717357977 0.123954721266
3.8 0.013008 39.6538161224 0.119013464344
3.8 0.01355 38.3809223636 0.114617282499
3.8 0.014092 37.1717833636 0.110533249335
3.8 0.014634 36.039195816 0.106676988939
3.8 0.015176 35.0883556761 0.103225630362
3.8 0.015718 34.0691303464 0.0994594702102
3.8 0.01626 33.3792182288 0.0961714566214
3.8 0.016802 32.3248180107 0.0926415069066
3.8 0.017344 31.1117501855 0.0887047573609
3.8 0.017886 30.4943865601 0.0870984049649
3.8 0.018428 29.4634883714 0.0834453486887
3.8 0.01897 28.8086703988 0.0814987692941
3.8 0.019512 27.9348731568 0.0783616324948
4.0 0.001084 129.776278296 0.462686087214
4.0 0.001626 119.502331971 0.428498165694
4.0 0.002168 111.834946505 0.397333440749
4.0 0.00271 104.691773651 0.362738867127
4.0 0.003252 99.2458795603 0.341415346538
4.0 0.003794 94.1742717604 0.32357730546
4.0 0.004336 89.1232130403 0.304189035447
4.0 0.004878 84.6588633572 0.285822013803
4.0 0.00542 79.6006282766 0.267151449493
4.0 0.005962 75.2716676392 0.25004260782
4.0 0.006504 73.7374260583 0.244853519928
4.0 0.007046 69.5213517343 0.227327788557
4.0 0.007588 67.6050321987 0.218419799934
4.0 0.00813 64.7570473042 0.208381778212
4.0 0.008672 62.9161265625 0.200707965302
4.0 0.009214 60.0862435537 0.18970253844
4.0 0.009756 57.9445968474 0.182258541202
4.0 0.010298 55.4554725814 0.172823966171
4.0 0.01084 53.8204904559 0.166137735692
4.0 0.011382 52.1746471591 0.160667053734
4.0 0.011924 50.8352790386 0.154192249294
4.0 0.012466 49.1203740616 0.14889417321
4.0 0.013008 47.395673793 0.141235630622
4.0 0.01355 45.8534983285 0.13685472312
4.0 0.014092 44.4174481494 0.131340722878
4.0 0.014634 43.2962210214 0.127405889677
4.0 0.015176 42.0622043768 0.122909388406
4.0 0.015718 40.8586171773 0.118155080992
4.0 0.01626 39.7575564977 0.114101614043
4.0 0.016802 38.4504134399 0.109643066319
4.0 0.017344 37.5084863044 0.106893685301
4.0 0.017886 36.2248133251 0.102512312042
4.0 0.018428 35.4265761826 0.10001747803
4.0 0.01897 34.3739649493 0.096157074
4.0 0.019512 33.4302775088 0.0927024600442
4.2 0.001084 155.869390268 0.567643417285
4.2 0.001626 143.300361146 0.52484102778
4.2 0.002168 133.627401331 0.48296168862
4.2 0.00271 125.186490015 0.441592208543
4.2 0.003252 119.3414977 0.417479439805
4.2 0.003794 112.591654163 0.392279788617
4.2 0.004336 107.235968217 0.370248389053
4.2 0.004878 101.390753813 0.346227571252
4.2 0.00542 95.1910216113 0.323253770738
4.2 0.005962 90.5223905759 0.304225944436
4.2 0.006504 87.7653796487 0.293872957496
4.2 0.007046 83.4808397997 0.274887028537
4.2 0.007588 80.704032966 0.263437725523
4.2 0.00813 77.9745893456 0.253545721342
4.2 0.008672 75.1482107933 0.241074330276
4.2 0.009214 71.9514611799 0.229272742979
4.2 0.009756 69.436059999 0.219876815516
4.2 0.010298 66.0240044511 0.206763164856
4.2 0.01084 64.7667316741 0.200126615838
4.2 0.011382 62.4444408752 0.192764143727
4.2 0.011924 60.8896020491 0.185863177459
4.2 0.012466 58.8525967117 0.17810828509
4.2 0.013008 56.8165840323 0.170366718425
4.2 0.01355 54.9064941576 0.163574719026
4.2 0.014092 53.3926666073 0.158039546871
4.2 0.014634 51.9149985354 0.152406812655
4.2 0.015176 50.342499247 0.146453978806
4.2 0.015718 48.8599757191 0.14059465034
4.2 0.01626 47.5771075023 0.137062321291
4.2 0.016802 46.1411410561 0.131424281236
4.2 0.017344 44.9249075957 0.127744824552
4.2 0.017886 43.3829167767 0.12266442253
4.2 0.018428 42.4129682052 0.118929289178
4.2 0.01897 41.1042955547 0.113922679709
4.2 0.019512 40.0495273809 0.109601447588
4.4 0.001084 188.038771067 0.697405867856
4.4 0.001626 172.712802592 0.643722006858
4.4 0.002168 160.751947471 0.589229870589
4.4 0.00271 150.614688978 0.539123048392
4.4 0.003252 144.094113117 0.511999947778
4.4 0.003794 135.250938699 0.477065102011
4.4 0.004336 129.39840682 0.452486241681
4.4 0.004878 121.705145968 0.420900637465
4.4 0.00542 114.433588372 0.393057216642
4.4 0.005962 109.421203455 0.37234791634
4.4 0.006504 104.902858425 0.354104513583
4.4 0.007046 100.629407215 0.334103545332
4.4 0.007588 96.8196340152 0.319817172144
4.4 0.00813 94.2175519123 0.309020009834
4.4 0.008672 90.2825125928 0.291479159741
4.4 0.009214 86.3482888497 0.277171364913
4.4 0.009756 83.3590987237 0.265793985226
4.4 0.010298 79.8373982047 0.251167632124
4.4 0.01084 77.6714883793 0.241566336075
4.4 0.011382 75.2862270231 0.233443049012
4.4 0.011924 73.1230893598 0.224126824174
4.4 0.012466 70.866738639 0.214438053561
4.4 0.013008 68.1276569975 0.20542909681
4.4 0.01355 66.1349397074 0.197603217349
4.4 0.014092 64.2343833866 0.190767512838
4.4 0.014634 62.3610298839 0.182996441796
4.4 0.015176 60.4857207265 0.17556147054
4.4 0.015718 58.810173186 0.170287373909
4.4 0.01626 57.1853002191 0.164304884292
4.4 0.016802 55.8072846515 0.159380560719
4.4 0.017344 53.5658498379 0.152023826513
4.4 0.017886 52.3731018544 0.148391411962
4.4 0.018428 51.0086542634 0.141595071525
4.4 0.01897 49.4545402243 0.136179677815
4.4 0.019512 48.4412574522 0.1316472787
4.6 0.001084 225.688179728 0.85662383414
4.6 0.001626 207.119180009 0.788311582502
4.6 0.002168 192.835195855 0.71952279146
4.6 0.00271 180.861326012 0.658919499499
4.6 0.003252 173.681270532 0.628033434824
4.6 0.003794 162.332031314 0.580749425508
4.6 0.004336 155.649108511 0.552480968891
4.6 0.004878 145.986508708 0.512297138279
4.6 0.00542 137.512604511 0.47843956847
4.6 0.005962 131.98645837 0.456177318407
4.6 0.006504 125.496714976 0.42768935758
4.6 0.007046 121.383510956 0.40750312564
4.6 0.007588 116.425592619 0.389051631682
4.6 0.00813 113.607071998 0.375302258367
4.6 0.008672 108.607239706 0.354358471391
4.6 0.009214 104.237419618 0.337478620024
4.6 0.009756 99.8900422356 0.321194069565
4.6 0.010298 96.6354678711 0.305037519846
4.6 0.01084 93.2929097025 0.29320001234
4.6 0.011382 90.8266420011 0.284035275541
4.6 0.011924 88.1584307187 0.270864830823
4.6 0.012466 85.3061246873 0.259822751803
4.6 0.013008 82.1885295897 0.248957592885
4.6 0.01355 79.808532294 0.239683857855
4.6 0.014092 77.417794585 0.230525800496
4.6 0.014634 75.1346422471 0.220054523364
4.6 0.015176 72.8224885205 0.211878931798
4.6 0.015718 71.0443127193 0.206681739847
4.6 0.01626 69.0890555433 0.198863523613
4.6 0.016802 67.0205462822 0.191609077956
4.6 0.017344 64.8826886963 0.184615807518
4.6 0.017886 63.3005758867 0.177355910195
4.6 0.018428 61.273280597 0.170163648469
4.6 0.01897 60.0582047137 0.164675480791
4.6 0.019512 58.4024588692 0.158723280485
