2.2 0.001084 19.2220464017 0.0676039999605
2.2 0.001626 17.8513756891 0.0629269479177
2.2 0.002168 17.0899089629 0.0598444848404
2.2 0.00271 16.6654252275 0.0578357526379
2.2 0.003252 15.9932178124 0.0550171997782
2.2 0.003794 15.0336795644 0.0512704393116
2.2 0.004336 14.5420207232 0.0495968280857
2.2 0.004878 13.99978973 0.0473482561795
2.2 0.00542 13.407169292 0.0446991398322
2.2 0.005962 12.9249407653 0.0433655899204
2.2 0.006504 12.4095122986 0.0415540339259
2.2 0.007046 11.8752694727 0.0396465176929
2.2 0.007588 11.3840882733 0.0379664280576
2.2 0.00813 10.9480125404 0.036540162837
2.2 0.008672 10.5646138897 0.0353033625712
2.2 0.009214 10.2841823347 0.0340157045445
2.2 0.009756 9.83962254184 0.0326637154112
2.2 0.010298 9.57920748578 0.0315740467853
2.2 0.01084 9.21711515562 0.0303537814815
2.2 0.011382 8.87931169636 0.0291264064001
2.2 0.011924 8.58451845895 0.0280405648731
2.2 0.012466 8.33449930508 0.02725675977
2.2 0.013008 8.06277486224 0.0264877049061
2.2 0.01355 7.73647859039 0.0253721049722
2.2 0.014092 7.54721290159 0.0244943204208
2.2 0.014634 7.2593947718 0.023639552431
2.2 0.015176 7.04772907395 0.0230407565695
2.2 0.015718 6.81518168618 0.022128758648
2.2 0.01626 6.57883736764 0.0212508866147
2.2 0.016802 6.40915621041 0.0207387466916
2.2 0.017344 6.22471740795 0.0201359708268
2.2 0.017886 5.99983840349 0.0192745681732
2.2 0.018428 5.82804204575 0.0186548325249
2.2 0.01897 5.63593545054 0.0181129284742
2.2 0.019512 5.46731972374 0.0174116917045
2.4 0.001084 25.203074307 0.0867923438038
2.4 0.001626 23.3251138984 0.0811706032412
2.4 0.002168 22.425127314 0.0774674862246
2.4 0.00271 21.7955838884 0.0744353475524
2.4 0.003252 20.6759574078 0.0699408990056
2.4 0.003794 19.5322310836 0.0655968699992
2.4 0.004336 18.8832805063 0.0633034913204
2.4 0.004878 18.066242806 0.0602871201978
2.4 0.00542 17.3113463756 0.0570842535382
2.4 0.005962 16.7647401438 0.0555411514839
2.4 0.006504 15.992839107 0.0527548154522
2.4 0.007046 15.2639800871 0.0503370621244
2.4 0.007588 14.769822256 0.0487365595295
2.4 0.00813 14.1709103454 0.0466639583481
2.4 0.008672 13.7461338267 0.0450210877778
2.4 0.009214 13.2733691121 0.0433422915311
2.4 0.009756 12.742600781 0.041407900869
2.4 0.010298 12.3344994305 0.0398690565369
2.4 0.01084 11.8752859478 0.0385708114272
2.4 0.011382 11.4979979052 0.036894700737
2.4 0.011924 11.1340070052 0.0358043221529
2.4 0.012466 10.7952652586 0.0347776476059
2.4 0.013008 10.369776371 0.0334053241158
2.4 0.01355 10.0521094083 0.0321984910085
2.4 0.014092 9.70743141622 0.0308857802943
2.4 0.014634 9.38848942161 0.029964542106
2.4 0.015176 9.10876915543 0.0290382670979
2.4 0.015718 8.8295001076 0.0279611624539
2.4 0.01626 8.55987277672 0.0270456050353
2.4 0.016802 8.31742720093 0.0262246704965
2.4 0.017344 8.01958460149 0.0252907969218
2.4 0.017886 7.77598316468 0.0244417432045
2.4 0.018428 7.55507685076 0.0235960983498
2.4 0.01897 7.31182945176 0.0226961651744
2.4 0.019512 7.11613584935 0.0221036062112
2.6 0.001084 32.1793893705 0.109219420143
2.6 0.001626 29.7269414996 0.101973554957
2.6 0.002168 28.6212248956 0.0976526691029
2.6 0.00271 27.6584973202 0.093232942103
2.6 0.003252 26.0251821995 0.0868009825823
2.6 0.003794 24.8374783574 0.0824259001173
2.6 0.004336 23.8991474621 0.0791256641609
2.6 0.004878 22.7282188145 0.0747715713233
2.6 0.00542 21.8271783425 0.0712858628502
2.6 0.005962 21.0174041844 0.0684960662357
2.6 0.006504 19.970336739 0.0648366451947
2.6 0.007046 19.1156307176 0.0621831589519
2.6 0.007588 18.6792629282 0.060889274426
2.6 0.00813 17.7410463476 0.0575191925149
2.6 0.008672 17.3771562384 0.0558572445357
2.6 0.009214 16.6191252308 0.0533781282513
2.6 0.009756 16.1285946365 0.0510923139615
2.6 0.010298 15.4974954362 0.0494007714773
2.6 0.01084 15.0227793611 0.0475134280627
2.6 0.011382 14.5460961942 0.0458539683591
2.6 0.011924 14.0689192887 0.0444628484593
2.6 0.012466 13.569042467 0.0428696522381
2.6 0.013008 13.0467144329 0.0411031192913
2.6 0.01355 12.6045633871 0.0394786992473
2.6 0.014092 12.199062374 0.0381286389983
2.6 0.014634 11.8249271894 0.0372060488357
2.6 0.015176 11.4910662102 0.0357198351012
2.6 0.015718 11.1958755782 0.0347488398328
2.6 0.01626 10.8047400757 0.0335611362785
2.6 0.016802 10.4082600218 0.0322257006897
2.6 0.017344 10.1300110302 0.0311656456998
2.6 0.017886 9.83266995637 0.0300061349901
2.6 0.018428 9.52476985863 0.0290936452696
2.6 0.01897 9.25628543921 0.0281940276677
2.6 0.019512 8.94109349107 0.0271339041132
2.8 0.001084 40.1182382134 0.135437210353
2.8 0.001626 37.0961414416 0.126237926149
2.8 0.002168 35.6813606136 0.120703776262
2.8 0.00271 34.2722988435 0.11446799022
2.8 0.003252 31.9994061027 0.105864130155
2.8 0.003794 30.8551690717 0.101707766207
2.8 0.004336 29.4351589302 0.0966231749388
2.8 0.004878 27.9541358514 0.0911104597819
2.8 0.00542 26.9240896635 0.0873035763984
2.8 0.005962 25.7329659355 0.0831571622952
2.8 0.006504 24.4217156727 0.078792277505
2.8 0.007046 23.6524482858 0.0764506165775
2.8 0.007588 22.9608162379 0.0740903937056
2.8 0.00813 21.9563242233 0.0701949190758
2.8 0.008672 21.3263282853 0.0677883358618
2.8 0.009214 20.449344674 0.0648438400676
2.8 0.009756 19.8269832695 0.0620068239462
2.8 0.010298 18.9561366013 0.0599561451947
2.8 0.01084 18.5493079081 0.0574807526287
2.8 0.011382 17.819858638 0.0556808176419
2.8 0.011924 17.2703655645 0.0535608769829
2.8 0.012466 16.6058384969 0.0514872469799
2.8 0.013008 16.0579292733 0.0496466979296
2.8 0.01355 15.574767643 0.0476493122594
2.8 0.014092 15.0885157487 0.0464194907143
2.8 0.014634 14.6217347955 0.0446082508062
2.8 0.015176 14.2136267312 0.0434322469313
2.8 0.015718 13.7396225373 0.0417532470546
2.8 0.01626 13.2581463007 0.0401509643534
2.8 0.016802 12.8989126951 0.0390320142288
2.8 0.017344 12.5448707386 0.037816017707
2.8 0.017886 12.1548099627 0.036401477627
2.8 0.018428 11.816892557 0.0352440212009
2.8 0.01897 11.4386742506 0.0341048574088
2.8 0.019512 11.0521355399 0.0329218125502
3.0 0.001084 49.0235212979 0.165624360362
3.0 0.001626 45.3761471681 0.154106554673
3.0 0.002168 43.5626069762 0.147717405629
3.0 0.00271 41.6400159739 0.138895849901
3.0 0.003252 38.5981125923 0.127281337662
3.0 0.003794 37.6034846731 0.123677138526
3.0 0.004336 35.4715430401 0.116419131138
3.0 0.004878 33.7731004754 0.109885533856
3.0 0.00542 32.5735169576 0.105641223736
3.0 0.005962 30.9082149387 0.0995624833529
3.0 0.006504 29.3929891759 0.0940521839974
3.0 0.007046 28.8078304424 0.092584060724
3.0 0.007588 27.5425451558 0.0880994800883
3.0 0.00813 26.5741493624 0.0842504396592
3.0 0.008672 25.5989275244 0.0810056649719
3.0 0.009214 24.7520828489 0.0773556774406
3.0 0.009756 23.7388484525 0.0742759873742
3.0 0.010298 22.9875664728 0.0716682893949
3.0 0.01084 22.2925588079 0.0690072987737
3.0 0.011382 21.451982066 0.0661481856852
3.0 0.011924 20.7357108478 0.0635420626728
3.0 0.012466 20.0645499981 0.061512681625
3.0 0.013008 19.4422269178 0.059245138674
3.0 0.01355 18.8463929169 0.0569846039661
3.0 0.014092 18.2248494926 0.0550917216905
3.0 0.014634 17.670559594 0.0532636279549
3.0 0.015176 17.1657848683 0.0517518288872
3.0 0.015718 16.5661070564 0.0495264404816
3.0 0.01626 16.056897716 0.0480186976752
3.0 0.016802 15.6372537814 0.046633583501
3.0 0.017344 15.1612449806 0.0450314850015
3.0 0.017886 14.7955965716 0.0436578815536
3.0 0.018428 14.3699885732 0.0422248365393
3.0 0.01897 13.8700922408 0.0407868349584
3.0 0.019512 13.5601301884 0.0395057037425
3.2 0.001084 59.2513129973 0.202251704459
3.2 0.001626 54.8693660311 0.187378626645
3.2 0.002168 52.4410434603 0.179907102054
3.2 0.00271 49.877757576 0.166778723098
3.2 0.003252 45.958125391 0.152131441534
3.2 0.003794 45.2520790984 0.149254876701
3.2 0.004336 42.1782006079 0.139322073418
3.2 0.004878 40.3750164531 0.132125987704
3.2 0.00542 38.9122628 0.126726995224
3.2 0.005962 36.680763683 0.11841525349
3.2 0.006504 34.8933083968 0.111339670609
3.2 0.007046 34.6143223058 0.111412997399
3.2 0.007588 32.5284794649 0.103808729273
3.2 0.00813 31.7486893905 0.100516239668
3.2 0.008672 30.2692919482 0.0955250513682
3.2 0.009214 29.5761687403 0.0920234677121
3.2 0.009756 28.0226434022 0.0879065055102
3.2 0.010298 27.5255898706 0.0850193856231
3.2 0.01084 26.4087337683 0.0815322286598
3.2 0.011382 25.4259962421 0.0776646502109
3.2 0.011924 24.739590657 0.0753966031231
3.2 0.012466 23.9064536897 0.0731566415392
3.2 0.013008 23.2702872864 0.0698756579822
3.2 0.01355 22.4863174805 0.0678103814459
3.2 0.014092 21.6422023913 0.0647507072779
3.2 0.014634 21.1426786226 0.0635367784858
3.2 0.015176 20.4455844469 0.0608170991939
3.2 0.015718 19.7760011786 0.0590700819183
3.2 0.01626 19.25316923 0.0569588833955
3.2 0.016802 18.6889353427 0.0549813452275
3.2 0.017344 18.3393697556 0.0536183818754
3.2 0.017886 17.7878883272 0.0516995087621
3.2 0.018428 17.1737537807 0.0499678733188
3.2 0.01897 16.774406695 0.0482934650729
3.2 0.019512 16.316449411 0.0471249085925
3.4 0.001084 71.5571274566 0.245986554486
3.4 0.001626 66.2252961438 0.228413411293
3.4 0.002168 62.871128773 0.217588135679
3.4 0.00271 59.4452702465 0.200005536355
3.4 0.003252 55.224730963 0.184135968644
3.4 0.003794 53.919532419 0.179062151978
3.4 0.004336 50.344430797 0.167285859004
3.4 0.004878 48.2610148811 0.158949212936
3.4 0.00542 46.1221765725 0.150601762558
3.4 0.005962 43.5222363787 0.141083999556
3.4 0.006504 41.7418858613 0.13400559191
3.4 0.007046 40.8049274814 0.131337238467
3.4 0.007588 38.766602438 0.123807986889
3.4 0.00813 37.5696534058 0.119044795838
3.4 0.008672 36.0638585091 0.113482776315
3.4 0.009214 34.9297080567 0.109103703304
3.4 0.009756 33.4826203209 0.103979466176
3.4 0.010298 32.5359018956 0.100409692325
3.4 0.01084 31.2296536688 0.0959099890054
3.4 0.011382 30.1822704542 0.0920024897758
3.4 0.011924 29.3528963368 0.0895272429776
3.4 0.012466 28.4495667054 0.0860578406995
3.4 0.013008 27.610980241 0.0828817253038
3.4 0.01355 26.6130122077 0.0797758579793
3.4 0.014092 25.7861486379 0.0770273612839
3.4 0.014634 25.0288506398 0.0745535019081
3.4 0.015176 24.2469742785 0.0720204704837
3.4 0.015718 23.6059468654 0.0697610611645
3.4 0.01626 22.9559007888 0.0672274289643
3.4 0.016802 22.4593149907 0.0651890772015
3.4 0.017344 21.8631714164 0.0630453181647
3.4 0.017886 21.0943935302 0.060709082957
3.4 0.018428 20.5261723866 0.0589457951129
3.4 0.01897 19.9456430487 0.0570869896606
3.4 0.019512 19.4057219855 0.0554781438806
3.6 0.001084 86.4292045764 0.299872757601
3.6 0.001626 79.9225648518 0.278704781698
3.6 0.002168 75.3630761382 0.262537666692
3.6 0.00271 70.8521916512 0.240144185932
3.6 0.003252 66.3503237743 0.222908571894
3.6 0.003794 64.0840398832 0.215003005785
3.6 0.004336 60.1012046175 0.201217310145
3.6 0.004878 57.536744474 0.190603132642
3.6 0.00542 54.58121092 0.179285856103
3.6 0.005962 51.5373433944 0.168135218079
3.6 0.006504 49.8813608153 0.161812326695
3.6 0.007046 48.0521856131 0.155250398868
3.6 0.007588 46.0883758165 0.147368042918
3.6 0.00813 44.3434801687 0.140877894439
3.6 0.008672 42.9911460194 0.135866647063
3.6 0.009214 41.2561458462 0.128994198104
3.6 0.009756 39.8353238057 0.123723748013
3.6 0.010298 38.4662441574 0.119121669964
3.6 0.01084 36.7202048834 0.112608536078
3.6 0.011382 35.9129184063 0.109603740726
3.6 0.011924 34.6714560489 0.105858489037
3.6 0.012466 33.8246764912 0.101434695988
3.6 0.013008 32.6925726012 0.0987507253409
3.6 0.01355 31.4900273658 0.0935529251293
3.6 0.014092 30.6071119361 0.0913668934917
3.6 0.014634 29.6076627472 0.0877303220137
3.6 0.015176 28.864040644 0.0851991766392
3.6 0.015718 28.1473212823 0.0824001352765
3.6 0.01626 27.350728996 0.0792436682234
3.6 0.016802 26.7322643463 0.076767251356
3.6 0.017344 25.8559550687 0.0740943598504
3.6 0.017886 25.1029126823 0.0717449409051
3.6 0.018428 24.4214392633 0.0696642978327
3.6 0.01897 23.7039328732 0.0672004155117
3.6 0.019512 23.0855062802 0.065281659416
3.8 0.001084 103.823310307 0.366112697822
3.8 0.001626 95.7920739044 0.339899927552
3.8 0.002168 89.8034664315 0.316901547815
3.8 0.00271 84.2600821129 0.289459084191
3.8 0.003252 79.6030536329 0.270638583973
3.8 0.003794 76.2245341331 0.258747759978
3.8 0.004336 71.9457682321 0.24288424177
3.8 0.004878 68.6760297029 0.229187811463
3.8 0.00542 64.8326950416 0.214878272725
3.8 0.005962 61.2655749299 0.201525674445
3.8 0.006504 59.6919696577 0.195854270058
3.8 0.007046 56.6918211715 0.183946683902
3.8 0.007588 54.9524055746 0.176124620288
3.8 0.00813 52.5705808022 0.168187853461
3.8 0.008672 51.3650865748 0.163455290141
3.8 0.009214 49.0061256404 0.153233523494
3.8 0.009756 47.3312383716 0.147772749697
3.8 0.010298 45.5893988912 0.141610825837
3.8 0.01084 43.6418683512 0.134029083867
3.8 0.011382 42.6839749863 0.130371896181
3.8 0.011924 41.2808342727 0.125582125949
3.8 0.012466 40.1802051305 0.121280822644
3.8 0.013008 38.8312759233 0.116362619106
3.8 0.01355 37.5282936859 0.111730850479
3.8 0.014092 36.3170911671 0.107644467237
3.8 0.014634 35.3569195027 0.104205376618
3.8 0.015176 34.5112401103 0.101038860529
3.8 0.015718 33.4513030597 0.0970431580451
3.8 0.01626 32.5589161093 0.0934630998258
3.8 0.016802 31.6883837419 0.0910693631334
3.8 0.017344 30.6701734539 0.0872508510742
3.8 0.017886 30.0412550896 0.0858179402472
3.8 0.018428 28.8575312821 0.0814686232173
3.8 0.01897 28.307853627 0.0797536323017
3.8 0.019512 27.4551110278 0.0767591548616
4.0 0.001084 125.971795764 0.447947849372
4.0 0.001626 116.064033491 0.415760285978
4.0 0.002168 108.284644378 0.38419792771
4.0 0.00271 101.419065314 0.351247840345
4.0 0.003252 96.2567678751 0.330192620485
4.0 0.003794 91.3992898216 0.312932302718
4.0 0.004336 86.6733339755 0.294842433401
4.0 0.004878 82.315782812 0.276855010884
4.0 0.00542 77.5023882675 0.259399845441
4.0 0.005962 73.3157158814 0.242862560941
4.0 0.006504 71.7262034168 0.237497774202
4.0 0.007046 67.5155030964 0.219836428538
4.0 0.007588 65.6759215034 0.211817899934
4.0 0.00813 63.0636846328 0.203336482084
4.0 0.008672 61.2339007773 0.195430413448
4.0 0.009214 58.6485201809 0.184747471961
4.0 0.009756 56.5533829043 0.177476906444
4.0 0.010298 54.1332875008 0.168618906547
4.0 0.01084 52.4967485143 0.161156717106
4.0 0.011382 50.7877973204 0.155567347778
4.0 0.011924 49.4253749925 0.15059765103
4.0 0.012466 47.9904589299 0.1451364937
4.0 0.013008 46.3999730617 0.138492492743
4.0 0.01355 44.7215210882 0.133443812113
4.0 0.014092 43.4154478871 0.128403346668
4.0 0.014634 42.3277132576 0.124551315904
4.0 0.015176 41.1700048511 0.119855077551
4.0 0.015718 39.9392920815 0.11502771728
4.0 0.01626 38.8905254882 0.111788922106
4.0 0.016802 37.8228710667 0.108251939945
4.0 0.017344 36.8614476566 0.104919748299
4.0 0.017886 35.5095622889 0.100552737702
4.0 0.018428 34.6388945623 0.0979977118898
4.0 0.01897 33.7793460426 0.0943172848268
4.0 0.019512 32.6169259448 0.0904405537457
4.2 0.001084 151.570347349 0.549926270294
4.2 0.001626 139.450930433 0.509625102695
4.2 0.002168 129.780513627 0.468013477482
4.2 0.00271 121.505751345 0.428025396753
4.2 0.003252 115.870430019 0.404090116674
4.2 0.003794 109.450586412 0.379918587453
4.2 0.004336 104.326800146 0.359343862318
4.2 0.004878 98.5756615908 0.335270028594
4.2 0.00542 92.737944969 0.314321992888
4.2 0.005962 88.3020987576 0.295762433921
4.2 0.006504 85.4323874773 0.285069701992
4.2 0.007046 81.1037225879 0.266138526886
4.2 0.007588 78.4700328091 0.2561554097
4.2 0.00813 75.8585432044 0.246841455774
4.2 0.008672 73.2789338462 0.234986859365
4.2 0.009214 70.0587101 0.22244660396
4.2 0.009756 67.9003066149 0.214401023109
4.2 0.010298 64.3554242732 0.202094082053
4.2 0.01084 63.152000124 0.194060617683
4.2 0.011382 60.746753573 0.187430628214
4.2 0.011924 59.2586468835 0.181495131789
4.2 0.012466 57.5186949376 0.173641084626
4.2 0.013008 55.4928802192 0.16660356482
4.2 0.01355 53.6083921707 0.160123149745
4.2 0.014092 52.1371137528 0.15466762076
4.2 0.014634 50.6795578428 0.14907694969
4.2 0.015176 49.2290396784 0.142961211879
4.2 0.015718 47.7481239198 0.137339925436
4.2 0.01626 46.600300542 0.134643259981
4.2 0.016802 45.3271994653 0.129453662276
4.2 0.017344 44.0193185321 0.125151545456
4.2 0.017886 42.5442183605 0.120582172975
4.2 0.018428 41.5865096557 0.116788010608
4.2 0.01897 40.2918283582 0.111858790455
4.2 0.019512 39.4147470038 0.108104122629
4.4 0.001084 182.979784037 0.676609676038
4.4 0.001626 168.14259981 0.625298427066
4.4 0.002168 156.351884438 0.571993061816
4.4 0.00271 146.324861223 0.523276154019
4.4 0.003252 139.988939859 0.495650142208
4.4 0.003794 131.461417814 0.462389763867
4.4 0.004336 126.058238243 0.439953993882
4.4 0.004878 118.345937201 0.407986729879
4.4 0.00542 111.386809188 0.381897526955
4.4 0.005962 106.71999623 0.36244102844
4.4 0.006504 102.159051578 0.343802240679
4.4 0.007046 97.836610681 0.324178253009
4.4 0.007588 94.3340000216 0.311414334393
4.4 0.00813 91.6958960489 0.299915556061
4.4 0.008672 88.2623497604 0.284704557153
4.4 0.009214 84.2351404322 0.269074451086
4.4 0.009756 81.5713010081 0.259709303465
4.4 0.010298 77.8615344012 0.244891780375
4.4 0.01084 75.7456377075 0.235463287979
4.4 0.011382 73.264952855 0.227906036441
4.4 0.011924 71.3379104112 0.218920155929
4.4 0.012466 69.3115484147 0.209793216516
4.4 0.013008 66.4981862929 0.201538425653
4.4 0.01355 64.636542127 0.193098075185
4.4 0.014092 62.8371568965 0.186820768331
4.4 0.014634 61.0083969906 0.179255359505
4.4 0.015176 59.2069943325 0.171888697086
4.4 0.015718 57.5751612555 0.167074774007
4.4 0.01626 56.03941956 0.161397867775
4.4 0.016802 54.5813714818 0.156021091622
4.4 0.017344 52.6815198784 0.149628043728
4.4 0.017886 51.3591858194 0.145289120552
4.4 0.018428 50.0196964136 0.139235103341
4.4 0.01897 48.5543877738 0.134216224735
4.4 0.019512 47.4954027747 0.130001033281
4.6 0.001084 219.665130265 0.832193551066
4.6 0.001626 201.662270052 0.766037754526
4.6 0.002168 187.598947853 0.699637896252
4.6 0.00271 175.777964922 0.639744371296
4.6 0.003252 168.756842917 0.608136742932
4.6 0.003794 157.649773073 0.563360037182
4.6 0.004336 151.748197448 0.537058646593
4.6 0.004878 141.954679328 0.497103565895
4.6 0.00542 133.919502897 0.465004205883
4.6 0.005962 128.785471921 0.44400946236
4.6 0.006504 122.327034471 0.415798534853
4.6 0.007046 118.160864948 0.395498663215
4.6 0.007588 113.667797909 0.379022075858
4.6 0.00813 110.718990886 0.364081359191
4.6 0.008672 106.152481521 0.345128756447
4.6 0.009214 101.931247285 0.328765742679
4.6 0.009756 97.7382037185 0.313727082083
4.6 0.010298 94.3049242623 0.297419326843
4.6 0.01084 91.1298649973 0.287438093637
4.6 0.011382 88.2305847383 0.276744027336
4.6 0.011924 85.9924247772 0.265056873701
4.6 0.012466 83.3135209463 0.254631707331
4.6 0.013008 80.2211656478 0.243851001751
4.6 0.01355 78.048809614 0.234285804492
4.6 0.014092 75.8097283011 0.225756265162
4.6 0.014634 73.6929745019 0.215657993974
4.6 0.015176 71.4351470694 0.208769897272
4.6 0.015718 69.5689300231 0.20240413158
4.6 0.01626 67.6764302032 0.194484977381
4.6 0.016802 65.731222463 0.187849464828
4.6 0.017344 63.6996989662 0.180804202394
4.6 0.017886 61.9947324876 0.173905729281
4.6 0.018428 60.1795424743 0.167881198209
4.6 0.01897 58.736859888 0.161179166012
4.6 0.019512 57.2201706355 0.156816185377
