2.2 0.332864464315 22819.9384738 1.34374383014
2.4 0.416566658733 23428.8422113 1.34159565085
2.6 0.514673451598 23092.6947316 1.33740122523
2.8 0.628654199803 22229.5198582 1.33336904922
3.0 0.760036556605 20628.3167115 1.32594288812
3.2 0.910405532495 19045.0847839 1.32083613422
3.4 1.08140261834 17541.9892252 1.31465790732
3.6 1.27472496387 16045.2729566 1.30481244965
3.8 1.49212460555 14748.434911 1.29355110459
4.0 1.7354077389 13828.6511338 1.28248054115
4.2 2.00643403086 13221.2030893 1.27399863518
4.4 2.30711596845 12736.4970368 1.26228373115
4.6 2.63941824052 12069.4445775 1.2573580549
