2.2 0.001084 35.693221353 0.120750690492
2.2 0.001626 32.9766738726 0.112171999403
2.2 0.002168 31.3844893842 0.106138741908
2.2 0.00271 30.3914959169 0.101875757124
2.2 0.003252 29.0129874663 0.096458769689
2.2 0.003794 27.2367784513 0.0898208399487
2.2 0.004336 26.2573457702 0.0865995068805
2.2 0.004878 25.145708068 0.0824493210498
2.2 0.00542 23.9463612995 0.0777102434787
2.2 0.005962 23.0046013782 0.0750077251704
2.2 0.006504 22.017261143 0.0716380377988
2.2 0.007046 20.9721987161 0.0679802681064
2.2 0.007588 20.0444469985 0.0648847187667
2.2 0.00813 19.2465743496 0.0623645192695
2.2 0.008672 18.5117992771 0.0600111323951
2.2 0.009214 18.0216957454 0.0579834994665
2.2 0.009756 17.1679239642 0.0551038680062
2.2 0.010298 16.7300690431 0.0533613745999
2.2 0.01084 16.0019559089 0.0509875755329
2.2 0.011382 15.4166351954 0.0490220987409
2.2 0.011924 14.9061239081 0.0472432745416
2.2 0.012466 14.4342657505 0.0457039461059
2.2 0.013008 13.9155013277 0.0441285028881
2.2 0.01355 13.3128255738 0.0421588267679
2.2 0.014092 12.9790606286 0.0408055808333
2.2 0.014634 12.451913361 0.0391161542546
2.2 0.015176 12.0451105235 0.0379576072448
2.2 0.015718 11.6750768501 0.0365878248911
2.2 0.01626 11.2934725022 0.0352085803612
2.2 0.016802 11.001816225 0.0342744834629
2.2 0.017344 10.6688264278 0.0332016455283
2.2 0.017886 10.2574598748 0.0317680015934
2.2 0.018428 9.94341296109 0.0306800234008
2.2 0.01897 9.64312267945 0.0297864192901
2.2 0.019512 9.32606103612 0.0287123458469
2.4 0.001084 47.6687067915 0.159116534712
2.4 0.001626 43.9531283987 0.148589977639
2.4 0.002168 41.9421838772 0.140838399197
2.4 0.00271 40.398122345 0.134216907643
2.4 0.003252 38.1921097127 0.125723229205
2.4 0.003794 36.0818810101 0.117925645901
2.4 0.004336 34.7408273493 0.113379362718
2.4 0.004878 33.0462625877 0.107421227227
2.4 0.00542 31.513424696 0.101614037647
2.4 0.005962 30.3714549138 0.0981484185029
2.4 0.006504 28.883619579 0.0931771989027
2.4 0.007046 27.4219973805 0.0880034621332
2.4 0.007588 26.4667461725 0.0850651069164
2.4 0.00813 25.3369118995 0.081143201935
2.4 0.008672 24.5468755777 0.0782589390578
2.4 0.009214 23.6509828286 0.0751584647265
2.4 0.009756 22.6721657868 0.0715578484266
2.4 0.010298 21.9123672188 0.0687978279998
2.4 0.01084 20.9632627164 0.0661126916297
2.4 0.011382 20.3495908021 0.0635232455948
2.4 0.011924 19.6113109165 0.0611865041489
2.4 0.012466 18.987224198 0.0592174387168
2.4 0.013008 18.2091128432 0.056507491392
2.4 0.01355 17.6431642584 0.0545999430927
2.4 0.014092 17.0095211915 0.0523215908887
2.4 0.014634 16.3997018413 0.0505312837009
2.4 0.015176 15.8842618777 0.0488143602875
2.4 0.015718 15.4203485401 0.0470297678605
2.4 0.01626 14.9690972529 0.0455429493836
2.4 0.016802 14.5121107265 0.0440979234371
2.4 0.017344 13.9866409402 0.0425617943331
2.4 0.017886 13.5261558116 0.0409669964347
2.4 0.018428 13.1531307784 0.0395088291824
2.4 0.01897 12.7219149044 0.0381881763601
2.4 0.019512 12.3506796805 0.0368964117192
2.6 0.001084 62.250857841 0.206575541372
2.6 0.001626 57.3304630676 0.192880434402
2.6 0.002168 54.6836194682 0.183034519636
2.6 0.00271 52.3634662372 0.173032807467
2.6 0.003252 49.2215063333 0.160903568689
2.6 0.003794 46.9224694588 0.15257309038
2.6 0.004336 44.9361432195 0.14571187618
2.6 0.004878 42.5223759814 0.137094318964
2.6 0.00542 40.6227276647 0.130222897399
2.6 0.005962 38.9262216513 0.124835201943
2.6 0.006504 36.8490648842 0.11789873721
2.6 0.007046 35.0942900115 0.111608368171
2.6 0.007588 34.1897296572 0.109461225416
2.6 0.00813 32.3916713892 0.102840154578
2.6 0.008672 31.7197091656 0.100081512353
2.6 0.009214 30.1767287355 0.0947967862807
2.6 0.009756 29.2889930554 0.0907000729421
2.6 0.010298 27.9649349691 0.0870403044173
2.6 0.01084 27.1040752696 0.0836020840141
2.6 0.011382 26.1979297557 0.0805226227351
2.6 0.011924 25.2795291369 0.0777245293235
2.6 0.012466 24.3825433483 0.0746201698407
2.6 0.013008 23.4552524977 0.0714852702424
2.6 0.01355 22.6551895476 0.0688336352186
2.6 0.014092 21.8586040292 0.0662177223472
2.6 0.014634 21.1068308092 0.0639643974614
2.6 0.015176 20.5179493177 0.0615165701139
2.6 0.015718 19.965655293 0.0597210954614
2.6 0.01626 19.2960428669 0.0579260484251
2.6 0.016802 18.5840194868 0.0553966275616
2.6 0.017344 18.0444773746 0.0535134834103
2.6 0.017886 17.4981689406 0.0515295650121
2.6 0.018428 16.9527722656 0.0499574696418
2.6 0.01897 16.4604455576 0.0482877918846
2.6 0.019512 15.8436343993 0.0463657169683
2.8 0.001084 79.6810054684 0.266086501225
2.8 0.001626 73.4711612205 0.247927236347
2.8 0.002168 69.9139115268 0.234996015092
2.8 0.00271 66.5919660807 0.220294343172
2.8 0.003252 62.2508555609 0.20363241012
2.8 0.003794 59.8827085534 0.195118953299
2.8 0.004336 56.8809134414 0.1847562792
2.8 0.004878 53.7945749035 0.173308569772
2.8 0.00542 51.5111029268 0.165349096219
2.8 0.005962 49.0111199151 0.157339558056
2.8 0.006504 46.341128236 0.14784773493
2.8 0.007046 44.6182490799 0.142070137168
2.8 0.007588 43.1383177409 0.137677186206
2.8 0.00813 41.2275880861 0.130248255323
2.8 0.008672 39.9442633907 0.125432409309
2.8 0.009214 38.1384299891 0.118935158882
2.8 0.009756 36.9938217666 0.113902154201
2.8 0.010298 35.1619591703 0.109179799597
2.8 0.01084 34.4376931622 0.104977793503
2.8 0.011382 32.9490776144 0.101156629572
2.8 0.011924 31.9464831944 0.0969684601063
2.8 0.012466 30.7225482632 0.0926112918191
2.8 0.013008 29.7573392432 0.0898925200651
2.8 0.01355 28.7950962114 0.0858550689989
2.8 0.014092 27.7733204194 0.0827338405461
2.8 0.014634 26.850252197 0.0794125722392
2.8 0.015176 26.0704035972 0.0772191581216
2.8 0.015718 25.2762250011 0.0745881400739
2.8 0.01626 24.3653839768 0.0713940570864
2.8 0.016802 23.6398236966 0.0690801963925
2.8 0.017344 22.9406661615 0.0669062266007
2.8 0.017886 22.2258128019 0.0644807809503
2.8 0.018428 21.6080120618 0.0622856941908
2.8 0.01897 20.8652319186 0.0600294873994
2.8 0.019512 20.1187316522 0.0578037370879
3.0 0.001084 100.665998019 0.340993668651
3.0 0.001626 92.87809048 0.316675587736
3.0 0.002168 88.1755416393 0.300499967784
3.0 0.00271 83.663671189 0.27881658776
3.0 0.003252 77.8614683409 0.256410174199
3.0 0.003794 75.5186930282 0.248340603748
3.0 0.004336 71.0245144195 0.232750032423
3.0 0.004878 67.4235418885 0.218724858
3.0 0.00542 64.5103787774 0.209176947385
3.0 0.005962 61.0156319775 0.196772245509
3.0 0.006504 57.7694297241 0.183904014872
3.0 0.007046 56.2257108733 0.179808492543
3.0 0.007588 53.665340788 0.17075343801
3.0 0.00813 51.7451497054 0.16323722514
3.0 0.008672 49.628111301 0.155780057812
3.0 0.009214 48.0265025924 0.148936108608
3.0 0.009756 46.0071622159 0.14246990443
3.0 0.010298 44.3784831321 0.136679249008
3.0 0.01084 42.9359878938 0.131218911404
3.0 0.011382 41.2900600079 0.125299674663
3.0 0.011924 39.9162910718 0.120001395207
3.0 0.012466 38.6341704843 0.116222158321
3.0 0.013008 37.4472189852 0.111949480507
3.0 0.01355 36.180634277 0.106756571803
3.0 0.014092 34.8389141894 0.102570882665
3.0 0.014634 33.7433637001 0.0991270184335
3.0 0.015176 32.7980986033 0.0962445555385
3.0 0.015718 31.6871828974 0.0922468268354
3.0 0.01626 30.5501165971 0.0885256158114
3.0 0.016802 29.7059321224 0.0861140425858
3.0 0.017344 28.8017678061 0.0833569212247
3.0 0.017886 28.072721304 0.0804719787853
3.0 0.018428 27.2114852905 0.0774641662502
3.0 0.01897 26.1787931585 0.0745475560903
3.0 0.019512 25.5628887516 0.0720668278344
3.2 0.001084 126.472215511 0.438432118316
3.2 0.001626 116.742931716 0.406006791335
3.2 0.002168 110.299003071 0.384183631774
3.2 0.00271 104.49128988 0.352952488602
3.2 0.003252 97.0021279036 0.324726658648
3.2 0.003794 94.8184577859 0.316604760917
3.2 0.004336 88.3108599784 0.293816862255
3.2 0.004878 84.446628074 0.278218202958
3.2 0.00542 80.4867922792 0.264813329841
3.2 0.005962 75.8224751961 0.246949122266
3.2 0.006504 71.7519250453 0.230203703731
3.2 0.007046 70.563475303 0.228244509212
3.2 0.007588 66.4885593718 0.21233817449
3.2 0.00813 64.8696207417 0.205652631138
3.2 0.008672 61.4961620703 0.193496719854
3.2 0.009214 60.450492755 0.18818632714
3.2 0.009756 57.0368811248 0.177473456709
3.2 0.010298 55.6246267329 0.171304320202
3.2 0.01084 53.3653795578 0.163689994257
3.2 0.011382 51.4518898807 0.155338876645
3.2 0.011924 49.9564181084 0.150456661182
3.2 0.012466 48.4068460948 0.146382814064
3.2 0.013008 47.1221031856 0.139243207115
3.2 0.01355 45.1483618369 0.133365421724
3.2 0.014092 43.5839086346 0.127881088276
3.2 0.014634 42.3942489 0.124613051437
3.2 0.015176 41.0901352189 0.119513608609
3.2 0.015718 39.4452327697 0.114821611397
3.2 0.01626 38.3243228124 0.110710110152
3.2 0.016802 37.2159194738 0.10766553689
3.2 0.017344 36.4568082771 0.104201029797
3.2 0.017886 35.3345350359 0.100131203406
3.2 0.018428 33.9265796391 0.095974711134
3.2 0.01897 33.0698595116 0.0924428969414
3.2 0.019512 32.3796326449 0.0908166300363
3.4 0.001084 159.452958759 0.565149597168
3.4 0.001626 147.106588338 0.523940903372
3.4 0.002168 138.20034109 0.491195274372
3.4 0.00271 130.695658756 0.449832803333
3.4 0.003252 122.346039217 0.417717980736
3.4 0.003794 118.723950033 0.4038616032
3.4 0.004336 110.925970466 0.37509438943
3.4 0.004878 106.188201187 0.355997751994
3.4 0.00542 100.54963766 0.334696663089
3.4 0.005962 94.732389708 0.312293598726
3.4 0.006504 90.4744231939 0.295449322098
3.4 0.007046 87.8743020613 0.286609314159
3.4 0.007588 83.6834210722 0.269526549058
3.4 0.00813 81.0027012577 0.25849764905
3.4 0.008672 77.6269112857 0.24561426808
3.4 0.009214 75.4774493868 0.237095904359
3.4 0.009756 72.0127247948 0.224470310681
3.4 0.010298 69.5488628873 0.215715489017
3.4 0.01084 66.8275878885 0.205253199584
3.4 0.011382 64.6084014442 0.196556874353
3.4 0.011924 62.7994856233 0.190888008088
3.4 0.012466 61.018482435 0.183374172778
3.4 0.013008 59.0011519379 0.175174023351
3.4 0.01355 56.7427154243 0.167932216978
3.4 0.014092 54.9368096501 0.161921770579
3.4 0.014634 53.2294693874 0.155898698252
3.4 0.015176 51.4091985958 0.149724291803
3.4 0.015718 49.8081729644 0.144439521374
3.4 0.01626 48.3669132732 0.139835080614
3.4 0.016802 47.2826449485 0.135210306633
3.4 0.017344 45.9573104873 0.130192822458
3.4 0.017886 44.1801106084 0.124415856544
3.4 0.018428 42.9552000092 0.120230954733
3.4 0.01897 41.867444005 0.116869771745
3.4 0.019512 40.7832908834 0.113542011497
3.6 0.001084 201.704183547 0.733153260292
3.6 0.001626 186.019004906 0.679390984127
3.6 0.002168 174.038782568 0.630653180245
3.6 0.00271 164.304359202 0.57774901194
3.6 0.003252 155.03022574 0.540809352955
3.6 0.003794 149.106652756 0.518147183446
3.6 0.004336 140.093521235 0.482546436054
3.6 0.004878 133.83339855 0.456500649214
3.6 0.00542 126.174705326 0.426501701831
3.6 0.005962 119.014576494 0.398856581622
3.6 0.006504 114.545991936 0.381389642308
3.6 0.007046 109.972036685 0.362960330012
3.6 0.007588 105.837790242 0.344305758137
3.6 0.00813 101.576282332 0.327789698072
3.6 0.008672 98.6779547475 0.316516283133
3.6 0.009214 94.8634524836 0.301119284833
3.6 0.009756 90.8941339766 0.287254467575
3.6 0.010298 87.5429540146 0.274417056716
3.6 0.01084 83.8422050158 0.259742542876
3.6 0.011382 81.7789117039 0.251546592689
3.6 0.011924 79.1511900601 0.24277585745
3.6 0.012466 77.3756414799 0.232239308317
3.6 0.013008 74.265111791 0.222961863787
3.6 0.01355 71.8153361113 0.212717336888
3.6 0.014092 69.4373454641 0.205344468151
3.6 0.014634 67.27230761 0.196830836329
3.6 0.015176 65.2250398276 0.190083428052
3.6 0.015718 63.2522339354 0.183290067801
3.6 0.01626 61.4649098183 0.176884356843
3.6 0.016802 59.9446586324 0.170391583008
3.6 0.017344 57.8749828802 0.163448468246
3.6 0.017886 56.0452797165 0.157108699127
3.6 0.018428 54.6532103791 0.152654401522
3.6 0.01897 53.0370701052 0.147383601988
3.6 0.019512 51.7392906893 0.142966755416
3.8 0.001084 254.525231597 0.957647357688
3.8 0.001626 234.606946171 0.886056474704
3.8 0.002168 218.956609395 0.815559352421
3.8 0.00271 206.9833471 0.749760646884
3.8 0.003252 196.883905711 0.706258123833
3.8 0.003794 188.238880592 0.670359288777
3.8 0.004336 178.131965934 0.626948696471
3.8 0.004878 169.72313465 0.590687587878
3.8 0.00542 159.527032187 0.550473922269
3.8 0.005962 150.919420058 0.515911367305
3.8 0.006504 145.742382374 0.496404789784
3.8 0.007046 138.720296858 0.464779760117
3.8 0.007588 134.822386494 0.445445413971
3.8 0.00813 128.497210973 0.422136395358
3.8 0.008672 126.27152757 0.411795122675
3.8 0.009214 120.331487895 0.387549713245
3.8 0.009756 115.321217839 0.370261739307
3.8 0.010298 111.242096163 0.353298390606
3.8 0.01084 106.772214067 0.33480643734
3.8 0.011382 104.151707996 0.323547851781
3.8 0.011924 101.056955463 0.311224487169
3.8 0.012466 98.2314515889 0.298958251025
3.8 0.013008 94.8118607636 0.285949782678
3.8 0.01355 91.6233051553 0.273668785942
3.8 0.014092 88.590231886 0.262338068573
3.8 0.014634 86.0106575117 0.253090668485
3.8 0.015176 83.3301080357 0.243369501975
3.8 0.015718 80.7524164086 0.23439516484
3.8 0.01626 78.4836496306 0.225393369173
3.8 0.016802 76.3515343516 0.218136450403
3.8 0.017344 73.6499856345 0.207597822531
3.8 0.017886 72.3635560907 0.203309722206
3.8 0.018428 69.4824787111 0.193808268338
3.8 0.01897 68.0252967052 0.189107160076
3.8 0.019512 66.1015544136 0.180684014093
4.0 0.001084 325.156188347 1.26288006353
4.0 0.001626 299.847373349 1.16660647413
4.0 0.002168 279.517338486 1.06733397668
4.0 0.00271 264.455388665 0.985147327459
4.0 0.003252 252.620322426 0.932061887412
4.0 0.003794 240.099624189 0.877104786534
4.0 0.004336 228.542283062 0.824607551278
4.0 0.004878 216.944525657 0.772681658574
4.0 0.00542 203.426215741 0.718378155197
4.0 0.005962 193.577198261 0.675693700341
4.0 0.006504 186.925497249 0.65309821273
4.0 0.007046 177.421001191 0.60571665038
4.0 0.007588 172.748971236 0.58344224541
4.0 0.00813 165.667363356 0.555136672382
4.0 0.008672 161.544362437 0.536456911425
4.0 0.009214 154.256132005 0.507635572549
4.0 0.009756 148.355742665 0.484088333126
4.0 0.010298 142.540484261 0.459757079544
4.0 0.01084 137.995640089 0.437768034677
4.0 0.011382 133.655651159 0.420725509436
4.0 0.011924 130.305075815 0.406060779721
4.0 0.012466 125.922372179 0.38886174549
4.0 0.013008 122.22713998 0.372205729617
4.0 0.01355 117.750767834 0.35620850611
4.0 0.014092 114.171935677 0.342197923051
4.0 0.014634 110.685302317 0.329489124131
4.0 0.015176 107.285394531 0.315483668404
4.0 0.015718 104.112187863 0.303172130374
4.0 0.01626 101.370412893 0.29345127822
4.0 0.016802 98.4968819503 0.282594581102
4.0 0.017344 96.206553366 0.273288683933
4.0 0.017886 92.7780614563 0.261788362319
4.0 0.018428 90.2336117899 0.253425972558
4.0 0.01897 88.0659983486 0.242477689946
4.0 0.019512 84.9546115261 0.232521465395
4.2 0.001084 413.948722428 1.68405148231
4.2 0.001626 382.143276802 1.55159519476
4.2 0.002168 356.623903802 1.41521360847
4.2 0.00271 338.186765152 1.31150401053
4.2 0.003252 324.536372607 1.24419567516
4.2 0.003794 307.406341109 1.16090654669
4.2 0.004336 294.613943907 1.09966334187
4.2 0.004878 278.673586257 1.02158870284
4.2 0.00542 261.035817948 0.948332850635
4.2 0.005962 250.529379509 0.902023745164
4.2 0.006504 240.206229682 0.861739141914
4.2 0.007046 229.947742763 0.807923558612
4.2 0.007588 222.476303777 0.772534763088
4.2 0.00813 215.481885414 0.73996971916
4.2 0.008672 208.510288952 0.71086251975
4.2 0.009214 199.078980033 0.670072096391
4.2 0.009756 192.515600479 0.644292395229
4.2 0.010298 184.077520222 0.605889295993
4.2 0.01084 179.404568435 0.579425180912
4.2 0.011382 173.436789944 0.556852349584
4.2 0.011924 169.010603589 0.537181538388
4.2 0.012466 163.71437544 0.513373993384
4.2 0.013008 158.579911986 0.491948976215
4.2 0.01355 153.275802485 0.471016064774
4.2 0.014092 148.391904925 0.452967023086
4.2 0.014634 144.029775915 0.434768539252
4.2 0.015176 139.67186005 0.414311497203
4.2 0.015718 135.813958092 0.399423043328
4.2 0.01626 132.523495729 0.388812582596
4.2 0.016802 129.018769711 0.373824009867
4.2 0.017344 125.747504255 0.361047083671
4.2 0.017886 121.310928133 0.345223365495
4.2 0.018428 118.201804475 0.332336094912
4.2 0.01897 114.733015347 0.318804030148
4.2 0.019512 111.844515081 0.308936156271
4.4 0.001084 531.10580278 2.27318872246
4.4 0.001626 491.153506113 2.08643796787
4.4 0.002168 459.833483855 1.90511361393
4.4 0.00271 436.784701504 1.77265055689
4.4 0.003252 420.547838386 1.68516650046
4.4 0.003794 396.714137043 1.55868798118
4.4 0.004336 383.277063328 1.490790302
4.4 0.004878 360.620106712 1.37156084687
4.4 0.00542 339.40863651 1.27800145681
4.4 0.005962 327.072485075 1.22472824401
4.4 0.006504 312.262692763 1.15715593568
4.4 0.007046 301.222409399 1.09631234338
4.4 0.007588 290.312658076 1.04060371212
4.4 0.00813 283.379974017 1.00159578412
4.4 0.008672 272.781135952 0.958760079813
4.4 0.009214 260.61458951 0.899710699697
4.4 0.009756 252.192016645 0.86807475655
4.4 0.010298 242.431592614 0.816314346647
4.4 0.01084 235.178574437 0.780853603507
4.4 0.011382 228.39815749 0.752673214924
4.4 0.011924 221.654739922 0.721443171043
4.4 0.012466 215.463028457 0.692431974082
4.4 0.013008 208.260977603 0.661850500367
4.4 0.01355 201.541505432 0.633713915214
4.4 0.014092 195.517139214 0.609337753769
4.4 0.014634 190.348735862 0.583589451749
4.4 0.015176 184.885363593 0.557987843866
4.4 0.015718 180.293624907 0.541263225149
4.4 0.01626 175.77112129 0.522670565685
4.4 0.016802 171.627400446 0.504226038349
4.4 0.017344 165.596383177 0.481949486432
4.4 0.017886 160.912080914 0.461634314238
4.4 0.018428 156.325687703 0.445737515257
4.4 0.01897 152.409346227 0.428728010925
4.4 0.019512 148.475997549 0.414719735388
4.6 0.001084 682.898604047 3.10792621551
4.6 0.001626 632.937059809 2.84182578458
4.6 0.002168 595.295304297 2.60772913088
4.6 0.00271 566.962755449 2.4352052274
4.6 0.003252 547.926910449 2.31956732314
4.6 0.003794 515.267791547 2.12893169404
4.6 0.004336 500.186301744 2.04060740315
4.6 0.004878 470.057986066 1.87550766956
4.6 0.00542 445.95415119 1.76110560736
4.6 0.005962 429.995698498 1.68849708156
4.6 0.006504 409.912830323 1.5813117943
4.6 0.007046 398.414899496 1.51393874183
4.6 0.007588 383.175589184 1.42953138179
4.6 0.00813 374.81606816 1.37607444851
4.6 0.008672 360.338634944 1.30917027156
4.6 0.009214 346.228859891 1.24381480175
4.6 0.009756 333.865497497 1.18673678627
4.6 0.010298 322.017246935 1.1185868882
4.6 0.01084 311.977029391 1.07555696878
4.6 0.011382 303.432503058 1.03598360174
4.6 0.011924 293.902216041 0.989154087198
4.6 0.012466 285.991297442 0.951515144438
4.6 0.013008 276.742841325 0.90935860734
4.6 0.01355 268.058081563 0.869203383741
4.6 0.014092 261.618724036 0.835283657272
4.6 0.014634 254.54318308 0.798308574432
4.6 0.015176 248.165923086 0.771903919441
4.6 0.015718 242.118519545 0.744172158579
4.6 0.01626 236.197043969 0.716862418154
4.6 0.016802 229.480660892 0.688481709894
4.6 0.017344 222.270055683 0.657234738754
4.6 0.017886 215.3008823 0.632966435034
4.6 0.018428 210.499866355 0.611361557338
4.6 0.01897 204.849106067 0.589634152984
4.6 0.019512 200.182553396 0.568725093
