2.2 0.001084 41.8794988833 0.140575352795
2.2 0.001626 38.6487578348 0.130551810485
2.2 0.002168 36.7160936624 0.123322027301
2.2 0.00271 35.4741636332 0.118091130541
2.2 0.003252 33.8184340898 0.111674041566
2.2 0.003794 31.7495862047 0.104010073784
2.2 0.004336 30.5780433356 0.100171649794
2.2 0.004878 29.2363958392 0.0952792486065
2.2 0.00542 27.8068446489 0.0897712103469
2.2 0.005962 26.6809939703 0.086500623654
2.2 0.006504 25.5179067279 0.0825883595164
2.2 0.007046 24.2817975041 0.0782580775481
2.2 0.007588 23.1888074119 0.074591728919
2.2 0.00813 22.2564402353 0.0716509714922
2.2 0.008672 21.3920302699 0.0688669249811
2.2 0.009214 20.8237535001 0.0665982688063
2.2 0.009756 19.8208443978 0.0631204944056
2.2 0.010298 19.3152528063 0.0611727605493
2.2 0.01084 18.4474835368 0.0583439897223
2.2 0.011382 17.7746565924 0.0561200621093
2.2 0.011924 17.1864488792 0.0541005582763
2.2 0.012466 16.6303122255 0.0522617995098
2.2 0.013008 16.0200786272 0.0503549829022
2.2 0.01355 15.3198413809 0.0480764606012
2.2 0.014092 14.933894525 0.0466088811087
2.2 0.014634 14.3204628735 0.0446070722984
2.2 0.015176 13.8345910888 0.0432054184752
2.2 0.015718 13.41904437 0.0416739495781
2.2 0.01626 12.9888620931 0.0401296254698
2.2 0.016802 12.6523242135 0.0390406539605
2.2 0.017344 12.2644702682 0.0377951629833
2.2 0.017886 11.7853995079 0.0361670098035
2.2 0.018428 11.418244093 0.0349143711592
2.2 0.01897 11.0834284054 0.0338784194433
2.2 0.019512 10.7117273265 0.0327071061144
2.4 0.001084 54.0799386853 0.179792848929
2.4 0.001626 49.8391412792 0.16784980811
2.4 0.002168 47.4753192198 0.15883815498
2.4 0.00271 45.6375174366 0.151078533516
2.4 0.003252 43.1219837355 0.141438608847
2.4 0.003794 40.7457349919 0.132686294171
2.4 0.004336 39.1981004835 0.127450838248
2.4 0.004878 37.2452318549 0.120631865586
2.4 0.00542 35.4909818832 0.114094478543
2.4 0.005962 34.1526988411 0.110012254427
2.4 0.006504 32.4655169054 0.104443919046
2.4 0.007046 30.7949317818 0.0984333818875
2.4 0.007588 29.7060873762 0.0951008342638
2.4 0.00813 28.4275987251 0.090664791397
2.4 0.008672 27.532721713 0.0874344031899
2.4 0.009214 26.5165754208 0.0839135934359
2.4 0.009756 25.4146426525 0.0798477969683
2.4 0.010298 24.5555036813 0.0767596100567
2.4 0.01084 23.463441347 0.0736377331816
2.4 0.011382 22.7908722079 0.0708351631394
2.4 0.011924 21.941344678 0.0681360587346
2.4 0.012466 21.2377436033 0.065863272277
2.4 0.013008 20.367206839 0.0627920723674
2.4 0.01355 19.7354388902 0.0607186675745
2.4 0.014092 19.0205735829 0.058176956386
2.4 0.014634 18.3263890211 0.0561141986592
2.4 0.015176 17.7440997393 0.0541612403436
2.4 0.015718 17.2300611018 0.0521857146325
2.4 0.01626 16.7297843344 0.0505509918801
2.4 0.016802 16.2151984624 0.0489515499381
2.4 0.017344 15.6277886787 0.0472349819188
2.4 0.017886 15.1035508106 0.0454256614432
2.4 0.018428 14.6912010672 0.0438114511609
2.4 0.01897 14.2090444877 0.0423821663943
2.4 0.019512 13.7848428505 0.0408646111105
2.6 0.001084 68.5645741262 0.227251965685
2.6 0.001626 63.1281698135 0.212152341895
2.6 0.002168 60.1247319327 0.20104624034
2.6 0.00271 57.4990330821 0.189769862825
2.6 0.003252 54.0510501197 0.176447226607
2.6 0.003794 51.5216257297 0.167285198999
2.6 0.004336 49.3073994155 0.159642393418
2.6 0.004878 46.6335035174 0.150116099102
2.6 0.00542 44.5190536311 0.142515138171
2.6 0.005962 42.6194865169 0.136548440552
2.6 0.006504 40.3297385385 0.128907629123
2.6 0.007046 38.3830361043 0.121821694564
2.6 0.007588 37.3708666482 0.119450617033
2.6 0.00813 35.4004478019 0.112198745971
2.6 0.008672 34.6584686146 0.109211208629
2.6 0.009214 32.9518914667 0.103293158204
2.6 0.009756 31.9858894783 0.098850476619
2.6 0.010298 30.5169168386 0.094752994397
2.6 0.01084 29.5770740371 0.0910052167401
2.6 0.011382 28.5799779964 0.0876305390955
2.6 0.011924 27.5716448478 0.0845231111582
2.6 0.012466 26.5964391262 0.0811004035916
2.6 0.013008 25.5882684273 0.077690059431
2.6 0.01355 24.7168553097 0.0748316708635
2.6 0.014092 23.8377464622 0.0719339180424
2.6 0.014634 23.0062859503 0.0693777193318
2.6 0.015176 22.3618406523 0.0667463645738
2.6 0.015718 21.7524231358 0.0647658671532
2.6 0.01626 21.0328140373 0.0628568105121
2.6 0.016802 20.2579882651 0.0600860341466
2.6 0.017344 19.6621336113 0.058033026542
2.6 0.017886 19.0616492864 0.055880711089
2.6 0.018428 18.4685342114 0.0541538775703
2.6 0.01897 17.9293168047 0.0523230516122
2.6 0.019512 17.2500086213 0.0502252183922
2.8 0.001084 85.4178536964 0.285400161347
2.8 0.001626 78.7487508547 0.265894187613
2.8 0.002168 74.8544591734 0.251795913378
2.8 0.00271 71.2515501807 0.235776503238
2.8 0.003252 66.63138 0.217967446448
2.8 0.003794 64.0807255244 0.208815821908
2.8 0.004336 60.8451583174 0.197649140218
2.8 0.004878 57.53211674 0.185328277593
2.8 0.00542 55.0559992932 0.176730406468
2.8 0.005962 52.3570754033 0.16811807385
2.8 0.006504 49.4907294257 0.157858880931
2.8 0.007046 47.6222502934 0.151544023542
2.8 0.007588 46.0240584445 0.146832516329
2.8 0.00813 43.986586774 0.13891857601
2.8 0.008672 42.6080539821 0.133763428072
2.8 0.009214 40.6716747189 0.126727461224
2.8 0.009756 39.4588069631 0.121401793574
2.8 0.010298 37.4874738929 0.116263137998
2.8 0.01084 36.7100336848 0.11182916351
2.8 0.011382 35.1118536815 0.107683755055
2.8 0.011924 34.0482424979 0.103202784891
2.8 0.012466 32.7431604341 0.0984964928304
2.8 0.013008 31.7227130468 0.0956826026717
2.8 0.01355 30.6917002947 0.0913296350393
2.8 0.014092 29.5907074111 0.0879150083751
2.8 0.014634 28.6009822739 0.0843859238072
2.8 0.015176 27.7646082481 0.0820217864865
2.8 0.015718 26.9268759071 0.0792725848332
2.8 0.01626 25.9554305203 0.0758413776483
2.8 0.016802 25.1752637504 0.0733521060115
2.8 0.017344 24.4233502646 0.0710392807703
2.8 0.017886 23.6616124287 0.0684605739814
2.8 0.018428 23.0039604577 0.066110200851
2.8 0.01897 22.2078431648 0.0636917929893
2.8 0.019512 21.4080159942 0.0613168532007
3.0 0.001084 105.188661325 0.356744718877
3.0 0.001626 97.0397745875 0.33128979662
3.0 0.002168 92.0681989629 0.314135408365
3.0 0.00271 87.3326672636 0.291259033559
3.0 0.003252 81.3114858311 0.267960547646
3.0 0.003794 78.8439875749 0.259490568111
3.0 0.004336 74.1425680434 0.243113545361
3.0 0.004878 70.3830103759 0.228444226882
3.0 0.00542 67.3075404428 0.218386531315
3.0 0.005962 63.6499065765 0.205398271165
3.0 0.006504 60.2510684859 0.191879899271
3.0 0.007046 58.6157608983 0.187513266189
3.0 0.007588 55.9443087535 0.178036321448
3.0 0.00813 53.9441932167 0.170221965076
3.0 0.008672 51.7276294979 0.162378991095
3.0 0.009214 50.0643115454 0.155254172392
3.0 0.009756 47.9613354656 0.148489908958
3.0 0.010298 46.2518842215 0.142416878068
3.0 0.01084 44.7393273272 0.136704388305
3.0 0.011382 43.0246991091 0.130503049352
3.0 0.011924 41.5943372091 0.124959252169
3.0 0.012466 40.2584804489 0.12102650712
3.0 0.013008 39.0239304215 0.116578723834
3.0 0.01355 37.6988679333 0.111122652128
3.0 0.014092 36.2940256032 0.106732522783
3.0 0.014634 35.1505057169 0.103131408437
3.0 0.015176 34.1648184964 0.100117661598
3.0 0.015718 33.0102112159 0.0959718933259
3.0 0.01626 31.8161619596 0.0920476274014
3.0 0.016802 30.932608091 0.0895541769744
3.0 0.017344 29.9898500837 0.0866984262733
3.0 0.017886 29.2265876579 0.0836721644704
3.0 0.018428 28.3272388353 0.0805174729053
3.0 0.01897 27.2475439657 0.0774657405543
3.0 0.019512 26.6020479944 0.0748702119532
3.2 0.001084 128.85678295 0.44707874267
3.2 0.001626 118.939100569 0.414021860028
3.2 0.002168 112.347577273 0.391614728975
3.2 0.00271 106.430160954 0.359717295115
3.2 0.003252 98.8288110816 0.331050005027
3.2 0.003794 96.5875670931 0.32272391147
3.2 0.004336 89.9603297644 0.299442398013
3.2 0.004878 86.0265631463 0.283553599358
3.2 0.00542 81.9711272228 0.26983356931
3.2 0.005962 77.2204861755 0.251615272067
3.2 0.006504 73.069202854 0.234541103403
3.2 0.007046 71.8432120367 0.23247328072
3.2 0.007588 67.70079799 0.21625612623
3.2 0.00813 66.0534712912 0.209465532611
3.2 0.008672 62.6123172431 0.197035496792
3.2 0.009214 61.5567597331 0.191661476066
3.2 0.009756 58.0796304817 0.180725103355
3.2 0.010298 56.629807055 0.174434772701
3.2 0.01084 54.3294266452 0.16666587477
3.2 0.011382 52.3844591356 0.158150477532
3.2 0.011924 50.8587509473 0.153169558955
3.2 0.012466 49.2840247487 0.149019044084
3.2 0.013008 47.9769705562 0.141747190016
3.2 0.01355 45.9613532316 0.135732766366
3.2 0.014092 44.372765581 0.130157411585
3.2 0.014634 43.1553146229 0.126796025711
3.2 0.015176 41.8308171632 0.121619070532
3.2 0.015718 40.1495014011 0.116808059893
3.2 0.01626 39.0065742291 0.112637416184
3.2 0.016802 37.87686336 0.109550172837
3.2 0.017344 37.1013926492 0.106007419184
3.2 0.017886 35.9591057507 0.101861271895
3.2 0.018428 34.5233875985 0.0976118766055
3.2 0.01897 33.6493119687 0.0940018640481
3.2 0.019512 32.9528309134 0.0923661873628
3.4 0.001084 158.371960753 0.561066289878
3.4 0.001626 146.110721978 0.520159093738
3.4 0.002168 137.272870942 0.487715395736
3.4 0.00271 129.814834076 0.446650664603
3.4 0.003252 121.510400231 0.414720965682
3.4 0.003794 117.918452681 0.400986800591
3.4 0.004336 110.171009024 0.372446127204
3.4 0.004878 105.46544953 0.353481078115
3.4 0.00542 99.8711865809 0.332352209965
3.4 0.005962 94.093998872 0.310112601027
3.4 0.006504 89.8663725301 0.293386842056
3.4 0.007046 87.2885211966 0.284639576705
3.4 0.007588 83.1229374018 0.267679944796
3.4 0.00813 80.460053412 0.256725772046
3.4 0.008672 77.1070875087 0.243935939703
3.4 0.009214 74.9692023088 0.235468073801
3.4 0.009756 71.5292687215 0.222931257927
3.4 0.010298 69.0857732512 0.214248317126
3.4 0.01084 66.3815816993 0.203860486399
3.4 0.011382 64.1767073644 0.195225083262
3.4 0.011924 62.3805047173 0.189603925781
3.4 0.012466 60.6103402249 0.182142416913
3.4 0.013008 58.6070795579 0.174002510993
3.4 0.01355 56.3638846269 0.16681391563
3.4 0.014092 54.5706551457 0.16084931737
3.4 0.014634 52.8751995683 0.15487264359
3.4 0.015176 51.0679340609 0.148745439038
3.4 0.015718 49.4796357706 0.143499866853
3.4 0.01626 48.0488826895 0.138921894879
3.4 0.016802 46.9724601809 0.134329838712
3.4 0.017344 45.6560558838 0.129347509656
3.4 0.017886 43.8911430291 0.123615990447
3.4 0.018428 42.6745131208 0.119467330518
3.4 0.01897 41.5926790024 0.116124664731
3.4 0.019512 40.5156385471 0.112817896858
3.6 0.001084 195.194486852 0.707504440616
3.6 0.001626 180.01468205 0.655677592064
3.6 0.002168 168.446535469 0.60895832347
3.6 0.00271 158.980304851 0.557787209653
3.6 0.003252 149.947297071 0.521884052024
3.6 0.003794 144.233722814 0.5001752135
3.6 0.004336 135.49634042 0.46589992816
3.6 0.004878 129.441571141 0.440749691243
3.6 0.00542 122.052108415 0.411878468528
3.6 0.005962 115.124325862 0.385180060194
3.6 0.006504 110.818535408 0.36838736658
3.6 0.007046 106.40442551 0.350711767237
3.6 0.007588 102.387390552 0.332677407395
3.6 0.00813 98.2689079692 0.316742730823
3.6 0.008672 95.4577545107 0.305861056561
3.6 0.009214 91.7545076989 0.290905482504
3.6 0.009756 87.9367865891 0.277563626451
3.6 0.010298 84.6995183604 0.265218281255
3.6 0.01084 81.104239441 0.251011886554
3.6 0.011382 79.1178880984 0.243160759747
3.6 0.011924 76.572323684 0.234727889118
3.6 0.012466 74.8473701023 0.224521534039
3.6 0.013008 71.8487836928 0.215625300763
3.6 0.01355 69.4674590747 0.205679749639
3.6 0.014092 67.1791728324 0.198644421125
3.6 0.014634 65.0767568887 0.190402691873
3.6 0.015176 63.1104365714 0.183917591556
3.6 0.015718 61.2144957801 0.177382970323
3.6 0.01626 59.4849727885 0.17115960138
3.6 0.016802 58.0156041792 0.164896201764
3.6 0.017344 56.0106446207 0.158193236664
3.6 0.017886 54.2431924612 0.152120179865
3.6 0.018428 52.8902717646 0.147828241993
3.6 0.01897 51.3284123048 0.142712323591
3.6 0.019512 50.0709504891 0.13845027744
3.8 0.001084 239.79252812 0.896466208575
3.8 0.001626 220.988872584 0.829571319603
3.8 0.002168 206.250973757 0.764158027297
3.8 0.00271 194.839879767 0.702091361158
3.8 0.003252 185.217859734 0.660912557475
3.8 0.003794 177.083600682 0.627675046092
3.8 0.004336 167.527791736 0.587139628618
3.8 0.004878 159.611110375 0.553253557826
3.8 0.00542 150.046432903 0.515750532363
3.8 0.005962 141.915843504 0.483243606759
3.8 0.006504 137.110702739 0.465237410566
3.8 0.007046 130.472334184 0.435679789388
3.8 0.007588 126.780575457 0.417486649352
3.8 0.00813 120.855288344 0.395868700245
3.8 0.008672 118.726267938 0.386124788732
3.8 0.009214 113.126643853 0.363098491452
3.8 0.009756 108.463001472 0.347166180078
3.8 0.010298 104.604315798 0.33127912254
3.8 0.01084 100.375776299 0.313934718092
3.8 0.011382 97.9353286983 0.303567394681
3.8 0.011924 95.0083566517 0.292076246314
3.8 0.012466 92.3507180436 0.280567141164
3.8 0.013008 89.1333979376 0.268370995866
3.8 0.01355 86.1271103087 0.25690462759
3.8 0.014092 83.2737619131 0.246320190336
3.8 0.014634 80.8647139775 0.23768240695
3.8 0.015176 78.3743052909 0.228697086212
3.8 0.015718 75.9512068482 0.220251099972
3.8 0.01626 73.8103479476 0.211780238777
3.8 0.016802 71.7986429136 0.204985252548
3.8 0.017344 69.2681879614 0.1951547347
3.8 0.017886 68.0449891844 0.191272856542
3.8 0.018428 65.3327215282 0.182279911692
3.8 0.01897 63.9747030152 0.177924150715
3.8 0.019512 62.1543872755 0.170026893038
4.0 0.001084 297.910748589 1.14375364665
4.0 0.001626 274.592600208 1.05687599283
4.0 0.002168 255.89161029 0.967613923198
4.0 0.00271 241.820884463 0.892052127903
4.0 0.003252 230.810134461 0.843427007341
4.0 0.003794 219.311158494 0.794227429225
4.0 0.004336 208.641318908 0.746726291951
4.0 0.004878 198.009345869 0.700051185477
4.0 0.00542 185.708556912 0.651118378828
4.0 0.005962 176.56910766 0.611799482642
4.0 0.006504 170.658226095 0.591904559266
4.0 0.007046 161.83836444 0.548769816428
4.0 0.007588 157.570565525 0.528658292047
4.0 0.00813 151.12984852 0.503528654257
4.0 0.008672 147.305364362 0.486194752695
4.0 0.009214 140.666710228 0.459943604164
4.0 0.009756 135.296543681 0.438883483847
4.0 0.010298 129.9205516 0.416757065132
4.0 0.01084 125.790638192 0.397006615255
4.0 0.011382 121.831345535 0.381847687673
4.0 0.011924 118.746181729 0.36853065993
4.0 0.012466 114.786035636 0.353008330224
4.0 0.013008 111.380900198 0.337780782791
4.0 0.01355 107.265911362 0.323435540565
4.0 0.014092 104.024924402 0.310762006467
4.0 0.014634 100.891960913 0.299410554899
4.0 0.015176 97.7932591837 0.28677757175
4.0 0.015718 94.8854857347 0.275599766105
4.0 0.01626 92.3614799136 0.266755265715
4.0 0.016802 89.7481306469 0.256957254139
4.0 0.017344 87.6433242294 0.248612159859
4.0 0.017886 84.4989108726 0.238191651874
4.0 0.018428 82.1936886507 0.230792533912
4.0 0.01897 80.2177856007 0.220734387787
4.0 0.019512 77.3797987211 0.211701549467
4.2 0.001084 368.205564914 1.47054509099
4.2 0.001626 339.588245665 1.35546304146
4.2 0.002168 316.646806283 1.23669674763
4.2 0.00271 299.757977977 1.14371676196
4.2 0.003252 287.377191039 1.08452573155
4.2 0.003794 272.059303477 1.0126764399
4.2 0.004336 260.499140015 0.958914653566
4.2 0.004878 246.281510054 0.891923269814
4.2 0.00542 230.740756804 0.828155408549
4.2 0.005962 221.148284819 0.786160569253
4.2 0.006504 212.152936129 0.751735759979
4.2 0.007046 202.891019931 0.704326669735
4.2 0.007588 196.31287396 0.674110305913
4.2 0.00813 190.107900129 0.646167907751
4.2 0.008672 183.886377471 0.61998933122
4.2 0.009214 175.562949736 0.584824809039
4.2 0.009756 169.778888352 0.562272418403
4.2 0.010298 162.100463185 0.528735804362
4.2 0.01084 158.122093686 0.506111930294
4.2 0.011382 152.773138695 0.486637847111
4.2 0.011924 148.858302969 0.469445985139
4.2 0.012466 144.241403838 0.448617429354
4.2 0.013008 139.629069405 0.429942822197
4.2 0.01355 134.932858309 0.411759036396
4.2 0.014092 130.702484362 0.396235064833
4.2 0.014634 126.796551341 0.380361733172
4.2 0.015176 122.963411788 0.362655771345
4.2 0.015718 119.465962493 0.349525443656
4.2 0.01626 116.584143177 0.340434752827
4.2 0.016802 113.481065188 0.327371158366
4.2 0.017344 110.567182225 0.316285788655
4.2 0.017886 106.654373837 0.302618422634
4.2 0.018428 103.94312505 0.291333807997
4.2 0.01897 100.865928232 0.279389970551
4.2 0.019512 98.3406206939 0.270630592719
4.4 0.001084 457.63509911 1.90512711714
4.4 0.001626 422.53411085 1.74956822937
4.4 0.002168 394.973133685 1.59648505663
4.4 0.00271 374.297172174 1.48082038157
4.4 0.003252 359.975127997 1.40762740781
4.4 0.003794 339.25210138 1.30297525736
4.4 0.004336 327.323867696 1.24544307112
4.4 0.004878 307.70566895 1.14763373074
4.4 0.00542 289.451811631 1.06848441337
4.4 0.005962 278.543926824 1.02221933371
4.4 0.006504 265.876799228 0.966328702838
4.4 0.007046 256.241859897 0.914754355004
4.4 0.007588 246.989664825 0.869679192692
4.4 0.00813 240.965970651 0.836972783915
4.4 0.008672 231.874384674 0.800689112
4.4 0.009214 221.432742929 0.751940279951
4.4 0.009756 214.203873773 0.725357419752
4.4 0.010298 205.651022826 0.68216125247
4.4 0.01084 199.58342291 0.653281301812
4.4 0.011382 193.6738056 0.629662171528
4.4 0.011924 188.05158574 0.603667066091
4.4 0.012466 182.826788185 0.579117518278
4.4 0.013008 176.458303842 0.554029933974
4.4 0.01355 170.896236874 0.530059068594
4.4 0.014092 165.778562314 0.510550185071
4.4 0.014634 161.192112723 0.488646428103
4.4 0.015176 156.49724578 0.467233022372
4.4 0.015718 152.52132238 0.453530774634
4.4 0.01626 148.647148307 0.438138595934
4.4 0.016802 145.120071794 0.422946849676
4.4 0.017344 139.987251588 0.404222821047
4.4 0.017886 136.006443423 0.3876069136
4.4 0.018428 132.163652563 0.373778917124
4.4 0.01897 128.737233393 0.359582219633
4.4 0.019512 125.449250338 0.347817867223
4.6 0.001084 568.143308522 2.48509502043
4.6 0.001626 525.302318874 2.27283786439
4.6 0.002168 492.855376319 2.08099019863
4.6 0.00271 468.056743391 1.93484074993
4.6 0.003252 451.800253069 1.84403916593
4.6 0.003794 424.203033051 1.69358878845
4.6 0.004336 411.148582462 1.62283091982
4.6 0.004878 385.737605056 1.49251214273
4.6 0.00542 365.383703739 1.39838199555
4.6 0.005962 351.891589439 1.33991349453
4.6 0.006504 335.081811293 1.255397465
4.6 0.007046 325.414089112 1.20005979183
4.6 0.007588 312.967922827 1.13573503808
4.6 0.00813 305.936256087 1.09262920278
4.6 0.008672 293.851154801 1.03900413659
4.6 0.009214 282.141012717 0.987165065469
4.6 0.009756 271.713021904 0.9416725656
4.6 0.010298 262.02812582 0.889111843301
4.6 0.01084 253.771277967 0.85537810343
4.6 0.011382 246.541638207 0.823370172547
4.6 0.011924 239.098086185 0.786524602001
4.6 0.012466 232.516576067 0.756206624518
4.6 0.013008 224.784033372 0.722575685795
4.6 0.01355 217.898513683 0.691743377899
4.6 0.014092 212.336580742 0.664536200967
4.6 0.014634 206.444656548 0.634550707515
4.6 0.015176 201.035334415 0.613629663609
4.6 0.015718 196.065186108 0.592978219314
4.6 0.01626 191.19937211 0.570950400333
4.6 0.016802 185.737554407 0.548830482236
4.6 0.017344 179.768812852 0.523899222103
4.6 0.017886 174.161966873 0.504513424774
4.6 0.018428 170.08199961 0.486959382781
4.6 0.01897 165.447281273 0.469080625382
4.6 0.019512 161.713750416 0.453115115586
