2.2 0.294479400147 22819.9384738 1.34374383014
2.4 0.377575293403 23428.8422113 1.34159565085
2.6 0.477287721261 23092.6947316 1.33740122523
2.8 0.595734504445 22229.5198582 1.33336904922
3.0 0.735166947198 20628.3167115 1.32594288812
3.2 0.89797056158 19045.0847839 1.32083613422
3.4 1.08666575818 17541.9892252 1.31465790732
3.6 1.30390850638 16045.2729566 1.30481244965
3.8 1.55249096683 14748.434911 1.29355110459
4.0 1.83534209858 13828.6511338 1.28248054115
4.2 2.15552824283 13221.2030893 1.27399863518
4.4 2.5162536852 12736.4970368 1.26228373115
4.6 2.92086119803 12069.4445775 1.2573580549
