2.2 0.184924702397 22819.9384738 1.34374383014
2.4 0.231425921518 23428.8422113 1.34159565085
2.6 0.285929695332 23092.6947316 1.33740122523
2.8 0.349252333224 22229.5198582 1.33336904922
3.0 0.422242531447 20628.3167115 1.32594288812
3.2 0.505780851386 19045.0847839 1.32083613422
3.4 0.600779232412 17541.9892252 1.31465790732
3.6 0.708180535481 16045.2729566 1.30481244965
3.8 0.828958114192 14748.434911 1.29355110459
4.0 0.9641154105 13828.6511338 1.28248054115
4.2 1.1146855727 13221.2030893 1.27399863518
4.4 1.28173109358 12736.4970368 1.26228373115
4.6 1.46634346696 12069.4445775 1.2573580549
