2.2 0.184924702397 8887.00946925 1.34383266605
2.4 0.231425921518 9034.95246457 1.3327876565
2.6 0.285929695332 8899.33918344 1.33107590892
2.8 0.349252333224 8503.98486021 1.32262013136
3.0 0.422242531447 7867.28115532 1.31798760602
3.2 0.505780851386 7175.95886674 1.3061591242
3.4 0.600779232412 6528.74661293 1.29425838711
3.6 0.708180535481 5900.00760102 1.28048763142
3.8 0.828958114192 5359.93444126 1.26726399943
4.0 0.9641154105 4975.31269283 1.25490164923
4.2 1.1146855727 4720.12655599 1.24604765476
4.4 1.28173109358 4535.30017947 1.2383897066
4.6 1.46634346696 4284.33526381 1.23617976229
