2.2 0.001084 16.6157839093 0.0601970172703
2.2 0.001626 15.4630275152 0.0561299097145
2.2 0.002168 14.8127600166 0.053501168174
2.2 0.00271 14.4526240073 0.0517762479285
2.2 0.003252 13.8989528278 0.0492777757914
2.2 0.003794 13.1195213079 0.0460342687277
2.2 0.004336 12.7202067808 0.044648406555
2.2 0.004878 12.2526479395 0.0426028170918
2.2 0.00542 11.7755402913 0.0403118072103
2.2 0.005962 11.4035716497 0.0391609149832
2.2 0.006504 10.9836416174 0.0375882852347
2.2 0.007046 10.5592986658 0.0359951072271
2.2 0.007588 10.1754564651 0.0346059362902
2.2 0.00813 9.82494049747 0.0333628033697
2.2 0.008672 9.51219172775 0.0322432169888
2.2 0.009214 9.29354300375 0.0311703904804
2.2 0.009756 8.95609878057 0.0300888006351
2.2 0.010298 8.75375530637 0.0292114255205
2.2 0.01084 8.44486326841 0.0280877835759
2.2 0.011382 8.17196493108 0.0270684576606
2.2 0.011924 7.9409241376 0.0261960084112
2.2 0.012466 7.75044723707 0.0255520716529
2.2 0.013008 7.53666510527 0.024893481452
2.2 0.01355 7.26998458099 0.0239402066471
2.2 0.014092 7.15219690954 0.0232703600736
2.2 0.014634 6.91630326855 0.022556869914
2.2 0.015176 6.73722214496 0.0220211373128
2.2 0.015718 6.54667432879 0.0212783905183
2.2 0.01626 6.34140796467 0.0205073012124
2.2 0.016802 6.21537878663 0.0201379985535
2.2 0.017344 6.07996582537 0.0196884902585
2.2 0.017886 5.89356440253 0.0189304813268
2.2 0.018428 5.75833960951 0.018402094039
2.2 0.01897 5.61383826034 0.0179606250754
2.2 0.019512 5.4848611337 0.0174246695508
2.4 0.001084 21.8195950929 0.0776489458996
2.4 0.001626 20.2041111696 0.0725822568928
2.4 0.002168 19.4115439794 0.0692872249207
2.4 0.00271 18.8838521129 0.0665379322004
2.4 0.003252 17.9777581129 0.0625585672523
2.4 0.003794 17.0480913274 0.0587900427551
2.4 0.004336 16.5009709537 0.0567510343726
2.4 0.004878 15.8049189545 0.0540991520771
2.4 0.00542 15.2069801691 0.051409916758
2.4 0.005962 14.7637765209 0.0499952960109
2.4 0.006504 14.138627066 0.0475782733649
2.4 0.007046 13.5400062821 0.0455024565733
2.4 0.007588 13.1528285054 0.0441128724279
2.4 0.00813 12.6699184182 0.0422740987808
2.4 0.008672 12.3354740499 0.0408452924094
2.4 0.009214 11.9583887805 0.0394076024922
2.4 0.009756 11.5339886902 0.0377756170849
2.4 0.010298 11.2077447029 0.0364794825612
2.4 0.01084 10.8215380438 0.0353396125226
2.4 0.011382 10.5446732438 0.0340626200809
2.4 0.011924 10.2475347211 0.0331611114279
2.4 0.012466 9.97905310078 0.032297749183
2.4 0.013008 9.63954116383 0.0311295292414
2.4 0.01355 9.39123565158 0.030118944718
2.4 0.014092 9.1163875647 0.0290324400442
2.4 0.014634 8.85307478632 0.0282461161395
2.4 0.015176 8.62317498091 0.0274465910217
2.4 0.015718 8.40045344164 0.0265507475899
2.4 0.01626 8.19037242902 0.0258061397528
2.4 0.016802 8.00413260016 0.0251309581312
2.4 0.017344 7.76402706007 0.0243971092759
2.4 0.017886 7.57287043448 0.0236682998519
2.4 0.018428 7.41227705705 0.0229828223628
2.4 0.01897 7.21582641046 0.0222365756206
2.4 0.019512 7.06746794348 0.0217726983708
2.6 0.001084 27.8490751594 0.0980296826237
2.6 0.001626 25.6959955708 0.0913641617439
2.6 0.002168 24.6810406532 0.0873847443284
2.6 0.00271 23.9076356624 0.0832984635053
2.6 0.003252 22.5997617657 0.0776056083491
2.6 0.003794 21.6285187096 0.0737548038418
2.6 0.004336 20.8417430759 0.0708107196202
2.6 0.004878 19.866079156 0.0669611340746
2.6 0.00542 19.1256019659 0.063880617975
2.6 0.005962 18.4580361683 0.0614622034096
2.6 0.006504 17.6035840506 0.058360913293
2.6 0.007046 16.8874380212 0.0559831635247
2.6 0.007588 16.5466757545 0.0548359154468
2.6 0.00813 15.7839152591 0.0518428578728
2.6 0.008672 15.5128721724 0.0505169016252
2.6 0.009214 14.8760178912 0.0482314858519
2.6 0.009756 14.5098998435 0.0463916006934
2.6 0.010298 13.9830549879 0.0448752012724
2.6 0.01084 13.6249826051 0.0433213707713
2.6 0.011382 13.2496815902 0.0419256257636
2.6 0.011924 12.8545692984 0.0407334039795
2.6 0.012466 12.4483571143 0.0393869011171
2.6 0.013008 12.0296555057 0.037906126804
2.6 0.01355 11.6776845604 0.0365976196805
2.6 0.014092 11.3515475923 0.0354932193987
2.6 0.014634 11.0472165573 0.0346589189757
2.6 0.015176 10.792906467 0.0333996613881
2.6 0.015718 10.5756210483 0.0325810860241
2.6 0.01626 10.268259504 0.0316533883352
2.6 0.016802 9.94413733909 0.0305331419875
2.6 0.017344 9.74628003786 0.0296827069411
2.6 0.017886 9.50882116235 0.0286611035849
2.6 0.018428 9.26656717058 0.0279582093316
2.6 0.01897 9.05420835047 0.0272189883966
2.6 0.019512 8.79452758978 0.0263239225978
2.8 0.001084 34.6192447192 0.121787535412
2.8 0.001626 31.9559225965 0.113300365846
2.8 0.002168 30.6162019945 0.107988898
2.8 0.00271 29.5068656457 0.102299302547
2.8 0.003252 27.6683018452 0.0946951289278
2.8 0.003794 26.7308577199 0.0909412500715
2.8 0.004336 25.5486416198 0.0864121478885
2.8 0.004878 24.3100223351 0.0814975520017
2.8 0.00542 23.4500847139 0.0781246595018
2.8 0.005962 22.4720131654 0.0744864015185
2.8 0.006504 21.3948416375 0.0706001920363
2.8 0.007046 20.7697790046 0.0684899617622
2.8 0.007588 20.224439456 0.0664885815061
2.8 0.00813 19.4204020698 0.063180517006
2.8 0.008672 18.9234828197 0.0610468229723
2.8 0.009214 18.206208001 0.0584943954124
2.8 0.009756 17.716472093 0.0560989779629
2.8 0.010298 16.9806494466 0.0542520286064
2.8 0.01084 16.6893368168 0.0522316626472
2.8 0.011382 16.1008274847 0.0506267972483
2.8 0.011924 15.6655432222 0.0488314773477
2.8 0.012466 15.1375887227 0.0470282361152
2.8 0.013008 14.7066174229 0.0455183332044
2.8 0.01355 14.3179556312 0.0439078456174
2.8 0.014092 13.9256489103 0.04275290286
2.8 0.014634 13.5450061628 0.041283495606
2.8 0.015176 13.2250859801 0.0402751404109
2.8 0.015718 12.8389987126 0.0388511266668
2.8 0.01626 12.4557969068 0.0374877603617
2.8 0.016802 12.1806413405 0.0366018215594
2.8 0.017344 11.9168310647 0.0356436880865
2.8 0.017886 11.6194456886 0.034488937466
2.8 0.018428 11.3568311091 0.0335019451939
2.8 0.01897 11.0545556859 0.0325252001996
2.8 0.019512 10.7475680012 0.0315764491794
3.0 0.001084 42.0626579538 0.149470078947
3.0 0.001626 38.8081619625 0.138608831981
3.0 0.002168 37.0925408085 0.132351787996
3.0 0.00271 35.6381982966 0.124440422811
3.0 0.003252 33.1593563859 0.11407568264
3.0 0.003794 32.3212992391 0.110630003835
3.0 0.004336 30.5656450247 0.104189878812
3.0 0.004878 29.1650010216 0.0983089863762
3.0 0.00542 28.1640311667 0.0945323202507
3.0 0.005962 26.8141338205 0.0891778233066
3.0 0.006504 25.5777473476 0.0843153446602
3.0 0.007046 25.1133519994 0.0829014612878
3.0 0.007588 24.1090874562 0.0790589777486
3.0 0.00813 23.339083027 0.0756984376417
3.0 0.008672 22.5470859616 0.0728810709536
3.0 0.009214 21.8686466608 0.069772010768
3.0 0.009756 21.0456509122 0.0670679353407
3.0 0.010298 20.4281617933 0.0648066006156
3.0 0.01084 19.8691464728 0.0624818015445
3.0 0.011382 19.190217093 0.0599979594564
3.0 0.011924 18.6211298336 0.0577575740598
3.0 0.012466 18.1084364204 0.0560343944993
3.0 0.013008 17.630995504 0.0541770908288
3.0 0.01355 17.1555060482 0.0522104077052
3.0 0.014092 16.6475154445 0.0505153591087
3.0 0.014634 16.2070606584 0.0490359044719
3.0 0.015176 15.8081288157 0.0478404048275
3.0 0.015718 15.3072315361 0.0459469357142
3.0 0.01626 14.8956844632 0.044589012424
3.0 0.016802 14.5797404848 0.0434843048325
3.0 0.017344 14.22420699 0.0422025327774
3.0 0.017886 13.9553813174 0.0410160308909
3.0 0.018428 13.6319239002 0.0397935758729
3.0 0.01897 13.2466054415 0.0386035866601
3.0 0.019512 13.0461391557 0.0375990672167
3.2 0.001084 50.4947596602 0.183218631616
3.2 0.001626 46.5542643049 0.168995359363
3.2 0.002168 44.3322246528 0.161795668201
3.2 0.00271 42.4073206679 0.149776581999
3.2 0.003252 39.225322188 0.136699324018
3.2 0.003794 38.633175159 0.133840034084
3.2 0.004336 36.1250015937 0.125121817041
3.2 0.004878 34.6761881064 0.118703082634
3.2 0.00542 33.4042104396 0.113748877427
3.2 0.005962 31.6078861683 0.106412985497
3.2 0.006504 30.1477095824 0.100258858192
3.2 0.007046 29.9131943335 0.0999092123401
3.2 0.007588 28.2572213571 0.0934814154437
3.2 0.00813 27.6643171259 0.0905499537276
3.2 0.008672 26.4449066383 0.0862138916528
3.2 0.009214 25.9318723556 0.0833823266918
3.2 0.009756 24.6510628213 0.0794649436989
3.2 0.010298 24.212689092 0.077025197551
3.2 0.01084 23.3379327666 0.0739218165043
3.2 0.011382 22.5469861153 0.0706079578013
3.2 0.011924 22.0570550978 0.0686781056401
3.2 0.012466 21.4325807798 0.0668230978097
3.2 0.013008 20.9318280585 0.0639890128349
3.2 0.01355 20.2997002312 0.0621117490924
3.2 0.014092 19.6201349654 0.0595893648632
3.2 0.014634 19.2286060389 0.0584649491278
3.2 0.015176 18.6408163056 0.0562086404751
3.2 0.015718 18.0836256686 0.0547525133257
3.2 0.01626 17.6582678589 0.0528285018087
3.2 0.016802 17.260568575 0.0513417653189
3.2 0.017344 16.9933341863 0.0500873873924
3.2 0.017886 16.5915306407 0.0485626595584
3.2 0.018428 16.090275024 0.046967770644
3.2 0.01897 15.8206021934 0.0456185919878
3.2 0.019512 15.4683385238 0.0446863945167
3.4 0.001084 60.6283370068 0.223975023437
3.4 0.001626 55.8699059842 0.207272350578
3.4 0.002168 52.8513122076 0.196615279039
3.4 0.00271 50.3062359978 0.180788112455
3.4 0.003252 46.8583525005 0.166203750466
3.4 0.003794 45.8027039423 0.161410929533
3.4 0.004336 42.9051062848 0.151110913562
3.4 0.004878 41.2039873905 0.143586894059
3.4 0.00542 39.3830519132 0.136032878893
3.4 0.005962 37.3033095871 0.127646862595
3.4 0.006504 35.8400765102 0.121301453478
3.4 0.007046 35.077502423 0.118662750163
3.4 0.007588 33.4957262043 0.112259473215
3.4 0.00813 32.5578057354 0.107895155424
3.4 0.008672 31.3350337782 0.102938776509
3.4 0.009214 30.4550031789 0.0992878627255
3.4 0.009756 29.2393168275 0.0946120348263
3.4 0.010298 28.4467742505 0.0914360529383
3.4 0.01084 27.4003941737 0.0874858943797
3.4 0.011382 26.5972289062 0.0841828778109
3.4 0.011924 26.0057825327 0.0820564021469
3.4 0.012466 25.3189121694 0.0789479186936
3.4 0.013008 24.6703135271 0.0761576092376
3.4 0.01355 23.877253196 0.073524878979
3.4 0.014092 23.2165448161 0.0711513204052
3.4 0.014634 22.5981674791 0.0689365938506
3.4 0.015176 21.9454519677 0.0667759945831
3.4 0.015718 21.408496184 0.0648697622318
3.4 0.01626 20.9008810033 0.0627824949561
3.4 0.016802 20.5219543822 0.0609786242448
3.4 0.017344 20.06050177 0.0590874093898
3.4 0.017886 19.4494982482 0.057090639031
3.4 0.018428 19.0486344041 0.0555886192343
3.4 0.01897 18.5924750812 0.05401497879
3.4 0.019512 18.1667407419 0.0525626046727
3.6 0.001084 72.8064142398 0.274338745118
3.6 0.001626 67.0543961913 0.254200720648
3.6 0.002168 63.0594433624 0.238531930974
3.6 0.00271 59.7124733476 0.218449922881
3.6 0.003252 56.0681885355 0.202621961402
3.6 0.003794 54.2311822111 0.195147629356
3.6 0.004336 51.0161826847 0.182943836153
3.6 0.004878 48.901450038 0.173391552362
3.6 0.00542 46.4104742707 0.163090794395
3.6 0.005962 43.9548935987 0.153267080103
3.6 0.006504 42.575534894 0.147459196042
3.6 0.007046 41.1024496439 0.141523051741
3.6 0.007588 39.5991706615 0.134599210498
3.6 0.00813 38.1954961697 0.128655478094
3.6 0.008672 37.1459063938 0.124349199927
3.6 0.009214 35.7498565848 0.118267462628
3.6 0.009756 34.5505810845 0.113573884983
3.6 0.010298 33.4492309378 0.109352181947
3.6 0.01084 32.0839059839 0.103826687694
3.6 0.011382 31.5086510064 0.101115921772
3.6 0.011924 30.591850716 0.0977847538628
3.6 0.012466 29.9659361049 0.0937525105383
3.6 0.013008 29.0939746474 0.0915331377486
3.6 0.01355 28.1112621879 0.0868522194936
3.6 0.014092 27.3884838299 0.0848905034074
3.6 0.014634 26.595318582 0.081744860833
3.6 0.015176 25.9976654106 0.0795259109087
3.6 0.015718 25.3862255776 0.0771781561752
3.6 0.01626 24.777343963 0.0745124886978
3.6 0.016802 24.2594073913 0.0721918919246
3.6 0.017344 23.5504029623 0.0698198008355
3.6 0.017886 22.964200396 0.067773961227
3.6 0.018428 22.4508072649 0.0659628506412
3.6 0.01897 21.8930805156 0.0638289457734
3.6 0.019512 21.4307446155 0.062226692938
3.8 0.001084 86.9504097447 0.336801838001
3.8 0.001626 79.9516200914 0.311987981937
3.8 0.002168 74.8387322422 0.289827231411
3.8 0.00271 70.7059985823 0.265149631817
3.8 0.003252 66.9783505673 0.247725084196
3.8 0.003794 64.2545715551 0.236591788746
3.8 0.004336 60.8288208198 0.22246037175
3.8 0.004878 58.0927938203 0.21002725926
3.8 0.00542 54.9046188903 0.197143385624
3.8 0.005962 52.0256329689 0.185367731679
3.8 0.006504 50.6718068323 0.179752972679
3.8 0.007046 48.3100111961 0.169287567841
3.8 0.007588 47.007547793 0.162224331174
3.8 0.00813 45.1150463624 0.154894658831
3.8 0.008672 44.2161972941 0.150868136475
3.8 0.009214 42.268583059 0.141635254928
3.8 0.009756 40.8940727734 0.136782938899
3.8 0.010298 39.5251894523 0.131246254877
3.8 0.01084 38.0370070774 0.124732251112
3.8 0.011382 37.3395100101 0.121228666125
3.8 0.011924 36.286045878 0.116917309226
3.8 0.012466 35.4579352075 0.113087664795
3.8 0.013008 34.4028537308 0.108739167387
3.8 0.01355 33.3281598402 0.104528591658
3.8 0.014092 32.3633605482 0.100951475077
3.8 0.014634 31.5996594743 0.0979234927399
3.8 0.015176 30.8707257545 0.0951009740183
3.8 0.015718 30.0537044457 0.0917092355621
3.8 0.01626 29.2922975789 0.088343510287
3.8 0.016802 28.591286984 0.0862600187397
3.8 0.017344 27.7747372242 0.0829253822496
3.8 0.017886 27.2966873735 0.0815687530222
3.8 0.018428 26.3472761719 0.0777737580091
3.8 0.01897 25.9813723167 0.076465938937
3.8 0.019512 25.3206427195 0.0736236461427
4.0 0.001084 105.053479017 0.414206724014
4.0 0.001626 96.49599459 0.383617624103
4.0 0.002168 89.9650407793 0.353471117976
4.0 0.00271 84.7528271797 0.323783252912
4.0 0.003252 80.5725013662 0.30399551247
4.0 0.003794 76.6560541617 0.287969503559
4.0 0.004336 72.9069460168 0.271765948553
4.0 0.004878 69.254430801 0.255410719447
4.0 0.00542 65.3404020949 0.239759445949
4.0 0.005962 61.9780271492 0.225008601946
4.0 0.006504 60.5944272019 0.219484886898
4.0 0.007046 57.3120420732 0.203871704582
4.0 0.007588 55.9807642663 0.196646685228
4.0 0.00813 53.9325203497 0.188715253413
4.0 0.008672 52.5236687515 0.181818842785
4.0 0.009214 50.4227060425 0.172140771263
4.0 0.009756 48.7224532788 0.16542794101
4.0 0.010298 46.8331051034 0.15766354194
4.0 0.01084 45.5879462687 0.150923486929
4.0 0.011382 44.2816604539 0.145828498315
4.0 0.011924 43.2451650218 0.141271895052
4.0 0.012466 42.1775335585 0.136439344502
4.0 0.013008 40.9063655783 0.130447942988
4.0 0.01355 39.5771589504 0.125939553443
4.0 0.014092 38.5564255582 0.121577922244
4.0 0.014634 37.635874763 0.117992858319
4.0 0.015176 36.6742423818 0.113701839772
4.0 0.015718 35.7074000028 0.109495429637
4.0 0.01626 34.8434671609 0.106451740829
4.0 0.016802 34.0107281902 0.103441524163
4.0 0.017344 33.256696354 0.100419101205
4.0 0.017886 32.1801392087 0.0964778265989
4.0 0.018428 31.5238611107 0.0942984437588
4.0 0.01897 30.8693560069 0.090849925114
4.0 0.019512 29.966299278 0.0873058503415
4.2 0.001084 125.90528406 0.510669640996
4.2 0.001626 115.535734011 0.472331647944
4.2 0.002168 107.550524438 0.432882440337
4.2 0.00271 101.178123332 0.396554101938
4.2 0.003252 96.6116711864 0.373855390801
4.2 0.003794 91.4741944109 0.351543723989
4.2 0.004336 87.4288048691 0.333017599259
4.2 0.004878 82.6499420497 0.31117198157
4.2 0.00542 77.9093161163 0.292014910063
4.2 0.005962 74.375147765 0.275495129119
4.2 0.006504 71.9740189281 0.265241152715
4.2 0.007046 68.6381680737 0.248361864241
4.2 0.007588 66.6648505716 0.239112563761
4.2 0.00813 64.6817039843 0.230658440696
4.2 0.008672 62.6856724111 0.220080778073
4.2 0.009214 60.1046994944 0.208613787936
4.2 0.009756 58.3676184255 0.201131532708
4.2 0.010298 55.579071185 0.190316943653
4.2 0.01084 54.6345437108 0.182775522074
4.2 0.011382 52.7563564843 0.176772393257
4.2 0.011924 51.6634078985 0.171536065126
4.2 0.012466 50.3362250003 0.164357431915
4.2 0.013008 48.7739997861 0.158095566704
4.2 0.01355 47.3352887587 0.152360634946
4.2 0.014092 46.1557113002 0.147484123003
4.2 0.014634 44.917690998 0.142177465663
4.2 0.015176 43.7854685403 0.136654492639
4.2 0.015718 42.5397634315 0.131531874096
4.2 0.01626 41.6555175165 0.129126637019
4.2 0.016802 40.6525002783 0.124647182247
4.2 0.017344 39.5961525668 0.120609822008
4.2 0.017886 38.4547288029 0.11655126864
4.2 0.018428 37.7396548916 0.112955755614
4.2 0.01897 36.7735877206 0.108497496796
4.2 0.019512 36.1452890799 0.105355246727
4.4 0.001084 151.531276771 0.630552644485
4.4 0.001626 138.944180385 0.581692766573
4.4 0.002168 129.300297732 0.531313098257
4.4 0.00271 121.487726525 0.48686011484
4.4 0.003252 116.336529246 0.460438655471
4.4 0.003794 109.522362683 0.429855362984
4.4 0.004336 105.281218595 0.40961467579
4.4 0.004878 98.9489589761 0.380594949592
4.4 0.00542 93.311881224 0.356544559128
4.4 0.005962 89.612096008 0.339056657357
4.4 0.006504 85.9229703241 0.321770675598
4.4 0.007046 82.6384733941 0.304073211757
4.4 0.007588 79.9741309112 0.29200603681
4.4 0.00813 78.032871319 0.281823667071
4.4 0.008672 75.3578248697 0.268111212222
4.4 0.009214 72.1483323416 0.25376825462
4.4 0.009756 70.0117974764 0.245075447685
4.4 0.010298 67.0507533396 0.23161485615
4.4 0.01084 65.3707801894 0.222993882908
4.4 0.011382 63.4759927198 0.216334986822
4.4 0.011924 62.0316067916 0.20803939162
4.4 0.012466 60.4910245437 0.199885603128
4.4 0.013008 58.3273092863 0.192487985182
4.4 0.01355 56.9022384504 0.184775651242
4.4 0.014092 55.4492876498 0.178995041924
4.4 0.014634 53.9618408206 0.171979094541
4.4 0.015176 52.5429448361 0.165209380559
4.4 0.015718 51.2525279348 0.160899107805
4.4 0.01626 50.0487119463 0.155944474894
4.4 0.016802 48.8675004152 0.1509813937
4.4 0.017344 47.3400980098 0.145150424912
4.4 0.017886 46.3259311481 0.14108866987
4.4 0.018428 45.3388477458 0.135519460336
4.4 0.01897 44.2422443496 0.131158923159
4.4 0.019512 43.4117725937 0.127399501328
4.6 0.001084 181.409219377 0.777479477755
4.6 0.001626 166.289878994 0.714696453496
4.6 0.002168 154.860748722 0.652362920783
4.6 0.00271 145.557965309 0.597403924477
4.6 0.003252 139.822819414 0.566931189216
4.6 0.003794 130.985590044 0.525919043321
4.6 0.004336 126.387420564 0.502106874191
4.6 0.004878 118.384863971 0.465505084964
4.6 0.00542 111.980850531 0.436107456734
4.6 0.005962 107.920215365 0.41702749368
4.6 0.006504 102.783663144 0.39114708593
4.6 0.007046 99.6735211762 0.372677204015
4.6 0.007588 96.2072483976 0.356886841709
4.6 0.00813 94.0167754496 0.34371491992
4.6 0.008672 90.4442151336 0.326593260608
4.6 0.009214 87.0615200337 0.311462816651
4.6 0.009756 83.6978362694 0.297481342525
4.6 0.010298 80.9306565546 0.282476230619
4.6 0.01084 78.4855548558 0.273593856333
4.6 0.011382 76.2782184736 0.264088034863
4.6 0.011924 74.5788317763 0.253153904795
4.6 0.012466 72.5462711338 0.243844060685
4.6 0.013008 70.1561195913 0.233964252135
4.6 0.01355 68.4794179531 0.225223100722
4.6 0.014092 66.6825859672 0.217272865591
4.6 0.014634 65.0276338495 0.207822701859
4.6 0.015176 63.2450741666 0.201549713218
4.6 0.015718 61.8097674401 0.196110334086
4.6 0.01626 60.2804642177 0.188768314778
4.6 0.016802 58.6931646916 0.182551751199
4.6 0.017344 57.1028770572 0.17602280465
4.6 0.017886 55.8398538563 0.169683252579
4.6 0.018428 54.5149429939 0.164317623689
4.6 0.01897 53.3870970167 0.158160225679
4.6 0.019512 52.1940288705 0.154272647239
