2.2 0.001084 2.00223114729 0.00894381410526
2.2 0.001626 1.90562644075 0.0084440282751
2.2 0.002168 1.85157119535 0.008126496663
2.2 0.00271 1.82492132981 0.00794157704673
2.2 0.003252 1.7794834634 0.00768628543319
2.2 0.003794 1.70665795217 0.0073369533361
2.2 0.004336 1.66332559425 0.00712854922208
2.2 0.004878 1.61780347022 0.00680248069029
2.2 0.00542 1.57648021505 0.00652014337197
2.2 0.005962 1.53610846947 0.00636273946527
2.2 0.006504 1.4935604719 0.00620782628714
2.2 0.007046 1.45554933829 0.00604665667664
2.2 0.007588 1.41318899905 0.00583501746112
2.2 0.00813 1.36855641717 0.00560423511468
2.2 0.008672 1.33647530068 0.00544386982594
2.2 0.009214 1.30955635391 0.00531347156723
2.2 0.009756 1.27579251666 0.00519629127676
2.2 0.010298 1.24150109466 0.00501261031504
2.2 0.01084 1.21499748237 0.00488990906311
2.2 0.011382 1.17787830841 0.00471242567791
2.2 0.011924 1.14647077528 0.00456599357871
2.2 0.012466 1.12353109301 0.00446862446636
2.2 0.013008 1.09948107213 0.00437234230994
2.2 0.01355 1.07204109962 0.00425216203388
2.2 0.014092 1.05197325298 0.00413371656113
2.2 0.014634 1.02956879491 0.00406604401819
2.2 0.015176 1.00401944674 0.00396499557097
2.2 0.015718 0.972135476522 0.00382309903953
2.2 0.01626 0.942351963365 0.00369521973262
2.2 0.016802 0.921180649103 0.00360574882868
2.2 0.017344 0.902136762277 0.00351947809338
2.2 0.017886 0.881211358898 0.00341794415384
2.2 0.018428 0.862346873954 0.00332751662395
2.2 0.01897 0.840087997538 0.00324323821543
2.2 0.019512 0.820416422255 0.00318082657418
2.4 0.001084 2.73002670622 0.0116888462727
2.4 0.001626 2.58775440651 0.011028927713
2.4 0.002168 2.52209938085 0.0106233704648
2.4 0.00271 2.4883695035 0.0103815688826
2.4 0.003252 2.39507532739 0.00991765028005
2.4 0.003794 2.28156287929 0.00937589520078
2.4 0.004336 2.22246396562 0.00909395999462
2.4 0.004878 2.15931982399 0.00877174972414
2.4 0.00542 2.10352235551 0.00842086949508
2.4 0.005962 2.04772347567 0.00819853028408
2.4 0.006504 1.98760804728 0.00793491381844
2.4 0.007046 1.9377569114 0.0077761648885
2.4 0.007588 1.88909471396 0.00750971112194
2.4 0.00813 1.83268559656 0.00724567522084
2.4 0.008672 1.79115724411 0.00704262903298
2.4 0.009214 1.74495595501 0.00682641968616
2.4 0.009756 1.69331611592 0.00660018105726
2.4 0.010298 1.65457377932 0.00643332248796
2.4 0.01084 1.61469010537 0.00627151745535
2.4 0.011382 1.56672484692 0.00601564750985
2.4 0.011924 1.53407118273 0.00590794575274
2.4 0.012466 1.50313249957 0.00577216542595
2.4 0.013008 1.46227924186 0.00565079777702
2.4 0.01355 1.43155446571 0.00549252708628
2.4 0.014092 1.39315080556 0.00529471814313
2.4 0.014634 1.3556212414 0.00516481671307
2.4 0.015176 1.32090251066 0.00502233378982
2.4 0.015718 1.28213791904 0.00484554434641
2.4 0.01626 1.24700020168 0.00471917102329
2.4 0.016802 1.22457087173 0.00463323726617
2.4 0.017344 1.18839380707 0.00449443966584
2.4 0.017886 1.16191838544 0.0043863486676
2.4 0.018428 1.13910281198 0.00426813933151
2.4 0.01897 1.11068400977 0.0041455965485
2.4 0.019512 1.08452792128 0.00406384061053
2.6 0.001084 3.59105972495 0.0149364677491
2.6 0.001626 3.38223050174 0.0139454353883
2.6 0.002168 3.30955218372 0.0135332232629
2.6 0.00271 3.25781366068 0.0131381051151
2.6 0.003252 3.10479748289 0.0124035954209
2.6 0.003794 2.98851946981 0.011878196165
2.6 0.004336 2.91396039447 0.011519334422
2.6 0.004878 2.82246136287 0.0110728115534
2.6 0.00542 2.74479190323 0.0106801642533
2.6 0.005962 2.66305662893 0.0102838874787
2.6 0.006504 2.58023910844 0.00988699814177
2.6 0.007046 2.51563644855 0.00973177212075
2.6 0.007588 2.46393259754 0.0094221534938
2.6 0.00813 2.37780755554 0.00912031133064
2.6 0.008672 2.32445887439 0.00880069512059
2.6 0.009214 2.25547073487 0.00848784746991
2.6 0.009756 2.20005632439 0.0082507868009
2.6 0.010298 2.15275732785 0.00805751084289
2.6 0.01084 2.09933378835 0.00785874473411
2.6 0.011382 2.04639120002 0.00765166258139
2.6 0.011924 1.99928918173 0.00747770687599
2.6 0.012466 1.94003418272 0.0072579393637
2.6 0.013008 1.87808927552 0.00699919566628
2.6 0.01355 1.83428842443 0.00678603181812
2.6 0.014092 1.79254057811 0.00659747975281
2.6 0.014634 1.75619376046 0.00649158214927
2.6 0.015176 1.70850754783 0.00627382165793
2.6 0.015718 1.66397587934 0.00607167046362
2.6 0.01626 1.6304266932 0.0059172172138
2.6 0.016802 1.57969484775 0.00575771011595
2.6 0.017344 1.54819725143 0.00562140302413
2.6 0.017886 1.51036324236 0.0054774449775
2.6 0.018428 1.46864112649 0.00528577672929
2.6 0.01897 1.43105316946 0.00513204234719
2.6 0.019512 1.40119665568 0.00500105234742
2.8 0.001084 4.60578042405 0.018508505033
2.8 0.001626 4.34362626875 0.0172795729332
2.8 0.002168 4.24865447875 0.0166735271891
2.8 0.00271 4.16668245075 0.0162828426005
2.8 0.003252 3.93898042385 0.0152881762384
2.8 0.003794 3.81819533032 0.014641846858
2.8 0.004336 3.68783675778 0.0140246060078
2.8 0.004878 3.56984845053 0.0135460761302
2.8 0.00542 3.47445433163 0.0130900781476
2.8 0.005962 3.35718429195 0.0125426602007
2.8 0.006504 3.23916423069 0.0121307689233
2.8 0.007046 3.17339517142 0.0119040504751
2.8 0.007588 3.11421446393 0.0116224262538
2.8 0.00813 3.01348363478 0.0111993973789
2.8 0.008672 2.94545271396 0.0108069699873
2.8 0.009214 2.86353170404 0.0104357912507
2.8 0.009756 2.8032067785 0.0101443229477
2.8 0.010298 2.73567464477 0.00996372328939
2.8 0.01084 2.65938408841 0.00959044527504
2.8 0.011382 2.59830832749 0.0093841344888
2.8 0.011924 2.5381688179 0.00913702351068
2.8 0.012466 2.45275568947 0.00887243896722
2.8 0.013008 2.38788139486 0.00855005661263
2.8 0.01355 2.34027897515 0.00829091515916
2.8 0.014092 2.28609086545 0.00817020911663
2.8 0.014634 2.23079737546 0.00791915698083
2.8 0.015176 2.18011361771 0.00770957476845
2.8 0.015718 2.11687776173 0.00743182971904
2.8 0.01626 2.06157466063 0.00723509133432
2.8 0.016802 2.02289012078 0.00711746820751
2.8 0.017344 1.97761142562 0.0069453533407
2.8 0.017886 1.92257761822 0.00670558352601
2.8 0.018428 1.87091548031 0.00650755500504
2.8 0.01897 1.82514490196 0.00636507960776
2.8 0.019512 1.78058001226 0.00619515952131
3.0 0.001084 5.73041219083 0.0222874901086
3.0 0.001626 5.40691889222 0.0210128290369
3.0 0.002168 5.30332084187 0.0203527496791
3.0 0.00271 5.17415544297 0.0196689844685
3.0 0.003252 4.85535212976 0.0182400056257
3.0 0.003794 4.74899992303 0.0177157972964
3.0 0.004336 4.54797417481 0.0168039485355
3.0 0.004878 4.41720430744 0.0163251870291
3.0 0.00542 4.30721532867 0.0158330272553
3.0 0.005962 4.14153673208 0.0151194809521
3.0 0.006504 3.99809936603 0.0146013652584
3.0 0.007046 3.95490136556 0.0143296473278
3.0 0.007588 3.84121877151 0.0138234941695
3.0 0.00813 3.72932955159 0.0133156594645
3.0 0.008672 3.64222917941 0.0129822049822
3.0 0.009214 3.55086847213 0.0125078389012
3.0 0.009756 3.46050734009 0.0121779988132
3.0 0.010298 3.36785912908 0.0118643450748
3.0 0.01084 3.27773536032 0.0115637341026
3.0 0.011382 3.1940099803 0.0112365536029
3.0 0.011924 3.1046909342 0.0108408953574
3.0 0.012466 3.01786016076 0.0105417010619
3.0 0.013008 2.94809150855 0.0102474989669
3.0 0.01355 2.88597622756 0.00998385667166
3.0 0.014092 2.82004566035 0.00975969767882
3.0 0.014634 2.75153219768 0.00945825855947
3.0 0.015176 2.6803769543 0.00919836601521
3.0 0.015718 2.60691621985 0.00892211511829
3.0 0.01626 2.55081711207 0.00867657474275
3.0 0.016802 2.50054731335 0.00850801279109
3.0 0.017344 2.43387652555 0.00827848462205
3.0 0.017886 2.38419863526 0.0080757261701
3.0 0.018428 2.33047604631 0.00786559789401
3.0 0.01897 2.27517052517 0.00765450292406
3.0 0.019512 2.21964579223 0.00739790317175
3.2 0.001084 6.98787065084 0.0266656709385
3.2 0.001626 6.59495162858 0.0251998736871
3.2 0.002168 6.44914691654 0.0243265159911
3.2 0.00271 6.26278855687 0.0231809751158
3.2 0.003252 5.82229683102 0.0213680277486
3.2 0.003794 5.80427763015 0.0212728562737
3.2 0.004336 5.49556155158 0.0200287244088
3.2 0.004878 5.35373141923 0.0193693953878
3.2 0.00542 5.21877837308 0.0187277699319
3.2 0.005962 4.97324330347 0.0177070697345
3.2 0.006504 4.82366659203 0.0171700585531
3.2 0.007046 4.80867556603 0.0169434240364
3.2 0.007588 4.61754389001 0.0162494261577
3.2 0.00813 4.49850743035 0.0156494489563
3.2 0.008672 4.38290423988 0.015309308701
3.2 0.009214 4.27724586211 0.0146712525262
3.2 0.009756 4.15597903127 0.0143996456336
3.2 0.010298 4.07252940553 0.0139921404778
3.2 0.01084 3.9516198857 0.0137004672537
3.2 0.011382 3.81882416209 0.013041376074
3.2 0.011924 3.7402335178 0.0127625987202
3.2 0.012466 3.61751063442 0.0124029765493
3.2 0.013008 3.54513932279 0.0120171035492
3.2 0.01355 3.48464272796 0.0118661773984
3.2 0.014092 3.37514475958 0.0113288171215
3.2 0.014634 3.30693294949 0.0110963510508
3.2 0.015176 3.23189433904 0.0107622542132
3.2 0.015718 3.1665094163 0.010508641138
3.2 0.01626 3.10094390076 0.0102887424814
3.2 0.016802 3.01343196794 0.00986485874363
3.2 0.017344 2.96012285124 0.00973958046635
3.2 0.017886 2.89183048642 0.00948268608612
3.2 0.018428 2.83293664792 0.00929349327218
3.2 0.01897 2.77276457395 0.00899111270565
3.2 0.019512 2.68664305551 0.00872377274926
3.4 0.001084 8.45799053912 0.0317212092198
3.4 0.001626 7.96215010128 0.0299439536266
3.4 0.002168 7.77386765316 0.0289325969322
3.4 0.00271 7.47265962798 0.0272566469593
3.4 0.003252 7.00008989533 0.0252377185884
3.4 0.003794 6.9416386581 0.0249209344364
3.4 0.004336 6.57476883299 0.0234662177093
3.4 0.004878 6.38503098237 0.0225946137488
3.4 0.00542 6.19860486124 0.0216924179155
3.4 0.005962 5.93354410275 0.0207976775949
3.4 0.006504 5.78191450823 0.0201927225561
3.4 0.007046 5.70756303652 0.019717935334
3.4 0.007588 5.48824593985 0.0188352895907
3.4 0.00813 5.35054007226 0.0182820869404
3.4 0.008672 5.20893484682 0.017716025067
3.4 0.009214 5.07001094162 0.0171151227808
3.4 0.009756 4.94279161492 0.0167462953107
3.4 0.010298 4.82203190202 0.01619348725
3.4 0.01084 4.66668750508 0.0157271356604
3.4 0.011382 4.53516280934 0.0152120488154
3.4 0.011924 4.42767904415 0.0148233993627
3.4 0.012466 4.30173706827 0.014342806418
3.4 0.013008 4.22261233819 0.013999684518
3.4 0.01355 4.11345331428 0.0136185868794
3.4 0.014092 4.00448699226 0.0132098452466
3.4 0.014634 3.91740963046 0.0128408742535
3.4 0.015176 3.83285470652 0.0125007674903
3.4 0.015718 3.75797835214 0.012176238214
3.4 0.01626 3.67362199174 0.0118005862267
3.4 0.016802 3.60233032037 0.011547215688
3.4 0.017344 3.52960667712 0.0112910030943
3.4 0.017886 3.45350687144 0.0110098909367
3.4 0.018428 3.3795135892 0.0107348828721
3.4 0.01897 3.27842231916 0.0103954020665
3.4 0.019512 3.20494197116 0.0101948956525
3.6 0.001084 10.1285709756 0.0373972429413
3.6 0.001626 9.51838542084 0.0351015023369
3.6 0.002168 9.25957364374 0.0338800132772
3.6 0.00271 8.81665106258 0.0316035608877
3.6 0.003252 8.31106773566 0.0294641172178
3.6 0.003794 8.15331627662 0.028880318586
3.6 0.004336 7.7410657545 0.0272834785028
3.6 0.004878 7.4997746034 0.026097507037
3.6 0.00542 7.22420772437 0.0249376243324
3.6 0.005962 6.92728575318 0.023995889219
3.6 0.006504 6.80936045979 0.0233690459607
3.6 0.007046 6.63391936563 0.0224877687103
3.6 0.007588 6.3979028805 0.021548470138
3.6 0.00813 6.23898477699 0.02102683384
3.6 0.008672 6.08239484307 0.0203611014954
3.6 0.009214 5.92225890688 0.0198026750264
3.6 0.009756 5.76921145033 0.0190941557832
3.6 0.010298 5.6097600424 0.0186172140698
3.6 0.01084 5.39341916739 0.0178436825155
3.6 0.011382 5.31362441146 0.017500634988
3.6 0.011924 5.11556353925 0.0168518441119
3.6 0.012466 5.03636889889 0.0163440911524
3.6 0.013008 4.95246954627 0.0161953220502
3.6 0.01355 4.76692836854 0.0154951902676
3.6 0.014092 4.67239741779 0.0151791675592
3.6 0.014634 4.56399932181 0.0147205812433
3.6 0.015176 4.47976902587 0.0143546408662
3.6 0.015718 4.390540532 0.0139603374629
3.6 0.01626 4.28674885047 0.0135374001612
3.6 0.016802 4.2115461703 0.0132521902292
3.6 0.017344 4.1156013461 0.0129816476437
3.6 0.017886 4.02963624201 0.0126885766349
3.6 0.018428 3.92267473087 0.0122238356733
3.6 0.01897 3.82300739753 0.0119468371108
3.6 0.019512 3.73153419826 0.0116368902942
3.8 0.001084 11.9953520572 0.0437526517701
3.8 0.001626 11.2592335748 0.0410844498985
3.8 0.002168 10.8634887447 0.0392802838428
3.8 0.00271 10.2818069191 0.0363338080227
3.8 0.003252 9.75343225072 0.034195904201
3.8 0.003794 9.45817690991 0.0331149140527
3.8 0.004336 9.0086036953 0.0313283942626
3.8 0.004878 8.71177876709 0.0299330522354
3.8 0.00542 8.35426944568 0.0287124922548
3.8 0.005962 8.0460450071 0.027660907235
3.8 0.006504 7.96516141966 0.0268952046394
3.8 0.007046 7.64429031702 0.0255870958076
3.8 0.007588 7.42079384034 0.0246335533421
3.8 0.00813 7.22673608821 0.0240723493776
3.8 0.008672 7.05527956562 0.0232821908282
3.8 0.009214 6.86001009566 0.0225813615647
3.8 0.009756 6.66613585729 0.0217326869721
3.8 0.010298 6.45064844653 0.0211318064411
3.8 0.01084 6.21433809662 0.0201988326349
3.8 0.011382 6.10651207352 0.0197741392212
3.8 0.011924 5.90705207957 0.0190930448532
3.8 0.012466 5.82823428268 0.0187344414848
3.8 0.013008 5.69459999247 0.018285110869
3.8 0.01355 5.52986711772 0.0176972338007
3.8 0.014092 5.40535990503 0.0172571218717
3.8 0.014634 5.29775224463 0.0167531701384
3.8 0.015176 5.1950652438 0.0162764193899
3.8 0.015718 5.04625208197 0.0157777373779
3.8 0.01626 4.9533368985 0.015350049919
3.8 0.016802 4.84169935792 0.0151018571779
3.8 0.017344 4.75279152182 0.014819544523
3.8 0.017886 4.66014030207 0.0143546539995
3.8 0.018428 4.51270727902 0.013833701645
3.8 0.01897 4.43927132889 0.0136096199725
3.8 0.019512 4.32017947059 0.0131294491707
4.0 0.001084 14.2441800708 0.0510631604662
4.0 0.001626 13.3097367547 0.0477534595009
4.0 0.002168 12.766794125 0.0454072506168
4.0 0.00271 12.0379930387 0.041813847098
4.0 0.003252 11.4733316661 0.0394964138149
4.0 0.003794 11.0165686748 0.0379749306838
4.0 0.004336 10.5268673861 0.0360765583602
4.0 0.004878 10.1262271688 0.0342951676694
4.0 0.00542 9.67546723764 0.0329332205766
4.0 0.005962 9.30913904888 0.031542027804
4.0 0.006504 9.29503332763 0.0308321851025
4.0 0.007046 8.80501920011 0.029085749427
4.0 0.007588 8.58434604104 0.0280956010774
4.0 0.00813 8.32932339811 0.027311072306
4.0 0.008672 8.11396742081 0.0264518622989
4.0 0.009214 7.88623763426 0.0255382870759
4.0 0.009756 7.64639752543 0.0246970184596
4.0 0.010298 7.35052707425 0.0236653698631
4.0 0.01084 7.18793510988 0.0230227086777
4.0 0.011382 6.97688610634 0.0223417973712
4.0 0.011924 6.82087266636 0.0216052297246
4.0 0.012466 6.73177869838 0.0213449511096
4.0 0.013008 6.5000097149 0.0204624973538
4.0 0.01355 6.35068774207 0.02008844092
4.0 0.014092 6.2239293768 0.0194452158523
4.0 0.014634 6.10172121206 0.0188864056716
4.0 0.015176 5.96033276379 0.0183920676102
4.0 0.015718 5.80683783049 0.0178287767033
4.0 0.01626 5.70876100201 0.0174830970282
4.0 0.016802 5.58381924324 0.0170966689551
4.0 0.017344 5.4801822226 0.0166307217818
4.0 0.017886 5.32196639912 0.0160520520877
4.0 0.018428 5.22245975537 0.0157668711433
4.0 0.01897 5.08600674647 0.0152482074989
4.0 0.019512 4.97710871351 0.0149603212463
4.2 0.001084 16.6606231927 0.0595037518635
4.2 0.001626 15.527075539 0.0555976141225
4.2 0.002168 14.812702283 0.0525460068269
4.2 0.00271 13.8945390024 0.0481046369816
4.2 0.003252 13.3189034775 0.0457065950269
4.2 0.003794 12.693121316 0.0436524215415
4.2 0.004336 12.1694990313 0.0415954782083
4.2 0.004878 11.6480444794 0.0392461751508
4.2 0.00542 11.1126993977 0.0376280479018
4.2 0.005962 10.7295513601 0.035980468947
4.2 0.006504 10.6204398193 0.035081211762
4.2 0.007046 10.110245691 0.0331391942539
4.2 0.007588 9.81229587106 0.0320012300674
4.2 0.00813 9.52170396586 0.0311007893867
4.2 0.008672 9.29583251445 0.0301357720513
4.2 0.009214 8.98314968326 0.0288933604545
4.2 0.009756 8.72617708272 0.0280239260424
4.2 0.010298 8.31873779102 0.0264371666579
4.2 0.01084 8.25082051895 0.0262281127717
4.2 0.011382 7.93014982222 0.0250658800292
4.2 0.011924 7.82165576298 0.0245513801934
4.2 0.012466 7.65626376707 0.0239350689041
4.2 0.013008 7.42136597108 0.0231638214888
4.2 0.01355 7.25572742152 0.0225704037959
4.2 0.014092 7.11765592 0.0219231692508
4.2 0.014634 6.98692578202 0.0214038522669
4.2 0.015176 6.75981544119 0.0207220596453
4.2 0.015718 6.64552945195 0.020071248521
4.2 0.01626 6.49665273663 0.0197477683245
4.2 0.016802 6.37611019209 0.019252700677
4.2 0.017344 6.22451714453 0.0186039079434
4.2 0.017886 6.07496099255 0.0181484963218
4.2 0.018428 5.94516152122 0.017686161503
4.2 0.01897 5.78714154954 0.0171826844593
4.2 0.019512 5.67871190802 0.0168213151593
4.4 0.001084 19.5393734439 0.0692348175441
4.4 0.001626 18.1592988818 0.0647056794362
4.4 0.002168 17.2136224846 0.0606041314903
4.4 0.00271 16.0670064269 0.0552582390739
4.4 0.003252 15.4847589898 0.0527833964988
4.4 0.003794 14.6382445989 0.0501119838693
4.4 0.004336 14.0632108204 0.0478626776837
4.4 0.004878 13.39421364 0.0449133838191
4.4 0.00542 12.7636030313 0.042968779951
4.4 0.005962 12.4157717923 0.0412255023252
4.4 0.006504 12.107877001 0.0397603137872
4.4 0.007046 11.595295289 0.0377145173202
4.4 0.007588 11.2020694082 0.036464668321
4.4 0.00813 10.9014403406 0.0354109600524
4.4 0.008672 10.6487404393 0.0342041357812
4.4 0.009214 10.2075348588 0.0325859503738
4.4 0.009756 9.91906032144 0.0315803252509
4.4 0.010298 9.5544793743 0.0302295168482
4.4 0.01084 9.33611431181 0.0294301973558
4.4 0.011382 9.08627373151 0.0284845889379
4.4 0.011924 8.95209806619 0.0277547230806
4.4 0.012466 8.72257530686 0.0269395999673
4.4 0.013008 8.4364697432 0.0260173240142
4.4 0.01355 8.29456389435 0.0254007555829
4.4 0.014092 8.13105307521 0.0246756160879
4.4 0.014634 7.95296709031 0.0241366467319
4.4 0.015176 7.72355996767 0.0233418987261
4.4 0.015718 7.54603702643 0.0226568843555
4.4 0.01626 7.4018210797 0.0222483323467
4.4 0.016802 7.23962162847 0.0215224021083
4.4 0.017344 7.055085955 0.0209435507593
4.4 0.017886 6.93011978704 0.0204293175576
4.4 0.018428 6.7356162536 0.0197761510486
4.4 0.01897 6.58017298199 0.0193208528761
4.4 0.019512 6.48030709852 0.0190105488034
4.6 0.001084 22.7028284672 0.0803424855418
4.6 0.001626 21.0438854899 0.0749870961729
4.6 0.002168 19.8474342392 0.0697227004606
4.6 0.00271 18.4720189885 0.0633087167135
4.6 0.003252 17.8778399433 0.0607195661789
4.6 0.003794 16.773361034 0.0571812741268
4.6 0.004336 16.1452553416 0.0545921197851
4.6 0.004878 15.3354861701 0.0512685254716
4.6 0.00542 14.6122303956 0.0488144575344
4.6 0.005962 14.2986918312 0.0471373555444
4.6 0.006504 13.7342811058 0.0448501864926
4.6 0.007046 13.2169033366 0.0426982982038
4.6 0.007588 12.7119131802 0.0412572880018
4.6 0.00813 12.4451880523 0.0401094321487
4.6 0.008672 12.0574462569 0.0384354821815
4.6 0.009214 11.6216584623 0.0368343684894
4.6 0.009756 11.2033537473 0.0353926512363
4.6 0.010298 10.9423255278 0.0343586732325
4.6 0.01084 10.525549899 0.0328595281037
4.6 0.011382 10.3716636656 0.0322632912628
4.6 0.011924 10.1515644762 0.0311033848738
4.6 0.012466 9.86095743386 0.0302246082824
4.6 0.013008 9.58045996749 0.0292014425588
4.6 0.01355 9.40575859933 0.028450315585
4.6 0.014092 9.22527883146 0.0277640904862
4.6 0.014634 8.96318755579 0.0271795157158
4.6 0.015176 8.73395915561 0.0259676472631
4.6 0.015718 8.52983859622 0.0254660546206
4.6 0.01626 8.3782235656 0.0248450050223
4.6 0.016802 8.17463639087 0.0240695151189
4.6 0.017344 7.99660625181 0.0234294517615
4.6 0.017886 7.81453755155 0.0227941086232
4.6 0.018428 7.59349573161 0.0222176077765
4.6 0.01897 7.47385650509 0.0217492972437
4.6 0.019512 7.31649581131 0.0211917057624
