2.2 0.001084 71.0432339088 0.238738941814
2.2 0.001626 65.349493422 0.221458590454
2.2 0.002168 61.6148633975 0.207810952348
2.2 0.00271 59.0449301267 0.197096704604
2.2 0.003252 56.1636421615 0.185573999874
2.2 0.003794 52.9417501372 0.173309146407
2.2 0.004336 50.8737996609 0.165957399486
2.2 0.004878 48.4256810848 0.157402030807
2.2 0.00542 45.9799346694 0.148262539982
2.2 0.005962 43.9156444113 0.141857416801
2.2 0.006504 41.9460764977 0.135393437288
2.2 0.007046 39.8618724772 0.127900279754
2.2 0.007588 38.0162827329 0.12134449437
2.2 0.00813 36.4884623225 0.116233653165
2.2 0.008672 35.0766406704 0.111415017426
2.2 0.009214 34.1150561354 0.108041688215
2.2 0.009756 32.5876928673 0.102072860052
2.2 0.010298 31.7309934594 0.0991371108973
2.2 0.01084 30.2438845588 0.0941845237666
2.2 0.011382 29.2326243252 0.090818378837
2.2 0.011924 28.3226844092 0.0876677014935
2.2 0.012466 27.390989098 0.0842397339507
2.2 0.013008 26.4058649783 0.080641043495
2.2 0.01355 25.3486546659 0.0771564458363
2.2 0.014092 24.7720301429 0.0755062352868
2.2 0.014634 23.7957010472 0.0721323497859
2.2 0.015176 22.9094632811 0.0692612279757
2.2 0.015718 22.315549908 0.0670808998641
2.2 0.01626 21.6820462969 0.0649113545476
2.2 0.016802 21.1420689215 0.0631590861879
2.2 0.017344 20.5171452628 0.0611143540598
2.2 0.017886 19.7583239267 0.0586630417406
2.2 0.018428 19.1776389659 0.0568284339473
2.2 0.01897 18.7402897587 0.055082291116
2.2 0.019512 18.1702828658 0.0535253804291
2.4 0.001084 94.0799349927 0.318604244423
2.4 0.001626 86.5458900324 0.296447776768
2.4 0.002168 81.6747054195 0.278368892824
2.4 0.00271 77.9059591652 0.262111146348
2.4 0.003252 73.7349989857 0.244946361017
2.4 0.003794 69.963851926 0.230294669429
2.4 0.004336 67.1356519558 0.219940331059
2.4 0.004878 63.6247477797 0.207612871244
2.4 0.00542 60.6055171641 0.196269412136
2.4 0.005962 57.8060568006 0.187448675714
2.4 0.006504 54.9481629342 0.177952255981
2.4 0.007046 52.0404992339 0.166655240831
2.4 0.007588 50.1106716701 0.160437037505
2.4 0.00813 47.9974495039 0.153043500067
2.4 0.008672 46.471617779 0.147639654803
2.4 0.009214 44.763498648 0.141317226594
2.4 0.009756 43.0091889617 0.134409166354
2.4 0.010298 41.5905535106 0.129353758379
2.4 0.01084 39.6783936087 0.123478017029
2.4 0.011382 38.7509112999 0.119488549307
2.4 0.011924 37.1991184157 0.1142791811
2.4 0.012466 36.0680369121 0.109921023933
2.4 0.013008 34.7207913898 0.104781267433
2.4 0.01355 33.7629152056 0.101908182795
2.4 0.014092 32.5629073699 0.0977998605674
2.4 0.014634 31.350301121 0.0937375080379
2.4 0.015176 30.3813832135 0.0903920691712
2.4 0.015718 29.5756126168 0.0874524928872
2.4 0.01626 28.7811297106 0.0848669480238
2.4 0.016802 27.963728888 0.0824302300619
2.4 0.017344 27.0450021549 0.0792170546631
2.4 0.017886 26.1485723965 0.0761473473895
2.4 0.018428 25.5404572287 0.0737562358022
2.4 0.01897 24.8038502518 0.0715652264113
2.4 0.019512 24.0296549159 0.0685728744551
2.6 0.001084 123.301450459 0.424686195855
2.6 0.001626 113.411090322 0.394692182029
2.6 0.002168 106.939731811 0.370854106495
2.6 0.00271 101.825379577 0.346807565719
2.6 0.003252 96.2109443603 0.322700359501
2.6 0.003794 91.8707958703 0.305903182792
2.6 0.004336 87.7090918974 0.290650904968
2.6 0.004878 82.9607456535 0.272804957978
2.6 0.00542 79.0365403647 0.258253519692
2.6 0.005962 75.184937914 0.245951087361
2.6 0.006504 71.1536664357 0.23154617235
2.6 0.007046 67.5915024692 0.217628603042
2.6 0.007588 65.5765507546 0.212311817582
2.6 0.00813 62.3048080898 0.200008572012
2.6 0.008672 60.9703580224 0.194921797899
2.6 0.009214 58.0408836064 0.183361733659
2.6 0.009756 56.5045691033 0.176023790149
2.6 0.010298 53.8597132769 0.167998132209
2.6 0.01084 52.2889908426 0.161599912297
2.6 0.011382 50.500590679 0.155263225145
2.6 0.011924 48.7720083242 0.149082746182
2.6 0.012466 47.2372021045 0.1429304084
2.6 0.013008 45.6380018934 0.137316844292
2.6 0.01355 44.2310672097 0.13263185429
2.6 0.014092 42.6685773886 0.126996991119
2.6 0.014634 41.1983128779 0.121878223658
2.6 0.015176 40.0688774802 0.117788678341
2.6 0.015718 38.9342472506 0.113755314686
2.6 0.01626 37.8672259429 0.110919526097
2.6 0.016802 36.5709182956 0.105731556401
2.6 0.017344 35.5644889883 0.102479525848
2.6 0.017886 34.4649627128 0.0986894322076
2.6 0.018428 33.5277267795 0.0955042247207
2.6 0.01897 32.5902455579 0.0922340216191
2.6 0.019512 31.378387342 0.0885417984982
2.8 0.001084 160.030010538 0.567098897425
2.8 0.001626 147.458201653 0.526927119642
2.8 0.002168 138.813198508 0.494418651039
2.8 0.00271 132.06156566 0.4584286623
2.8 0.003252 124.593690688 0.425567130896
2.8 0.003794 119.735474679 0.407422149104
2.8 0.004336 113.526891892 0.383879006076
2.8 0.004878 107.570351912 0.359749286214
2.8 0.00542 102.541964169 0.341526432502
2.8 0.005962 97.1707831427 0.32308877097
2.8 0.006504 91.8465312371 0.302267682036
2.8 0.007046 88.0647110767 0.288354231531
2.8 0.007588 84.9559056489 0.278310011441
2.8 0.00813 81.4863589781 0.263999728075
2.8 0.008672 79.0808034536 0.254724476386
2.8 0.009214 75.6515380031 0.240219218987
2.8 0.009756 73.6870457619 0.231013807914
2.8 0.010298 69.9811637718 0.220397589044
2.8 0.01084 68.3336088776 0.212480398304
2.8 0.011382 65.4284984745 0.203074560685
2.8 0.011924 63.6715554553 0.194515870561
2.8 0.012466 61.4481070848 0.185291214827
2.8 0.013008 59.8777706805 0.181270590896
2.8 0.01355 58.0300637687 0.172441522449
2.8 0.014092 55.9932838701 0.165341315208
2.8 0.014634 54.1559124089 0.158863297876
2.8 0.015176 52.5298223677 0.153486340701
2.8 0.015718 51.1642208227 0.149190230803
2.8 0.01626 49.4145773343 0.142558319031
2.8 0.016802 47.9116206088 0.137671977239
2.8 0.017344 46.4687594644 0.133533286938
2.8 0.017886 45.1068311953 0.128880570933
2.8 0.018428 43.9459955697 0.124251989203
2.8 0.01897 42.473879883 0.119392172242
2.8 0.019512 40.9958656803 0.114859654024
3.0 0.001084 206.87300643 0.761591490599
3.0 0.001626 190.798369711 0.706675347285
3.0 0.002168 179.461479221 0.661621099166
3.0 0.00271 170.609784524 0.608330938884
3.0 0.003252 160.783803287 0.565220976802
3.0 0.003794 155.511757152 0.545528460784
3.0 0.004336 146.401648542 0.508113264337
3.0 0.004878 139.592338734 0.479487856816
3.0 0.00542 132.723402733 0.454792509793
3.0 0.005962 125.479287489 0.426230554768
3.0 0.006504 118.778837033 0.39783294032
3.0 0.007046 115.005828477 0.385713223307
3.0 0.007588 109.937986906 0.364551255116
3.0 0.00813 106.485905324 0.350240295019
3.0 0.008672 102.231421938 0.333231862824
3.0 0.009214 99.3101047691 0.31866030145
3.0 0.009756 95.5345466183 0.305425700349
3.0 0.010298 91.8759956888 0.292639035103
3.0 0.01084 88.7250357355 0.280148756838
3.0 0.011382 85.6143377267 0.26668479611
3.0 0.011924 83.016039141 0.254913300692
3.0 0.012466 80.6099082168 0.246676149551
3.0 0.013008 78.4640454471 0.237816802302
3.0 0.01355 75.9846198529 0.226722679715
3.0 0.014092 73.2798414282 0.217173554948
3.0 0.014634 71.0166591433 0.208775133068
3.0 0.015176 69.0307098379 0.202188945232
3.0 0.015718 66.9468934834 0.194637588192
3.0 0.01626 64.474365157 0.186189824662
3.0 0.016802 62.6908381111 0.181670078781
3.0 0.017344 60.8615755199 0.176330957664
3.0 0.017886 59.2692558337 0.169692317729
3.0 0.018428 57.5894506374 0.162599267499
3.0 0.01897 55.4283537952 0.15589690951
3.0 0.019512 54.2214934671 0.150142176125
3.2 0.001084 267.559390853 1.03401518456
3.2 0.001626 247.094497965 0.958277332021
3.2 0.002168 231.834878264 0.892580719917
3.2 0.00271 220.974142383 0.817612483592
3.2 0.003252 208.431375247 0.76404799724
3.2 0.003794 202.680566046 0.738996301203
3.2 0.004336 189.820594907 0.681103266295
3.2 0.004878 182.391783408 0.649958491959
3.2 0.00542 172.561688998 0.610742845119
3.2 0.005962 162.984065152 0.570227484867
3.2 0.006504 154.425650962 0.533704290831
3.2 0.007046 150.799734059 0.52172033025
3.2 0.007588 142.936987799 0.483785016378
3.2 0.00813 140.15708691 0.471997474416
3.2 0.008672 132.813887935 0.441268687857
3.2 0.009214 131.192044608 0.429787227442
3.2 0.009756 124.626022616 0.408009275329
3.2 0.010298 120.441171325 0.391678355772
3.2 0.01084 115.988913268 0.374121969424
3.2 0.011382 112.321758481 0.355099587747
3.2 0.011924 109.259351296 0.342901144241
3.2 0.012466 106.228464836 0.330928873597
3.2 0.013008 103.88742092 0.317117238968
3.2 0.01355 99.7221428389 0.303520039882
3.2 0.014092 96.8289220227 0.290509770289
3.2 0.014634 93.6680747598 0.279555627412
3.2 0.015176 91.3327934659 0.269956750859
3.2 0.015718 87.6195817957 0.257987411553
3.2 0.01626 85.1574768525 0.249508010126
3.2 0.016802 82.6682060518 0.243071585752
3.2 0.017344 80.9314785715 0.234767691297
3.2 0.017886 78.7322684385 0.225385118325
3.2 0.018428 75.6060346449 0.214681427249
3.2 0.01897 73.8402924054 0.205193605539
3.2 0.019512 72.9839775174 0.203014479234
3.4 0.001084 348.979575672 1.42127452652
3.4 0.001626 322.778020745 1.317737338
3.4 0.002168 302.41921586 1.21801353016
3.4 0.00271 288.743786678 1.12031495859
3.4 0.003252 274.268869537 1.05579761077
3.4 0.003794 265.350491595 1.009974694
3.4 0.004336 249.810687241 0.934190627151
3.4 0.004878 239.922534617 0.890422757901
3.4 0.00542 226.745982159 0.830332515652
3.4 0.005962 214.093832935 0.77764002984
3.4 0.006504 204.813059807 0.737176236436
3.4 0.007046 198.153295906 0.706352286523
3.4 0.007588 189.910062881 0.663886919364
3.4 0.00813 184.416641393 0.63834474137
3.4 0.008672 177.101723813 0.605842597931
3.4 0.009214 173.217030036 0.587422348404
3.4 0.009756 165.688971423 0.558547669843
3.4 0.010298 159.399282624 0.533149275498
3.4 0.01084 154.074472483 0.508610104075
3.4 0.011382 149.540650775 0.486671934984
3.4 0.011924 145.468011863 0.467707403993
3.4 0.012466 141.864067933 0.449228793967
3.4 0.013008 137.735082897 0.431524290863
3.4 0.01355 133.041297302 0.413359204263
3.4 0.014092 128.91094805 0.396122687974
3.4 0.014634 125.102930089 0.380731520954
3.4 0.015176 121.153555002 0.365906196862
3.4 0.015718 117.294471139 0.351767008946
3.4 0.01626 113.913139445 0.340481267501
3.4 0.016802 111.424368826 0.329089508556
3.4 0.017344 108.711420844 0.317309761783
3.4 0.017886 104.853616184 0.30261855521
3.4 0.018428 102.144761727 0.289774618344
3.4 0.01897 100.149950224 0.28191143955
3.4 0.019512 97.5887609724 0.273321709815
3.6 0.001084 459.34280309 1.98623223226
3.6 0.001626 426.023143259 1.83937247651
3.6 0.002168 399.073214887 1.68965265327
3.6 0.00271 381.538962306 1.56490945568
3.6 0.003252 364.805042731 1.48390206
3.6 0.003794 351.115091746 1.40609056175
3.6 0.004336 332.603373695 1.30878608274
3.6 0.004878 319.118194811 1.23878634083
3.6 0.00542 301.316094882 1.15266922628
3.6 0.005962 285.440581099 1.0856313571
3.6 0.006504 274.83548157 1.03558389078
3.6 0.007046 264.082608522 0.978927352149
3.6 0.007588 255.631514366 0.930698608732
3.6 0.00813 245.762466487 0.884363349095
3.6 0.008672 239.572269257 0.853956118585
3.6 0.009214 231.956507619 0.821351315549
3.6 0.009756 221.846581619 0.779764108107
3.6 0.010298 214.339884275 0.744021410196
3.6 0.01084 207.198372392 0.707119972325
3.6 0.011382 201.786014784 0.676363665936
3.6 0.011924 195.848717027 0.647486125549
3.6 0.012466 192.222219107 0.62574702477
3.6 0.013008 185.096764985 0.60040627692
3.6 0.01355 179.94098521 0.574706279186
3.6 0.014092 174.064222009 0.549427468668
3.6 0.014634 169.229644106 0.529342443225
3.6 0.015176 164.050512702 0.50972658386
3.6 0.015718 159.129686291 0.488538926617
3.6 0.01626 154.944375134 0.472674559594
3.6 0.016802 151.555068175 0.455335641007
3.6 0.017344 147.078757632 0.437957760108
3.6 0.017886 142.874677641 0.418714081715
3.6 0.018428 139.947054446 0.404194532106
3.6 0.01897 136.123497972 0.390467263918
3.6 0.019512 133.290539341 0.377571694882
3.8 0.001084 608.772243994 2.83617379679
3.8 0.001626 566.406926523 2.62363024179
3.8 0.002168 531.319484863 2.40002625372
3.8 0.00271 509.661324014 2.24485898846
3.8 0.003252 490.56498044 2.13130447543
3.8 0.003794 471.033997455 2.00650795938
3.8 0.004336 449.612569125 1.87905127273
3.8 0.004878 430.740792123 1.76381517343
3.8 0.00542 406.278561649 1.64233082043
3.8 0.005962 387.538545419 1.55780156871
3.8 0.006504 374.09786283 1.49283328586
3.8 0.007046 358.453970219 1.39853191809
3.8 0.007588 349.794937457 1.34373404742
3.8 0.00813 333.430118649 1.25981193353
3.8 0.008672 329.361657612 1.23871997055
3.8 0.009214 315.801392434 1.17970557997
3.8 0.009756 302.394982005 1.11151840948
3.8 0.010298 293.958498873 1.06819765509
3.8 0.01084 284.472034912 1.00989243173
3.8 0.011382 276.805924665 0.963107517666
3.8 0.011924 269.907973011 0.926789363448
3.8 0.012466 263.19296442 0.895085442405
3.8 0.013008 254.841036606 0.858120639138
3.8 0.01355 247.574876848 0.82079241728
3.8 0.014092 239.900173256 0.786018604063
3.8 0.014634 232.743377036 0.757286288918
3.8 0.015176 226.212197608 0.725974050116
3.8 0.015718 219.815926152 0.697970328677
3.8 0.01626 214.914502973 0.673962239686
3.8 0.016802 209.485585063 0.650650286715
3.8 0.017344 202.981754341 0.622153509939
3.8 0.017886 199.817252745 0.601204997272
3.8 0.018428 193.258240871 0.577131592579
3.8 0.01897 189.712966727 0.558344794449
3.8 0.019512 185.608766653 0.537054321483
4.0 0.001084 825.033198947 4.16071431903
4.0 0.001626 770.732458181 3.84960918882
4.0 0.002168 725.13802691 3.52829273032
4.0 0.00271 697.175881095 3.33108953455
4.0 0.003252 673.030389245 3.16046646098
4.0 0.003794 644.42268247 2.96120554544
4.0 0.004336 619.575731733 2.7909878087
4.0 0.004878 592.943940931 2.59587018232
4.0 0.00542 558.830942306 2.42006223942
4.0 0.005962 539.162261876 2.32122153284
4.0 0.006504 520.077012715 2.22613900234
4.0 0.007046 498.949700195 2.07693204494
4.0 0.007588 486.486534537 1.99789658211
4.0 0.00813 467.092232428 1.88104822473
4.0 0.008672 458.323482863 1.84070075809
4.0 0.009214 439.291187574 1.73999644738
4.0 0.009756 424.108878945 1.65188377639
4.0 0.010298 412.136632356 1.57824195054
4.0 0.01084 399.743422064 1.49027250557
4.0 0.011382 388.29893272 1.42539145207
4.0 0.011924 380.775574914 1.38030416855
4.0 0.012466 367.831141354 1.32417009519
4.0 0.013008 357.966652543 1.27100844599
4.0 0.01355 348.127397625 1.21560963602
4.0 0.014092 336.597770454 1.1662654556
4.0 0.014634 327.332891182 1.12076993392
4.0 0.015176 319.907774683 1.07597524779
4.0 0.015718 311.929304995 1.03328822189
4.0 0.01626 305.157867415 0.997603161184
4.0 0.016802 297.015822225 0.959053099235
4.0 0.017344 290.853204397 0.92578780997
4.0 0.017886 282.252576676 0.890213196881
4.0 0.018428 276.19411719 0.855652234612
4.0 0.01897 270.389417579 0.827051974854
4.0 0.019512 263.661953226 0.794463707133
4.2 0.001084 1131.13388411 6.32780673113
4.2 0.001626 1061.80578995 5.86175315365
4.2 0.002168 1004.16981866 5.4033056801
4.2 0.00271 969.539529183 5.15473211914
4.2 0.003252 939.332348767 4.88513986301
4.2 0.003794 898.525213785 4.55230090836
4.2 0.004336 870.041190774 4.32171762787
4.2 0.004878 832.295659858 3.98420502165
4.2 0.00542 785.502595252 3.73585069991
4.2 0.005962 766.11936618 3.61893585839
4.2 0.006504 737.43730411 3.44117508831
4.2 0.007046 712.659572226 3.23730248183
4.2 0.007588 690.781389698 3.08208695445
4.2 0.00813 671.495210361 2.94749947454
4.2 0.008672 653.425928261 2.85544315053
4.2 0.009214 627.284311891 2.67610104213
4.2 0.009756 609.151634385 2.57887685089
4.2 0.010298 592.094332692 2.43133898797
4.2 0.01084 573.864911739 2.29683527659
4.2 0.011382 559.566327566 2.2188448793
4.2 0.011924 547.288632948 2.14118382158
4.2 0.012466 528.954266572 2.05003333205
4.2 0.013008 515.460270282 1.96912170343
4.2 0.01355 499.419833943 1.88516083849
4.2 0.014092 483.749233905 1.80246745767
4.2 0.014634 475.863546759 1.74113908765
4.2 0.015176 464.127986955 1.66522482934
4.2 0.015718 454.970168517 1.6021231391
4.2 0.01626 444.335581722 1.54200281941
4.2 0.016802 433.859363692 1.48329839734
4.2 0.017344 423.479567116 1.42962833848
4.2 0.017886 412.020642616 1.37357109751
4.2 0.018428 403.238566403 1.32356509557
4.2 0.01897 395.181745567 1.27998486479
4.2 0.019512 386.843841692 1.23367668534
4.4 0.001084 1588.95180801 10.0606629848
4.4 0.001626 1499.1672525 9.33961944409
4.4 0.002168 1429.26774139 8.72578665792
4.4 0.00271 1384.35829059 8.38835209577
4.4 0.003252 1344.60305293 7.94397087226
4.4 0.003794 1285.89833478 7.38070754753
4.4 0.004336 1253.71593003 7.04718024083
4.4 0.004878 1198.88582118 6.48961469727
4.4 0.00542 1144.23084386 6.15760012958
4.4 0.005962 1117.91575618 5.94931112737
4.4 0.006504 1077.13866622 5.61750974458
4.4 0.007046 1047.24059579 5.33520027751
4.4 0.007588 1011.54720481 5.03527959834
4.4 0.00813 992.441071181 4.88161450118
4.4 0.008672 961.013242736 4.68333483625
4.4 0.009214 927.785467982 4.4042177617
4.4 0.009756 902.966785604 4.23519070383
4.4 0.010298 876.863715033 3.97914062668
4.4 0.01084 851.072150159 3.78090921073
4.4 0.011382 833.272474068 3.66010189003
4.4 0.011924 808.974293588 3.50118736872
4.4 0.012466 784.830380815 3.36977330627
4.4 0.013008 767.087516351 3.24781694589
4.4 0.01355 738.277208402 3.07781344863
4.4 0.014092 721.493071862 2.94126491181
4.4 0.014634 712.620669574 2.85715818071
4.4 0.015176 696.392231178 2.73244102622
4.4 0.015718 683.236975486 2.62711128293
4.4 0.01626 668.476936504 2.530452162
4.4 0.016802 651.724787908 2.41639842601
4.4 0.017344 634.291887417 2.33455800607
4.4 0.017886 620.656232732 2.23680021118
4.4 0.018428 606.00470999 2.17190270474
4.4 0.01897 597.252093621 2.10247114305
4.4 0.019512 582.083764251 2.01701199647
4.6 0.001084 2292.42113746 16.8625742081
4.6 0.001626 2176.1175364 15.7801419672
4.6 0.002168 2093.84202235 15.0005081799
4.6 0.00271 2033.82271943 14.4944863636
4.6 0.003252 1980.38500348 13.7399917458
4.6 0.003794 1897.55978045 12.7569284587
4.6 0.004336 1854.6005136 12.1709210371
4.6 0.004878 1783.24551058 11.3751156381
4.6 0.00542 1723.12297095 10.8737507386
4.6 0.005962 1682.28069971 10.4918010413
4.6 0.006504 1625.77015085 9.82486626448
4.6 0.007046 1589.94477101 9.46016782801
4.6 0.007588 1534.18188123 8.84884370521
4.6 0.00813 1510.08341535 8.63808648013
4.6 0.008672 1464.86264801 8.24554563221
4.6 0.009214 1422.9068745 7.85163232283
4.6 0.009756 1383.8770525 7.46993056286
4.6 0.010298 1341.25705338 7.01969473579
4.6 0.01084 1305.51217524 6.68730145879
4.6 0.011382 1280.97080824 6.52499959073
4.6 0.011924 1238.94992707 6.15369021367
4.6 0.012466 1207.13484127 5.97174213241
4.6 0.013008 1173.18278942 5.71057760926
4.6 0.01355 1135.15702822 5.37701874625
4.6 0.014092 1120.76138282 5.22136429765
4.6 0.014634 1099.84435474 5.00716858514
4.6 0.015176 1079.68603769 4.84892821189
4.6 0.015718 1060.98204984 4.63003701113
4.6 0.01626 1034.87060145 4.44945290573
4.6 0.016802 1008.12131067 4.2453198082
4.6 0.017344 986.069166243 4.09601199076
4.6 0.017886 961.227305018 3.95009711004
4.6 0.018428 946.929429064 3.84845820214
4.6 0.01897 927.697967704 3.6802565059
4.6 0.019512 904.943376904 3.53756783429
