2.2 0.001084 39.3322803974 0.13393460564
2.2 0.001626 36.3086955638 0.124386601837
2.2 0.002168 34.4973847583 0.117546412185
2.2 0.00271 33.3582240212 0.112612683601
2.2 0.003252 31.8570793371 0.106550252875
2.2 0.003794 29.9744922301 0.0993407714558
2.2 0.004336 28.9037505124 0.0957052326111
2.2 0.004878 27.6555160056 0.0910800076849
2.2 0.00542 26.3471669552 0.0858512686807
2.2 0.005962 25.3213077991 0.0827734134208
2.2 0.006504 24.2542254363 0.0790682292291
2.2 0.007046 23.1257503521 0.0750520562774
2.2 0.007588 22.1223983412 0.071643051171
2.2 0.00813 21.2605708444 0.0688338900167
2.2 0.008672 20.4717333321 0.0661886583688
2.2 0.009214 19.9558604205 0.0641007459252
2.2 0.009756 19.0749063554 0.0609815106739
2.2 0.010298 18.6036295499 0.0591837258225
2.2 0.01084 17.8024407768 0.0564935682458
2.2 0.011382 17.1947104566 0.0544082229574
2.2 0.011924 16.6651844455 0.0525506370237
2.2 0.012466 16.162797668 0.0508531651453
2.2 0.013008 15.6077096913 0.0490678059385
2.2 0.01355 14.9699758483 0.0469517538173
2.2 0.014092 14.6439784154 0.0456571886862
2.2 0.014634 14.0822551908 0.0438109398457
2.2 0.015176 13.6267581557 0.0424991875308
2.2 0.015718 13.2361758155 0.0410360849133
2.2 0.01626 12.8326238502 0.039597900826
2.2 0.016802 12.5322543784 0.038645104982
2.2 0.017344 12.1803493887 0.0374995624305
2.2 0.017886 11.7378488651 0.0359612549896
2.2 0.018428 11.4201177162 0.0348629184307
2.2 0.01897 11.1257584416 0.0339073265513
2.2 0.019512 10.792298081 0.0328088871806
2.4 0.001084 50.6673115894 0.171300589096
2.4 0.001626 46.6932525101 0.15986520005
2.4 0.002168 44.4650543964 0.15131810372
2.4 0.00271 42.7809631977 0.143884092925
2.4 0.003252 40.5133263424 0.134739427796
2.4 0.003794 38.3650860401 0.126509234294
2.4 0.004336 36.9411899832 0.121511583579
2.4 0.004878 35.1289706183 0.115066653195
2.4 0.00542 33.5501498329 0.108978045495
2.4 0.005962 32.3102767582 0.105092192412
2.4 0.006504 30.7776843954 0.0998744248513
2.4 0.007046 29.2395336627 0.0942570239293
2.4 0.007588 28.240375756 0.0910245785267
2.4 0.00813 27.0756026364 0.0868652564814
2.4 0.008672 26.2591515474 0.0838722646243
2.4 0.009214 25.3317597337 0.0805805461857
2.4 0.009756 24.335310648 0.0767987709356
2.4 0.010298 23.5601468568 0.0739644207314
2.4 0.01084 22.5606025861 0.0710718971556
2.4 0.011382 21.971179538 0.0685034174731
2.4 0.011924 21.1870655352 0.0659802944049
2.4 0.012466 20.5599012546 0.0638765357086
2.4 0.013008 19.7688831463 0.0610033344576
2.4 0.01355 19.2033888984 0.0591181141786
2.4 0.014092 18.5500726147 0.0567993959328
2.4 0.014634 17.9102654134 0.0548589609857
2.4 0.015176 17.3772419429 0.053035391167
2.4 0.015718 16.9097313827 0.0512285968626
2.4 0.01626 16.4564968239 0.0497410210429
2.4 0.016802 15.994113053 0.0482896180544
2.4 0.017344 15.4608020126 0.0466756353694
2.4 0.017886 14.994228374 0.0449619791865
2.4 0.018428 14.64539505 0.0435279812605
2.4 0.01897 14.207687104 0.0422078531153
2.4 0.019512 13.8214383084 0.0408137990186
2.6 0.001084 64.0794335414 0.216747856558
2.6 0.001626 58.9629760443 0.201971448267
2.6 0.002168 56.0967423186 0.191353904862
2.6 0.00271 53.7425140895 0.180656165948
2.6 0.003252 50.6505587285 0.168064830475
2.6 0.003794 48.3517500838 0.159326634535
2.6 0.004336 46.3239522875 0.152089649393
2.6 0.004878 43.8842597243 0.143154238349
2.6 0.00542 41.9519096149 0.135942235498
2.6 0.005962 40.1919987084 0.130294782256
2.6 0.006504 38.1052083137 0.123142985644
2.6 0.007046 36.3182919719 0.116549325278
2.6 0.007588 35.3994190344 0.11413792379
2.6 0.00813 33.6050376867 0.1073619904
2.6 0.008672 32.9399535529 0.104641194507
2.6 0.009214 31.3951581482 0.0991072178866
2.6 0.009756 30.5313845553 0.0950030370893
2.6 0.010298 29.1803262855 0.0911230332789
2.6 0.01084 28.3620490091 0.0877505511608
2.6 0.011382 27.4594910235 0.0845906637233
2.6 0.011924 26.5327952283 0.0816645110596
2.6 0.012466 25.6505498605 0.0784696244502
2.6 0.013008 24.7379686272 0.0752659739935
2.6 0.01355 23.9499719862 0.0726588950081
2.6 0.014092 23.1520019338 0.0700259645525
2.6 0.014634 22.3979415268 0.0676815412606
2.6 0.015176 21.8180270738 0.0652367442484
2.6 0.015718 21.2819802953 0.0633546564694
2.6 0.01626 20.6172837163 0.0615802617757
2.6 0.016802 19.9117830151 0.0589802312225
2.6 0.017344 19.404057594 0.0571836979625
2.6 0.017886 18.8661371414 0.0551533401601
2.6 0.018428 18.3445512203 0.0536009543084
2.6 0.01897 17.8541924238 0.051910969513
2.6 0.019512 17.2301478327 0.0499597608931
2.8 0.001084 79.6453853833 0.272447190091
2.8 0.001626 73.3622362444 0.253446812125
2.8 0.002168 69.632956884 0.239816821843
2.8 0.00271 66.4390759868 0.22449166947
2.8 0.003252 62.2781093033 0.207695515029
2.8 0.003794 59.9493483778 0.198960372384
2.8 0.004336 57.0016716604 0.188438325002
2.8 0.004878 53.9677250993 0.176720500241
2.8 0.00542 51.6819887267 0.168540504141
2.8 0.005962 49.2106447887 0.160413006454
2.8 0.006504 46.5992394456 0.150780040122
2.8 0.007046 44.8961961142 0.144817512677
2.8 0.007588 43.4519053926 0.140312243995
2.8 0.00813 41.6310083049 0.132973934862
2.8 0.008672 40.4124074728 0.12821831487
2.8 0.009214 38.650445679 0.121675817667
2.8 0.009756 37.5560186845 0.116670074229
2.8 0.010298 35.7325823094 0.111758728307
2.8 0.01084 35.0401856787 0.107725700822
2.8 0.011382 33.6058562088 0.103839955959
2.8 0.011924 32.6566846836 0.0996431557416
2.8 0.012466 31.4832538446 0.0952116179667
2.8 0.013008 30.5953089406 0.092652847498
2.8 0.01355 29.6721333909 0.0886112487858
2.8 0.014092 28.6812977463 0.0854267565748
2.8 0.014634 27.7732030435 0.0821886091535
2.8 0.015176 27.014652807 0.0799765227517
2.8 0.015718 26.2463752547 0.0774274209134
2.8 0.01626 25.3623587296 0.0742017338488
2.8 0.016802 24.6615744798 0.0719252058323
2.8 0.017344 23.9997310679 0.0698525957579
2.8 0.017886 23.3266224019 0.0674936732101
2.8 0.018428 22.7400557181 0.0652839568866
2.8 0.01897 22.022691867 0.0630178246728
2.8 0.019512 21.2976092133 0.0608363730446
3.0 0.001084 97.7740404911 0.340958270892
3.0 0.001626 90.1071599115 0.316261063388
3.0 0.002168 85.3664227167 0.299617502717
3.0 0.00271 81.1993510548 0.277774269595
3.0 0.003252 75.7436559102 0.25567991801
3.0 0.003794 73.4846866825 0.247429227821
3.0 0.004336 69.2132485532 0.231970619668
3.0 0.004878 65.8041347803 0.21808100664
3.0 0.00542 62.9838402338 0.208551071928
3.0 0.005962 59.6578507228 0.196158039616
3.0 0.006504 56.5819214887 0.183568115439
3.0 0.007046 55.1035381595 0.179324889223
3.0 0.007588 52.6974804454 0.170356852549
3.0 0.00813 50.9186078584 0.163101519207
3.0 0.008672 48.9158888921 0.15583098868
3.0 0.009214 47.4290598024 0.149207724453
3.0 0.009756 45.5131280218 0.142847981002
3.0 0.010298 43.928204607 0.137147024777
3.0 0.01084 42.556689043 0.131747373301
3.0 0.011382 41.0230248473 0.125897584379
3.0 0.011924 39.7542785311 0.120739047209
3.0 0.012466 38.5884463627 0.117067826854
3.0 0.013008 37.5097573822 0.112903831954
3.0 0.01355 36.3305353472 0.107801173477
3.0 0.014092 35.0578841094 0.103691371408
3.0 0.014634 34.0120531218 0.1003806792
3.0 0.015176 33.1196758183 0.0976141332301
3.0 0.015718 32.0531868217 0.0937287831048
3.0 0.01626 30.9566280676 0.0900598814782
3.0 0.016802 30.1688426208 0.0877915894588
3.0 0.017344 29.3459358047 0.0852606708994
3.0 0.017886 28.669353079 0.082375534368
3.0 0.018428 27.8732558273 0.079374301282
3.0 0.01897 26.9038150907 0.0765430544981
3.0 0.019512 26.3518505875 0.0741088406697
3.2 0.001084 119.3885668 0.427817442173
3.2 0.001626 110.079438144 0.39593863977
3.2 0.002168 103.835676758 0.37409439387
3.2 0.00271 98.6957413598 0.34362217581
3.2 0.003252 91.7949655788 0.316247543494
3.2 0.003794 89.787164002 0.308353036818
3.2 0.004336 83.8140168044 0.286425876342
3.2 0.004878 80.2774289196 0.271477405588
3.2 0.00542 76.5008144547 0.258106658248
3.2 0.005962 72.2326307658 0.240946954349
3.2 0.006504 68.4720070872 0.225036356165
3.2 0.007046 67.3592202616 0.222740423251
3.2 0.007588 63.6364026952 0.207572111131
3.2 0.00813 62.2122374797 0.201357205151
3.2 0.008672 59.0707309932 0.18953742956
3.2 0.009214 58.1620970256 0.184513569014
3.2 0.009756 54.9983239336 0.174190855896
3.2 0.010298 53.6243328837 0.168241478442
3.2 0.01084 51.5750042806 0.160931771351
3.2 0.011382 49.8299901245 0.15289667419
3.2 0.011924 48.5349122877 0.148479923659
3.2 0.012466 47.1623664827 0.144417642456
3.2 0.013008 46.0093752183 0.137548643886
3.2 0.01355 44.2019574178 0.131950158068
3.2 0.014092 42.7777383865 0.126837135103
3.2 0.014634 41.6766099903 0.123559063402
3.2 0.015176 40.4625261702 0.118756760814
3.2 0.015718 38.8984469397 0.114302968312
3.2 0.01626 37.823161922 0.110293545884
3.2 0.016802 36.8420495378 0.107645219945
3.2 0.017344 36.1436128024 0.104259255023
3.2 0.017886 35.1230232727 0.100382885542
3.2 0.018428 33.8108143616 0.0962632018706
3.2 0.01897 33.0815386955 0.0929430713957
3.2 0.019512 32.483701878 0.0914431154821
3.4 0.001084 146.339977526 0.537947994611
3.4 0.001626 134.8834827 0.498714758142
3.4 0.002168 126.58686762 0.466929080046
3.4 0.00271 120.128586113 0.428004664136
3.4 0.003252 112.586144156 0.397215286351
3.4 0.003794 109.367212992 0.383863319155
3.4 0.004336 102.413123263 0.357026236025
3.4 0.004878 98.1472299092 0.33906900367
3.4 0.00542 93.0186539042 0.318956516086
3.4 0.005962 87.8295095019 0.29805117826
3.4 0.006504 83.9807665227 0.282223496482
3.4 0.007046 81.6653840472 0.273704785797
3.4 0.007588 77.9514330815 0.257700094203
3.4 0.00813 75.5930801635 0.24736898023
3.4 0.008672 72.5702120153 0.235267437331
3.4 0.009214 70.6839321796 0.227400394183
3.4 0.009756 67.5449376841 0.215531188157
3.4 0.010298 65.2989035559 0.207234764942
3.4 0.01084 62.8732968606 0.197504976458
3.4 0.011382 60.9254207876 0.189460951271
3.4 0.011924 59.3786911893 0.184062983726
3.4 0.012466 57.834081783 0.176931103104
3.4 0.013008 56.0665756803 0.169335787483
3.4 0.01355 54.0760737486 0.162677236923
3.4 0.014092 52.4686182111 0.157039606502
3.4 0.014634 50.9346585108 0.151358745598
3.4 0.015176 49.2841954351 0.145673560071
3.4 0.015718 47.8009292281 0.140751003104
3.4 0.01626 46.5084464409 0.136491533445
3.4 0.016802 45.545118439 0.132102393516
3.4 0.017344 44.3631745401 0.127402842312
3.4 0.017886 42.7645397342 0.12202012471
3.4 0.018428 41.7256981792 0.118139542415
3.4 0.01897 40.7726599571 0.114920427849
3.4 0.019512 39.804805969 0.111716805915
3.6 0.001084 179.864640291 0.679591623341
3.6 0.001626 165.739868764 0.629801876648
3.6 0.002168 155.007876771 0.584353007269
3.6 0.00271 146.798730237 0.535891624566
3.6 0.003252 138.642219789 0.501301510383
3.6 0.003794 133.515757593 0.480215526194
3.6 0.004336 125.669859493 0.447825544248
3.6 0.004878 120.194282105 0.424039297635
3.6 0.00542 113.453896497 0.396596505191
3.6 0.005962 107.180176938 0.37144393391
3.6 0.006504 103.281554329 0.355383499858
3.6 0.007046 99.3207707405 0.338425910215
3.6 0.007588 95.7825022857 0.321360928256
3.6 0.00813 92.1060026379 0.306233217456
3.6 0.008672 89.6213447358 0.295911210754
3.6 0.009214 86.3023275061 0.281888143707
3.6 0.009756 82.7919121183 0.26911155955
3.6 0.010298 79.8658007711 0.257370061111
3.6 0.01084 76.6732465592 0.244200081805
3.6 0.011382 74.9621003264 0.236626214935
3.6 0.011924 72.7593716332 0.228501439467
3.6 0.012466 71.2948804473 0.2188624336
3.6 0.013008 68.65546526 0.210717091666
3.6 0.01355 66.4953128576 0.201158034053
3.6 0.014092 64.4219484126 0.194331893746
3.6 0.014634 62.5469163914 0.18671548037
3.6 0.015176 60.7599575342 0.180615147453
3.6 0.015718 58.968086398 0.17437090322
3.6 0.01626 57.4106526594 0.16851507497
3.6 0.016802 56.0702088793 0.162506449586
3.6 0.017344 54.2636172603 0.156184420463
3.6 0.017886 52.6949359996 0.150450753997
3.6 0.018428 51.5341366426 0.146358322135
3.6 0.01897 50.1383097678 0.141521991407
3.6 0.019512 49.0374514623 0.13752211207
3.8 0.001084 220.339252838 0.863022547329
3.8 0.001626 202.977786824 0.798617757016
3.8 0.002168 189.428131916 0.735032218501
3.8 0.00271 179.523278467 0.676270797184
3.8 0.003252 170.906567228 0.636380440131
3.8 0.003794 163.637790422 0.604298246196
3.8 0.004336 155.071787 0.565887843274
3.8 0.004878 147.865413862 0.533656840013
3.8 0.00542 139.173005174 0.498171090971
3.8 0.005962 131.814375551 0.467388226312
3.8 0.006504 127.479228832 0.450060883225
3.8 0.007046 121.53892406 0.421815312107
3.8 0.007588 118.351316122 0.404675800712
3.8 0.00813 113.013460606 0.383761032558
3.8 0.008672 111.201065685 0.374618671747
3.8 0.009214 106.133313038 0.352943208918
3.8 0.009756 101.895831484 0.337661442292
3.8 0.010298 98.4565811572 0.322677395309
3.8 0.01084 94.714327324 0.306228610667
3.8 0.011382 92.593099924 0.296191926166
3.8 0.011924 90.0751065101 0.285282119381
3.8 0.012466 87.7743314072 0.274453852366
3.8 0.013008 84.9133516652 0.262854440868
3.8 0.01355 82.2116842235 0.251827386436
3.8 0.014092 79.6616529231 0.241882212946
3.8 0.014634 77.4943357696 0.233844749886
3.8 0.015176 75.1729159511 0.225123333318
3.8 0.015718 73.0002491756 0.217204014414
3.8 0.01626 70.9990547697 0.209036737059
3.8 0.016802 69.2158242846 0.202612377146
3.8 0.017344 66.9371323749 0.193381874426
3.8 0.017886 65.8917562275 0.189464136174
3.8 0.018428 63.4513452068 0.180957662173
3.8 0.01897 62.2986323198 0.176911688569
3.8 0.019512 60.68638425 0.169308419646
4.0 0.001084 273.273354374 1.10326372669
4.0 0.001626 251.79515263 1.01949189728
4.0 0.002168 234.725794614 0.933137465635
4.0 0.00271 222.407996867 0.861213229523
4.0 0.003252 212.484718866 0.81371263966
4.0 0.003794 202.191382202 0.766400186882
4.0 0.004336 192.686303095 0.721452012334
4.0 0.004878 183.03648599 0.676860743294
4.0 0.00542 171.913602945 0.630609644662
4.0 0.005962 163.693020129 0.593216758553
4.0 0.006504 158.359062754 0.574232632742
4.0 0.007046 150.397377483 0.532847921381
4.0 0.007588 146.7151987 0.513791886936
4.0 0.00813 140.940960336 0.489385758509
4.0 0.008672 137.599099351 0.473283020699
4.0 0.009214 131.614387286 0.44817283245
4.0 0.009756 126.793798302 0.427945211482
4.0 0.010298 122.032106929 0.40704280854
4.0 0.01084 118.367195537 0.388066894699
4.0 0.011382 114.883184013 0.373422095729
4.0 0.011924 112.24737034 0.360926681267
4.0 0.012466 108.789549592 0.346034575668
4.0 0.013008 105.735390365 0.331463547705
4.0 0.01355 102.134319468 0.317927291164
4.0 0.014092 99.2324673244 0.306030464878
4.0 0.014634 96.3637857109 0.295115908679
4.0 0.015176 93.5365640708 0.282882721688
4.0 0.015718 90.9236405312 0.272338678526
4.0 0.01626 88.6418921946 0.263858630135
4.0 0.016802 86.2983161417 0.254642761328
4.0 0.017344 84.433359887 0.246582612187
4.0 0.017886 81.6152184926 0.236650789395
4.0 0.018428 79.5836731878 0.229556208838
4.0 0.01897 77.853141653 0.21991357195
4.0 0.019512 75.335536931 0.211210814686
4.2 0.001084 337.271079848 1.42056249347
4.2 0.001626 311.011117214 1.30963032096
4.2 0.002168 290.148326293 1.19488930517
4.2 0.00271 275.248376087 1.10609745849
4.2 0.003252 264.10516325 1.04835952932
4.2 0.003794 250.363868918 0.979245033441
4.2 0.004336 240.059303688 0.928101044091
4.2 0.004878 227.179197881 0.864219081115
4.2 0.00542 213.114158299 0.803687815184
4.2 0.005962 204.545228264 0.763729002301
4.2 0.006504 196.412295347 0.730673022194
4.2 0.007046 188.143415062 0.685301592086
4.2 0.007588 182.402026359 0.656337819567
4.2 0.00813 176.949747339 0.629508192043
4.2 0.008672 171.483203107 0.604831746589
4.2 0.009214 164.02073335 0.570895267323
4.2 0.009756 158.867770936 0.549419242833
4.2 0.010298 151.995492629 0.517486745955
4.2 0.01084 148.438515894 0.495502323993
4.2 0.011382 143.659918762 0.476840097722
4.2 0.011924 140.303515137 0.460805303602
4.2 0.012466 136.210795852 0.44054828362
4.2 0.013008 132.185094927 0.422882582352
4.2 0.01355 128.070919445 0.40568060037
4.2 0.014092 124.287495557 0.390929674213
4.2 0.014634 120.764540824 0.375540210499
4.2 0.015176 117.328175372 0.358319449974
4.2 0.015718 114.179134821 0.345941427783
4.2 0.01626 111.613187101 0.337367051308
4.2 0.016802 108.831625281 0.324977082862
4.2 0.017344 106.214944949 0.314276361178
4.2 0.017886 102.71007854 0.301143964978
4.2 0.018428 100.362531574 0.290284419015
4.2 0.01897 97.6812819344 0.27877150223
4.2 0.019512 95.4892076638 0.270600051717
4.4 0.001084 418.612805006 1.84281953786
4.4 0.001626 386.483044534 1.69224818333
4.4 0.002168 361.490185448 1.54467460288
4.4 0.00271 343.081317331 1.43408737165
4.4 0.003252 330.159905709 1.36259022638
4.4 0.003794 311.538362311 1.26186819659
4.4 0.004336 300.969802756 1.20731404141
4.4 0.004878 283.313829071 1.11392354105
4.4 0.00542 266.861820794 1.03842275792
4.4 0.005962 257.14623498 0.994222904726
4.4 0.006504 245.723568658 0.940510436307
4.4 0.007046 237.187921266 0.891250493013
4.4 0.007588 229.009380309 0.84757053703
4.4 0.00813 223.809424552 0.816661685109
4.4 0.008672 215.807838363 0.782234564673
4.4 0.009214 206.484253667 0.735120413882
4.4 0.009756 200.029023844 0.709911518596
4.4 0.010298 192.324997429 0.668223111489
4.4 0.01084 186.847649102 0.640233880008
4.4 0.011382 181.682882072 0.618120498253
4.4 0.011924 176.762072038 0.593133638672
4.4 0.012466 172.158983638 0.569579861222
4.4 0.013008 166.645534139 0.545964909203
4.4 0.01355 161.688311376 0.522879342176
4.4 0.014092 157.151272198 0.504073969773
4.4 0.014634 153.081265729 0.482895186149
4.4 0.015176 148.907551277 0.462232599661
4.4 0.015718 145.392707032 0.449244916313
4.4 0.01626 141.966075715 0.434761191131
4.4 0.016802 138.809427886 0.420159947615
4.4 0.017344 134.145689953 0.402043040286
4.4 0.017886 130.613695561 0.386029698714
4.4 0.018428 127.301773612 0.372808973416
4.4 0.01897 124.314175121 0.359159124868
4.4 0.019512 121.39711162 0.347889779521
4.6 0.001084 519.014915977 2.40465799721
4.6 0.001626 479.925173776 2.19974131269
4.6 0.002168 450.584259038 2.01554052412
4.6 0.00271 428.390669408 1.87541465115
4.6 0.003252 413.717429929 1.78651444941
4.6 0.003794 388.902845996 1.64173079427
4.6 0.004336 377.449783574 1.57454184209
4.6 0.004878 354.558179624 1.44998730368
4.6 0.00542 336.345423183 1.36012038932
4.6 0.005962 324.347565995 1.3042919044
4.6 0.006504 309.206371017 1.22303692669
4.6 0.007046 300.721307241 1.17010771525
4.6 0.007588 289.625739124 1.10792537328
4.6 0.00813 283.552514349 1.0672645816
4.6 0.008672 272.827079305 1.01579469812
4.6 0.009214 262.376547393 0.965905475562
4.6 0.009756 253.097528505 0.922265532535
4.6 0.010298 244.394208462 0.871342198625
4.6 0.01084 237.077647345 0.839260173514
4.6 0.011382 230.77672369 0.809346607311
4.6 0.011924 224.179053489 0.773330394414
4.6 0.012466 218.404755724 0.744424700639
4.6 0.013008 211.600631331 0.712305592591
4.6 0.01355 205.500731604 0.682706946076
4.6 0.014092 200.647599347 0.65648588836
4.6 0.014634 195.443426812 0.627292616008
4.6 0.015176 190.738329855 0.607398745397
4.6 0.015718 186.362576245 0.58781757608
4.6 0.01626 182.017774065 0.5667612277
4.6 0.016802 177.069710158 0.545079936517
4.6 0.017344 171.695634916 0.521064418259
4.6 0.017886 166.793102864 0.502607681606
4.6 0.018428 163.271133541 0.485648750762
4.6 0.01897 159.172633692 0.468478251359
4.6 0.019512 155.879554329 0.453063698253
