2.2 0.530062920264 15545.2889617 1.34538208315
2.4 0.679635528126 15861.7447145 1.33850208829
2.6 0.859117898269 15632.260207 1.33461692534
2.8 1.072322108 15044.8332521 1.33177417208
3.0 1.32330050496 13917.8409595 1.3237467653
3.2 1.61634701084 12792.8559497 1.31559144399
3.4 1.95599836473 11717.6859448 1.30623178491
3.6 2.34703531148 10688.2901403 1.29694989144
3.8 2.79448374029 9781.2202844 1.28513979052
4.0 3.30361577744 9131.34467218 1.2731494872
4.2 3.87995083709 8701.63981959 1.26441416444
4.4 4.52925663335 8373.25617932 1.25438253016
4.6 5.25755015646 7910.44733908 1.2492071588
