2.2 0.0369849404794 15545.2889617 1.34538208315
2.4 0.0462851843037 15861.7447145 1.33850208829
2.6 0.0571859390664 15632.260207 1.33461692534
2.8 0.0698504666447 15044.8332521 1.33177417208
3.0 0.0844485062895 13917.8409595 1.3237467653
3.2 0.101156170277 12792.8559497 1.31559144399
3.4 0.120155846482 11717.6859448 1.30623178491
3.6 0.141636107096 10688.2901403 1.29694989144
3.8 0.165791622838 9781.2202844 1.28513979052
4.0 0.1928230821 9131.34467218 1.2731494872
4.2 0.22293711454 8701.63981959 1.26441416444
4.4 0.256346218717 8373.25617932 1.25438253016
4.6 0.293268693391 7910.44733908 1.2492071588
