2.2 0.332864464315 15545.2889617 1.34538208315
2.4 0.416566658733 15861.7447145 1.33850208829
2.6 0.514673451598 15632.260207 1.33461692534
2.8 0.628654199803 15044.8332521 1.33177417208
3.0 0.760036556605 13917.8409595 1.3237467653
3.2 0.910405532495 12792.8559497 1.31559144399
3.4 1.08140261834 11717.6859448 1.30623178491
3.6 1.27472496387 10688.2901403 1.29694989144
3.8 1.49212460555 9781.2202844 1.28513979052
4.0 1.7354077389 9131.34467218 1.2731494872
4.2 2.00643403086 8701.63981959 1.26441416444
4.4 2.30711596845 8373.25617932 1.25438253016
4.6 2.63941824052 7910.44733908 1.2492071588
