2.2 0.1161274627 15545.2889617 1.34538208315
2.4 0.141847091392 15861.7447145 1.33850208829
2.6 0.171292465804 15632.260207 1.33461692534
2.8 0.204750927388 15044.8332521 1.33177417208
3.0 0.242514650642 13917.8409595 1.3237467653
3.2 0.284880463318 12792.8559497 1.31559144399
3.4 0.33214968207 11717.6859448 1.30623178491
3.6 0.384627961534 10688.2901403 1.29694989144
3.8 0.442625155166 9781.2202844 1.28513979052
4.0 0.506455186466 9131.34467218 1.2731494872
4.2 0.576435929392 8701.63981959 1.26441416444
4.4 0.652889096964 8373.25617932 1.25438253016
4.6 0.736140137208 7910.44733908 1.2492071588
