2.2 0.001084 9.68067967709 0.0360767742956
2.2 0.001626 9.05798185973 0.0337449545975
2.2 0.002168 8.72107066251 0.0322404976584
2.2 0.00271 8.54913155462 0.0313246059578
2.2 0.003252 8.25113112796 0.0299775551886
2.2 0.003794 7.8004078663 0.0280868067096
2.2 0.004336 7.57540152533 0.0272790636801
2.2 0.004878 7.32170739098 0.0260675458221
2.2 0.00542 7.06240652418 0.0246697191691
2.2 0.005962 6.84452053863 0.0240318298201
2.2 0.006504 6.60574108831 0.0231933460939
2.2 0.007046 6.36805831379 0.0222814055608
2.2 0.007588 6.13801080255 0.0214127773007
2.2 0.00813 5.92241005261 0.0206405739346
2.2 0.008672 5.74551875996 0.0199985499537
2.2 0.009214 5.60814309346 0.0193327779513
2.2 0.009756 5.40880904527 0.0187497294915
2.2 0.010298 5.27064298967 0.0181624639775
2.2 0.01084 5.10882574852 0.0175499744509
2.2 0.011382 4.93494827929 0.0168469512691
2.2 0.011924 4.78804095526 0.0162721542331
2.2 0.012466 4.67338553471 0.0159064406888
2.2 0.013008 4.54612217131 0.0155345159133
2.2 0.01355 4.3909198284 0.0149694250827
2.2 0.014092 4.30557672801 0.0145198212037
2.2 0.014634 4.16795123361 0.0141295239576
2.2 0.015176 4.06030401729 0.0138135812168
2.2 0.015718 3.92734886066 0.0132518420938
2.2 0.01626 3.79541879815 0.0127486728553
2.2 0.016802 3.71076958885 0.0125116814339
2.2 0.017344 3.62287397734 0.0122059884214
2.2 0.017886 3.5128703543 0.0117200495685
2.2 0.018428 3.43209894312 0.0113985362287
2.2 0.01897 3.33185544088 0.0111004537667
2.2 0.019512 3.252197686 0.0107545591844
2.4 0.001084 12.4458231319 0.0452959591087
2.4 0.001626 11.5994523572 0.0425100236045
2.4 0.002168 11.2189770988 0.0407796839829
2.4 0.00271 10.9806906447 0.0394382915008
2.4 0.003252 10.4706178189 0.037220299024
2.4 0.003794 9.92159324811 0.0349744463659
2.4 0.004336 9.63036286338 0.0338430485728
2.4 0.004878 9.26447570755 0.032394673638
2.4 0.00542 8.94407387828 0.0308366750055
2.4 0.005962 8.6877327331 0.0300854346376
2.4 0.006504 8.34591342096 0.0287581327229
2.4 0.007046 8.03021040136 0.027736697906
2.4 0.007588 7.80431515525 0.0268828776978
2.4 0.00813 7.51943145225 0.025815388725
2.4 0.008672 7.31924046567 0.0249637043138
2.4 0.009214 7.09484326319 0.0241011409004
2.4 0.009756 6.83779220591 0.023139295442
2.4 0.010298 6.64735239111 0.0223948842236
2.4 0.01084 6.4440322428 0.0217603927961
2.4 0.011382 6.24639418824 0.0208438407008
2.4 0.011924 6.0811211347 0.0204073516347
2.4 0.012466 5.93191086958 0.0199196695182
2.4 0.013008 5.7285567562 0.0192886235006
2.4 0.01355 5.57805868847 0.0186318168359
2.4 0.014092 5.40949614871 0.0179310506841
2.4 0.014634 5.25511585364 0.0174655648296
2.4 0.015176 5.11451654879 0.0169764339117
2.4 0.015718 4.96085916111 0.01637599295
2.4 0.01626 4.81893352977 0.015893529689
2.4 0.016802 4.71357573577 0.015509215321
2.4 0.017344 4.55995543509 0.0149809263552
2.4 0.017886 4.44661727547 0.0145463021976
2.4 0.018428 4.34506386784 0.014153736568
2.4 0.01897 4.22311145594 0.0136236208039
2.4 0.019512 4.12443867301 0.0133263853447
2.6 0.001084 15.5840473129 0.0557394496798
2.6 0.001626 14.4704041477 0.0519988497015
2.6 0.002168 14.0290800944 0.0501969116246
2.6 0.00271 13.6749858965 0.0483233481988
2.6 0.003252 12.9203451554 0.0450888400188
2.6 0.003794 12.3694339578 0.0429084346294
2.6 0.004336 11.9661263999 0.041420279145
2.6 0.004878 11.4583559373 0.039375918475
2.6 0.00542 11.0714153517 0.0376881521074
2.6 0.005962 10.704765353 0.0363032089974
2.6 0.006504 10.2462942805 0.0345488615323
2.6 0.007046 9.87092293824 0.0334969993891
2.6 0.007588 9.67775937622 0.032680347687
2.6 0.00813 9.24799308547 0.0311463060511
2.6 0.008672 9.06198119075 0.0302075833579
2.6 0.009214 8.72632251566 0.0290194773594
2.6 0.009756 8.49819315459 0.027955627877
2.6 0.010298 8.23079526498 0.0271858756538
2.6 0.01084 8.00425683858 0.0262943207499
2.6 0.011382 7.77846869954 0.0254951746628
2.6 0.011924 7.55687504469 0.0248446294155
2.6 0.012466 7.3088397253 0.0240637873481
2.6 0.013008 7.04627791727 0.0231332989211
2.6 0.01355 6.83510208737 0.0222733026203
2.6 0.014092 6.65326189347 0.0216311000503
2.6 0.014634 6.49018857581 0.0212674123149
2.6 0.015176 6.31316244889 0.0204220906849
2.6 0.015718 6.16712091688 0.0199225969712
2.6 0.01626 5.98964105175 0.0192694106058
2.6 0.016802 5.78819485462 0.0186614287272
2.6 0.017344 5.66314490534 0.0181256712022
2.6 0.017886 5.50897501118 0.0174736085934
2.6 0.018428 5.35704112976 0.0169393893274
2.6 0.01897 5.22308357192 0.0164977735363
2.6 0.019512 5.07963521785 0.0159701909955
2.8 0.001084 19.0543491047 0.0673043888578
2.8 0.001626 17.7035899833 0.062679972868
2.8 0.002168 17.1594337872 0.0602757714508
2.8 0.00271 16.6487017667 0.0578514565128
2.8 0.003252 15.5963175024 0.0536699806288
2.8 0.003794 15.0780486851 0.0516563649192
2.8 0.004336 14.4575018236 0.0492591960927
2.8 0.004878 13.8233627771 0.0467578699766
2.8 0.00542 13.3824091639 0.0449885299783
2.8 0.005962 12.8545196906 0.0429095983471
2.8 0.006504 12.2787091052 0.0409902559897
2.8 0.007046 11.9643588161 0.0400646320029
2.8 0.007588 11.6781241042 0.0388775053848
2.8 0.00813 11.2201724198 0.0370783456897
2.8 0.008672 10.9427282999 0.0359134570567
2.8 0.009214 10.5618159912 0.0345868374558
2.8 0.009756 10.2823693209 0.0332104775643
2.8 0.010298 9.90150628664 0.0322865592851
2.8 0.01084 9.68135587179 0.0310369669893
2.8 0.011382 9.36621998092 0.0302123712375
2.8 0.011924 9.10226031052 0.0292164511406
2.8 0.012466 8.76364297002 0.0282627655782
2.8 0.013008 8.49912151808 0.0271982907826
2.8 0.01355 8.28332026271 0.0262708076127
2.8 0.014092 8.07358919968 0.0258023581496
2.8 0.014634 7.85527779596 0.0249000757347
2.8 0.015176 7.66179585325 0.024257275797
2.8 0.015718 7.41869553078 0.0233187754448
2.8 0.01626 7.19579003853 0.0225688349093
2.8 0.016802 7.037314919 0.0221099259029
2.8 0.017344 6.87181678567 0.0214834272213
2.8 0.017886 6.67530522301 0.0206728688724
2.8 0.018428 6.50320287595 0.0200795282148
2.8 0.01897 6.32689095249 0.0195721193059
2.8 0.019512 6.14258116284 0.0190040868023
3.0 0.001084 22.7370629935 0.0796475871563
3.0 0.001626 21.1428892864 0.0743822389474
3.0 0.002168 20.4788459484 0.0716161045679
3.0 0.00271 19.7778389047 0.0682407676482
3.0 0.003252 18.3791286202 0.0626414588917
3.0 0.003794 17.9727652077 0.0610608719038
3.0 0.004336 17.0360718358 0.0575957812073
3.0 0.004878 16.3362008184 0.0548014963302
3.0 0.00542 15.8568277414 0.0529420478818
3.0 0.005962 15.1241897739 0.0500157465825
3.0 0.006504 14.477613525 0.0477876470997
3.0 0.007046 14.2812934059 0.0471451298877
3.0 0.007588 13.7273441926 0.0450100259006
3.0 0.00813 13.2863339488 0.043273601414
3.0 0.008672 12.8760816639 0.0419319752838
3.0 0.009214 12.4853413077 0.0401045251519
3.0 0.009756 12.040618922 0.0386530092919
3.0 0.010298 11.705077587 0.0375279750941
3.0 0.01084 11.3808796391 0.0363311853181
3.0 0.011382 10.996956271 0.034989595237
3.0 0.011924 10.6529036473 0.0337050971945
3.0 0.012466 10.3303512935 0.0326897876363
3.0 0.013008 10.0471934593 0.0316033069491
3.0 0.01355 9.79102113614 0.0306288562837
3.0 0.014092 9.52281035144 0.0297903664971
3.0 0.014634 9.27038961199 0.0288560483893
3.0 0.015176 9.02138660114 0.0280694340734
3.0 0.015718 8.72939835368 0.0269633657506
3.0 0.01626 8.51877936497 0.0263312417708
3.0 0.016802 8.32817808515 0.0256629504844
3.0 0.017344 8.10057806984 0.0248185406733
3.0 0.017886 7.92870016459 0.0241319690254
3.0 0.018428 7.73192144886 0.0234623492756
3.0 0.01897 7.51250342546 0.0227937331541
3.0 0.019512 7.35861699213 0.0221725930912
3.2 0.001084 26.7298922436 0.0940190389567
3.2 0.001626 24.8485231075 0.0873033542887
3.2 0.002168 24.0007360268 0.0843985676529
3.2 0.00271 23.0335965673 0.0791144057474
3.2 0.003252 21.2380705868 0.0721304519269
3.2 0.003794 21.05201498 0.0712487498934
3.2 0.004336 19.7097843325 0.0667328171029
3.2 0.004878 18.9932782564 0.0636771467245
3.2 0.00542 18.441671916 0.0612849319472
3.2 0.005962 17.4624229434 0.0574651519449
3.2 0.006504 16.7503568168 0.0548963121031
3.2 0.007046 16.7163644733 0.0548463536649
3.2 0.007588 15.7781245641 0.0514066142055
3.2 0.00813 15.4151736843 0.0499730768889
3.2 0.008672 14.8138605629 0.0478842242709
3.2 0.009214 14.4601458062 0.0459107194951
3.2 0.009756 13.8266137578 0.0444230408374
3.2 0.010298 13.6382129736 0.0431649858969
3.2 0.01084 13.1300297171 0.0416192974554
3.2 0.011382 12.6579513315 0.0397553842343
3.2 0.011924 12.3609962141 0.038782951372
3.2 0.012466 11.9446305447 0.037599007455
3.2 0.013008 11.6610557323 0.0361380677476
3.2 0.01355 11.3720120079 0.0354146688018
3.2 0.014092 10.976114904 0.0338877152181
3.2 0.014634 10.7592680198 0.0332267029183
3.2 0.015176 10.4307026992 0.031920756275
3.2 0.015718 10.1679917608 0.0312142445065
3.2 0.01626 9.92607034251 0.0302472890196
3.2 0.016802 9.65329785879 0.0291322858864
3.2 0.017344 9.48896375736 0.0285841800505
3.2 0.017886 9.24259965893 0.0277554893621
3.2 0.018428 9.00177393452 0.027021917753
3.2 0.01897 8.81811891057 0.0261480396635
3.2 0.019512 8.56463891514 0.0254954018386
3.4 0.001084 31.3090103399 0.110196555884
3.4 0.001626 29.0830817697 0.102531749458
3.4 0.002168 27.9392846605 0.0985861027038
3.4 0.00271 26.605170325 0.0913871999955
3.4 0.003252 24.7187226082 0.0838995789839
3.4 0.003794 24.309904045 0.0821760759933
3.4 0.004336 22.7870465202 0.0769657324492
3.4 0.004878 21.9443815676 0.0734625551576
3.4 0.00542 21.1640786419 0.070055387153
3.4 0.005962 20.078838619 0.0661446713276
3.4 0.006504 19.395511206 0.0633929517858
3.4 0.007046 19.0750311765 0.0622478939943
3.4 0.007588 18.1774504502 0.0589248732533
3.4 0.00813 17.6731906499 0.0569783651708
3.4 0.008672 17.0571030617 0.0546113840882
3.4 0.009214 16.5356902454 0.0525147634724
3.4 0.009756 15.9719552568 0.0506645067245
3.4 0.010298 15.5864551484 0.04903306919
3.4 0.01084 14.9874100383 0.0471243412519
3.4 0.011382 14.5146052107 0.045388752819
3.4 0.011924 14.1460356631 0.0441779625586
3.4 0.012466 13.7138061025 0.042560662634
3.4 0.013008 13.3993502415 0.0413572546875
3.4 0.01355 12.9897663123 0.0400421755307
3.4 0.014092 12.6173513123 0.0387225541158
3.4 0.014634 12.295530796 0.0375732951544
3.4 0.015176 11.9680751706 0.0364482580177
3.4 0.015718 11.7013603457 0.0355141353593
3.4 0.01626 11.4090781907 0.0342494844797
3.4 0.016802 11.1872885309 0.0333469431595
3.4 0.017344 10.9303630794 0.0324501678076
3.4 0.017886 10.6268300716 0.0314719514241
3.4 0.018428 10.3825641967 0.0305956686774
3.4 0.01897 10.0842819047 0.0296148683272
3.4 0.019512 9.82748943799 0.0289225362554
3.6 0.001084 36.5543502739 0.128798694048
3.6 0.001626 33.9277920734 0.120021827643
3.6 0.002168 32.3707450778 0.114280077297
3.6 0.00271 30.5773458408 0.105027616665
3.6 0.003252 28.627736719 0.0973025239936
3.6 0.003794 27.8244811093 0.094444934457
3.6 0.004336 26.1699389063 0.0886396659298
3.6 0.004878 25.1940073214 0.0843111550104
3.6 0.00542 24.0955622722 0.0799205612759
3.6 0.005962 22.8750417492 0.0756009930421
3.6 0.006504 22.3029363285 0.0731905242346
3.6 0.007046 21.5846059241 0.0703750212046
3.6 0.007588 20.7261905506 0.0670746617341
3.6 0.00813 20.0561961019 0.0647131516281
3.6 0.008672 19.4729276004 0.0623577158525
3.6 0.009214 18.7625968964 0.0596389118883
3.6 0.009756 18.2404445235 0.057436469517
3.6 0.010298 17.6784875669 0.0556636024413
3.6 0.01084 16.9063936118 0.0529298156132
3.6 0.011382 16.5927244061 0.0516477664548
3.6 0.011924 15.995682355 0.0498220443965
3.6 0.012466 15.6498787045 0.0479325226534
3.6 0.013008 15.2843521677 0.0473167338666
3.6 0.01355 14.7081107412 0.0447941785403
3.6 0.014092 14.3727266625 0.0440110243268
3.6 0.014634 13.9637972134 0.0424138513271
3.6 0.015176 13.6667051714 0.0413663503151
3.6 0.015718 13.3730967889 0.040148355992
3.6 0.01626 13.0331806959 0.0387299923105
3.6 0.016802 12.7807703998 0.0377652817813
3.6 0.017344 12.4263429267 0.0366737659161
3.6 0.017886 12.1312512926 0.0356826834446
3.6 0.018428 11.8237032925 0.0345721307795
3.6 0.01897 11.4993264648 0.0335238130959
3.6 0.019512 11.2085544082 0.0326250980444
3.8 0.001084 42.3464743262 0.15054856354
3.8 0.001626 39.2202878619 0.140281611862
3.8 0.002168 37.1432252217 0.132099746207
3.8 0.00271 34.9326694456 0.120703418766
3.8 0.003252 32.9987263019 0.112798589491
3.8 0.003794 31.7405423344 0.108365560184
3.8 0.004336 30.0243223149 0.102059093129
3.8 0.004878 28.8221585318 0.0966653576583
3.8 0.00542 27.3978476013 0.0914207845531
3.8 0.005962 26.0328320392 0.0865083393179
3.8 0.006504 25.5755050761 0.0844205431067
3.8 0.007046 24.3724425893 0.0795596047895
3.8 0.007588 23.6440734115 0.076492051174
3.8 0.00813 22.7702168823 0.0736896237997
3.8 0.008672 22.1909792292 0.071206812695
3.8 0.009214 21.3150660459 0.0675472833215
3.8 0.009756 20.7185189508 0.0653524047461
3.8 0.010298 19.9925942041 0.0630825762023
3.8 0.01084 19.1736028486 0.0598482298101
3.8 0.011382 18.8057885954 0.058430168697
3.8 0.011924 18.1791053038 0.0562607442713
3.8 0.012466 17.8006291686 0.0547847384368
3.8 0.013008 17.29987943 0.0529594014663
3.8 0.01355 16.7670703134 0.0510440741588
3.8 0.014092 16.3108371128 0.049492783741
3.8 0.014634 15.9398357342 0.0480671046015
3.8 0.015176 15.6235322751 0.0467019908167
3.8 0.015718 15.1697444953 0.0450239504679
3.8 0.01626 14.8363712851 0.043619721077
3.8 0.016802 14.4877037473 0.0428689306824
3.8 0.017344 14.1096662073 0.0413842069473
3.8 0.017886 13.8294801965 0.0405084413711
3.8 0.018428 13.3370432579 0.0386145152315
3.8 0.01897 13.1140590654 0.0379609147774
3.8 0.019512 12.7389344968 0.0366669341829
4.0 0.001084 49.4583761852 0.175814508335
4.0 0.001626 45.7064047198 0.163738764917
4.0 0.002168 43.0131087945 0.152858538917
4.0 0.00271 40.3122087139 0.139524489378
4.0 0.003252 38.2590771414 0.13094166734
4.0 0.003794 36.439577537 0.124666052148
4.0 0.004336 34.621585626 0.117928237262
4.0 0.004878 33.0499530898 0.111078752137
4.0 0.00542 31.3044136 0.105142578389
4.0 0.005962 29.7118299962 0.098975724498
4.0 0.006504 29.4118085522 0.0974638324783
4.0 0.007046 27.6812377418 0.0905303359709
4.0 0.007588 26.9665874149 0.0874077640011
4.0 0.00813 25.9834833616 0.0843228503988
4.0 0.008672 25.2220382142 0.0811036815348
4.0 0.009214 24.3276642727 0.0772673838996
4.0 0.009756 23.5544495462 0.0746016868693
4.0 0.010298 22.5735286487 0.071125382381
4.0 0.01084 21.9736295094 0.0684496740864
4.0 0.011382 21.2763268079 0.0661125716378
4.0 0.011924 20.7397467544 0.0640196560732
4.0 0.012466 20.3257500735 0.0625465277764
4.0 0.013008 19.6388629019 0.0596582751027
4.0 0.01355 19.0582775514 0.0580440184725
4.0 0.014092 18.5841125616 0.0558846136746
4.0 0.014634 18.1872144189 0.0545112836546
4.0 0.015176 17.7542678875 0.0527067079205
4.0 0.015718 17.2631908999 0.0507600308994
4.0 0.01626 16.8956303887 0.0496727029861
4.0 0.016802 16.482295993 0.0484455787794
4.0 0.017344 16.1004893842 0.0469687366725
4.0 0.017886 15.5679643044 0.045090739175
4.0 0.018428 15.2529149994 0.0441079055613
4.0 0.01897 14.8654616715 0.0427857538677
4.0 0.019512 14.4238234477 0.0414005872637
4.2 0.001084 57.1884123241 0.205558231574
4.2 0.001626 52.7332142684 0.191304991392
4.2 0.002168 49.4086359717 0.177418357752
4.2 0.00271 46.1720299609 0.161616107368
4.2 0.003252 44.0443158035 0.152344756774
4.2 0.003794 41.6899894297 0.144046425829
4.2 0.004336 39.7901941834 0.136633667224
4.2 0.004878 37.7668694159 0.127703601521
4.2 0.00542 35.7331301997 0.121185799075
4.2 0.005962 34.1066398189 0.114309243179
4.2 0.006504 33.3689949018 0.111127899024
4.2 0.007046 31.6322198237 0.103958823257
4.2 0.007588 30.6396881467 0.100292505091
4.2 0.00813 29.6312081162 0.0969956378135
4.2 0.008672 28.7297027844 0.0926521253003
4.2 0.009214 27.608324409 0.0881781146436
4.2 0.009756 26.8460154239 0.0853140754621
4.2 0.010298 25.450900094 0.0806101573771
4.2 0.01084 25.1297400366 0.0782311322925
4.2 0.011382 24.1312525323 0.0751840768202
4.2 0.011924 23.6809684087 0.0733857269033
4.2 0.012466 23.0902540882 0.0707430795167
4.2 0.013008 22.3246181819 0.0681188449769
4.2 0.01355 21.6779556252 0.0658189826627
4.2 0.014092 21.1725813799 0.0638546516466
4.2 0.014634 20.6944311686 0.0619336035815
4.2 0.015176 20.1120573603 0.0596877446945
4.2 0.015718 19.6152012556 0.0573512862198
4.2 0.01626 19.1865606267 0.0567232601737
4.2 0.016802 18.7302106368 0.054805364838
4.2 0.017344 18.2067928427 0.0528992840105
4.2 0.017886 17.6872593256 0.0512951194136
4.2 0.018428 17.3272668708 0.049970548782
4.2 0.01897 16.8021452252 0.0481887699781
4.2 0.019512 16.5106189269 0.0469403202083
4.4 0.001084 66.3950313514 0.240502370988
4.4 0.001626 61.0690394414 0.223443704747
4.4 0.002168 57.0185552422 0.205970417084
4.4 0.00271 53.1410810269 0.18736081807
4.4 0.003252 50.859994027 0.177188158505
4.4 0.003794 47.8292345451 0.166669278546
4.4 0.004336 45.8426241724 0.158551252209
4.4 0.004878 43.2428242356 0.147435932951
4.4 0.00542 40.8810811893 0.139602211871
4.4 0.005962 39.3376324569 0.132763212588
4.4 0.006504 37.9426529301 0.126839812724
4.4 0.007046 36.246488409 0.119642189975
4.4 0.007588 34.9765408111 0.115607079536
4.4 0.00813 33.9548231333 0.111506118244
4.4 0.008672 32.8715571323 0.10594279921
4.4 0.009214 31.460398819 0.100729798155
4.4 0.009756 30.5794832556 0.0974490969922
4.4 0.010298 29.234588403 0.0925748580883
4.4 0.01084 28.5274079463 0.0892742707368
4.4 0.011382 27.6620235173 0.0867486770336
4.4 0.011924 27.0833958214 0.0838293849395
4.4 0.012466 26.337519945 0.0806957518557
4.4 0.013008 25.3509018041 0.0776633339403
4.4 0.01355 24.7526155158 0.0750648856762
4.4 0.014092 24.1735859685 0.0728214364805
4.4 0.014634 23.5733228821 0.0704155445448
4.4 0.015176 22.9259822482 0.0678228160805
4.4 0.015718 22.3556823711 0.0659950954156
4.4 0.01626 21.8379830935 0.0642211960764
4.4 0.016802 21.2844414282 0.0620564022193
4.4 0.017344 20.6102730136 0.0598668832448
4.4 0.017886 20.2047944022 0.0584588738306
4.4 0.018428 19.7061942533 0.0564580321577
4.4 0.01897 19.1583577127 0.0546746904516
4.4 0.019512 18.8653187367 0.0534742959303
4.6 0.001084 76.5845847912 0.280664646775
4.6 0.001626 70.2899216054 0.260078783564
4.6 0.002168 65.465701313 0.238720785915
4.6 0.00271 60.9614589065 0.216650424377
4.6 0.003252 58.5046461477 0.205355898198
4.6 0.003794 54.7042136975 0.192323261686
4.6 0.004336 52.5740478076 0.182757094048
4.6 0.004878 49.41441477 0.170076796976
4.6 0.00542 46.7412357756 0.160575247344
4.6 0.005962 45.2308840589 0.153677542213
4.6 0.006504 43.1040886915 0.144608962959
4.6 0.007046 41.4894659287 0.137352958548
4.6 0.007588 39.9280049525 0.13277207879
4.6 0.00813 38.8891492842 0.127595292934
4.6 0.008672 37.4295364834 0.121036047334
4.6 0.009214 36.0680112137 0.115805575877
4.6 0.009756 34.6322527957 0.111058515396
4.6 0.010298 33.5870342143 0.105908320897
4.6 0.01084 32.4044399641 0.102304193287
4.6 0.011382 31.5812943422 0.099642648087
4.6 0.011924 30.8685671186 0.0954528851965
4.6 0.012466 29.9278492309 0.0921040652257
4.6 0.013008 28.9045313517 0.0885940280288
4.6 0.01355 28.2319770916 0.0856099007007
4.6 0.014092 27.5423380348 0.0828580433509
4.6 0.014634 26.8408581718 0.0800868343828
4.6 0.015176 26.0638545221 0.0771641502516
4.6 0.015718 25.4471318162 0.0752296465211
4.6 0.01626 24.8246373569 0.0725935820082
4.6 0.016802 24.140945398 0.0703159517296
4.6 0.017344 23.5156606687 0.0681832041285
4.6 0.017886 23.0193239807 0.0660684022357
4.6 0.018428 22.2911463387 0.0639713611172
4.6 0.01897 21.9581689865 0.0621417024933
4.6 0.019512 21.3781827656 0.0604360239006
