2.2 0.001084 33.5667146766 0.115084717708
2.2 0.001626 31.0266848044 0.106937743742
2.2 0.002168 29.5372522629 0.10124802309
2.2 0.00271 28.6251950096 0.0972375951562
2.2 0.003252 27.3697265083 0.0921197971146
2.2 0.003794 25.7505735015 0.0858764015039
2.2 0.004336 24.8547437781 0.0828431647245
2.2 0.004878 23.8158646389 0.0789020324609
2.2 0.00542 22.7186713001 0.0744046791446
2.2 0.005962 21.8631540264 0.0718552306834
2.2 0.006504 20.9571514399 0.0686671878363
2.2 0.007046 20.0039500672 0.0652783971657
2.2 0.007588 19.1535311874 0.0624094606144
2.2 0.00813 18.4152539796 0.0600053430011
2.2 0.008672 17.7435359457 0.0577561009552
2.2 0.009214 17.3019379105 0.0559045199987
2.2 0.009756 16.5496718394 0.0533145661873
2.2 0.010298 16.143612408 0.0517128169017
2.2 0.01084 15.4710727247 0.0494456260496
2.2 0.011382 14.9416235278 0.0475985151848
2.2 0.011924 14.483332469 0.045966975146
2.2 0.012466 14.058112987 0.0445538983345
2.2 0.013008 13.5845565574 0.043081903868
2.2 0.01355 13.0336970229 0.0412520485669
2.2 0.014092 12.7529367826 0.0400507725561
2.2 0.014634 12.2694663988 0.0384884805609
2.2 0.015176 11.8866916572 0.0374077509535
2.2 0.015718 11.5379025567 0.0361000401044
2.2 0.01626 11.1782437406 0.0348084735628
2.2 0.016802 10.9193295463 0.0339960632378
2.2 0.017344 10.6189304216 0.0330143314255
2.2 0.017886 10.2386290279 0.0316538613169
2.2 0.018428 9.96749979239 0.0306950653008
2.2 0.01897 9.70285863762 0.0298764662369
2.2 0.019512 9.41833182107 0.0288710677914
2.4 0.001084 44.7255364867 0.151654028555
2.4 0.001626 41.2443758129 0.141602696672
2.4 0.002168 39.3493945577 0.134264300738
2.4 0.00271 37.9306700019 0.127919057765
2.4 0.003252 35.9351928798 0.119852250464
2.4 0.003794 34.0232094482 0.112519285521
2.4 0.004336 32.7856964198 0.108183487977
2.4 0.004878 31.2070784669 0.102536121896
2.4 0.00542 29.8278488454 0.0971462352573
2.4 0.005962 28.7707872731 0.0938259323847
2.4 0.006504 27.4214254891 0.0891802609414
2.4 0.007046 26.0745568061 0.0843493730912
2.4 0.007588 25.1992950154 0.0815017115812
2.4 0.00813 24.168206358 0.0778098731217
2.4 0.008672 23.4478201563 0.0751328444573
2.4 0.009214 22.6288697645 0.0722316157859
2.4 0.009756 21.7418552711 0.0688811337231
2.4 0.010298 21.0570737984 0.0663502579551
2.4 0.01084 20.1864115775 0.0638553554201
2.4 0.011382 19.6473730664 0.0614896351198
2.4 0.011924 18.9647916572 0.0593092940169
2.4 0.012466 18.4104032032 0.057495866666
2.4 0.013008 17.7016466718 0.054956230801
2.4 0.01355 17.1940829363 0.0532157647435
2.4 0.014092 16.6143631826 0.0511343082547
2.4 0.014634 16.0510422994 0.0494490732827
2.4 0.015176 15.5781274861 0.0478443193204
2.4 0.015718 15.1551865228 0.0462140775623
2.4 0.01626 14.7462121261 0.0448632601585
2.4 0.016802 14.3369266725 0.0435477204816
2.4 0.017344 13.8582805961 0.0421148583885
2.4 0.017886 13.4495172974 0.0406017050062
2.4 0.018428 13.1338688281 0.0393050811365
2.4 0.01897 12.7411863337 0.0380881042693
2.4 0.019512 12.4030857977 0.0369052978699
2.6 0.001084 58.2569520486 0.19708412827
2.6 0.001626 53.6225576654 0.183695462051
2.6 0.002168 51.0928109465 0.174285489701
2.6 0.00271 49.0076914944 0.164787933068
2.6 0.003252 46.1840721809 0.153316871733
2.6 0.003794 44.0919026694 0.145377875729
2.6 0.004336 42.2686590792 0.138876136397
2.6 0.004878 40.0614755747 0.130781594544
2.6 0.00542 38.3236784021 0.124260782598
2.6 0.005962 36.750922936 0.119160468442
2.6 0.006504 34.8573439423 0.112684730923
2.6 0.007046 33.2441384254 0.106821116015
2.6 0.007588 32.4238676435 0.104639510345
2.6 0.00813 30.7836490571 0.0984408687019
2.6 0.008672 30.1807888842 0.0959256782763
2.6 0.009214 28.7805684121 0.0909725148462
2.6 0.009756 27.9882952168 0.0871944452699
2.6 0.010298 26.7680628698 0.0837243301413
2.6 0.01084 26.0195019199 0.0806306251352
2.6 0.011382 25.199321655 0.0777510746136
2.6 0.011924 24.3528831985 0.075118427538
2.6 0.012466 23.5392125626 0.0722186036884
2.6 0.013008 22.6982068013 0.0692732145508
2.6 0.01355 21.9733005921 0.0668578791032
2.6 0.014092 21.249607322 0.064480833053
2.6 0.014634 20.5669499646 0.0624149130547
2.6 0.015176 20.0371062846 0.0601355441897
2.6 0.015718 19.5528911287 0.0584372066434
2.6 0.01626 18.934213837 0.0567649091152
2.6 0.016802 18.2846456564 0.054403654508
2.6 0.017344 17.8250126861 0.0527504942326
2.6 0.017886 17.3345194095 0.0508798814504
2.6 0.018428 16.8543101247 0.0494696207423
2.6 0.01897 16.4058149187 0.0479291362175
2.6 0.019512 15.8387235557 0.0461409629764
2.8 0.001084 74.375623846 0.254056850313
2.8 0.001626 68.5187654059 0.236366045212
2.8 0.002168 65.1055589231 0.223851868927
2.8 0.00271 62.1546962417 0.209783026102
2.8 0.003252 58.2388267715 0.194063150835
2.8 0.003794 56.0743631849 0.185941325118
2.8 0.004336 53.3348814481 0.176171062112
2.8 0.004878 50.5038576881 0.165272244632
2.8 0.00542 48.3933778166 0.157698145999
2.8 0.005962 46.1028187463 0.150143018143
2.8 0.006504 43.6685777525 0.141225049025
2.8 0.007046 42.0968169192 0.135763465198
2.8 0.007588 40.7584029097 0.131568841608
2.8 0.00813 39.0487947043 0.12468323723
2.8 0.008672 37.9123939889 0.120232572371
2.8 0.009214 36.2663265435 0.114187224714
2.8 0.009756 35.2335360781 0.109461403715
2.8 0.010298 33.5357976489 0.104933940225
2.8 0.01084 32.8938170805 0.101117167901
2.8 0.011382 31.5569507611 0.0975365926773
2.8 0.011924 30.6599370299 0.0936111023802
2.8 0.012466 29.5563983888 0.0895057348636
2.8 0.013008 28.7141271188 0.0870347223052
2.8 0.01355 27.8516220644 0.0832958273618
2.8 0.014092 26.9301815896 0.0803773300657
2.8 0.014634 26.0829041187 0.0773295411595
2.8 0.015176 25.3759673441 0.0752766966102
2.8 0.015718 24.6476567602 0.0728376242186
2.8 0.01626 23.8197616103 0.0698368341974
2.8 0.016802 23.1687404737 0.0677241424219
2.8 0.017344 22.553758088 0.0657776486681
2.8 0.017886 21.9219724878 0.063560237344
2.8 0.018428 21.3704922392 0.0614984411438
2.8 0.01897 20.7009599982 0.0593869754802
2.8 0.019512 20.0240849419 0.0573470256973
3.0 0.001084 93.6324248855 0.325931058263
3.0 0.001626 86.2981645462 0.302324396657
3.0 0.002168 81.8080633413 0.286617888698
3.0 0.00271 77.833055862 0.265910430884
3.0 0.003252 72.5717251091 0.244661618015
3.0 0.003794 70.424746523 0.23680288731
3.0 0.004336 66.3374731441 0.222078065627
3.0 0.004878 63.0693239001 0.20879063925
3.0 0.00542 60.3960445575 0.199742520762
3.0 0.005962 57.2156232182 0.187904012342
3.0 0.006504 54.2756588935 0.175911759441
3.0 0.007046 52.8793613276 0.171929296247
3.0 0.007588 50.5721072431 0.163366627401
3.0 0.00813 48.862013349 0.156385161732
3.0 0.008672 46.9467296395 0.149470661341
3.0 0.009214 45.5142364154 0.143113574163
3.0 0.009756 43.6733391585 0.137030190368
3.0 0.010298 42.1630786734 0.131591300795
3.0 0.01084 40.8551749049 0.126431246018
3.0 0.011382 39.3816709836 0.120848513473
3.0 0.011924 38.1617754215 0.115917250245
3.0 0.012466 37.0415312842 0.112390633754
3.0 0.013008 36.0032475334 0.108396014657
3.0 0.01355 34.8745982816 0.1035378469
3.0 0.014092 33.6575065845 0.0996170351686
3.0 0.014634 32.6552658718 0.0964544231897
3.0 0.015176 31.7990360335 0.0938108550299
3.0 0.015718 30.7725677241 0.0900654707521
3.0 0.01626 29.729123504 0.0865839811338
3.0 0.016802 28.9775090424 0.0843920865497
3.0 0.017344 28.1892196394 0.0819512612967
3.0 0.017886 27.5447014241 0.0792004858515
3.0 0.018428 26.7822161677 0.0763405725627
3.0 0.01897 25.8550778227 0.0736389676065
3.0 0.019512 25.3284524088 0.0713173646293
3.2 0.001084 117.210897028 0.419553254443
3.2 0.001626 108.073988889 0.388270154202
3.2 0.002168 101.967034466 0.366991639366
3.2 0.00271 96.9194617092 0.337148121101
3.2 0.003252 90.118911165 0.310197110808
3.2 0.003794 88.1621440226 0.302498965273
3.2 0.004336 82.2943948351 0.281034608183
3.2 0.004878 78.8198827257 0.266356060015
3.2 0.00542 75.1301380475 0.25328632865
3.2 0.005962 70.9384712696 0.236459931244
3.2 0.006504 67.2500951151 0.220855154025
3.2 0.007046 66.1704027084 0.218663995959
3.2 0.007588 62.507480312 0.203791273903
3.2 0.00813 61.106577477 0.197669016763
3.2 0.008672 58.0255297176 0.186110181004
3.2 0.009214 57.1255740831 0.181151185871
3.2 0.009756 54.0182012004 0.171032523996
3.2 0.010298 52.679770822 0.165200948449
3.2 0.01084 50.6666964023 0.158034255907
3.2 0.011382 48.9492772138 0.150156781608
3.2 0.011924 47.6795431184 0.145828036559
3.2 0.012466 46.3278608067 0.141844121396
3.2 0.013008 45.1939635795 0.135098182353
3.2 0.01355 43.4226748098 0.1296242781
3.2 0.014092 42.0198320612 0.124598548981
3.2 0.014634 40.9437821683 0.121410240153
3.2 0.015176 39.7478248902 0.11668072019
3.2 0.015718 38.2174128042 0.112337340479
3.2 0.01626 37.1628061663 0.108384801832
3.2 0.016802 36.2009633904 0.105776599188
3.2 0.017344 35.5175482816 0.102463698704
3.2 0.017886 34.5152905339 0.0986618559454
3.2 0.018428 33.2283230327 0.0946310101834
3.2 0.01897 32.5134472861 0.0913842192778
3.2 0.019512 31.9202164438 0.0898948017624
3.4 0.001084 147.324938747 0.541858355811
3.4 0.001626 135.791072632 0.502342364303
3.4 0.002168 127.431763294 0.470265944779
3.4 0.00271 120.934085251 0.431060877041
3.4 0.003252 113.3514133 0.400093730315
3.4 0.003794 110.105637329 0.386620814354
3.4 0.004336 103.107124457 0.359571282284
3.4 0.004878 98.8124225925 0.341491198254
3.4 0.00542 93.6440697228 0.321216226689
3.4 0.005962 88.4192117629 0.300157242052
3.4 0.006504 84.5432922661 0.284218197118
3.4 0.007046 82.2083087432 0.275611004669
3.4 0.007588 78.4721640956 0.259488512624
3.4 0.00813 76.0984852777 0.249088241605
3.4 0.008672 73.0553954605 0.236897988022
3.4 0.009214 71.1590587813 0.228982771243
3.4 0.009756 67.9979264772 0.217030639372
3.4 0.010298 65.7333607725 0.208665003687
3.4 0.01084 63.2927638372 0.198865905454
3.4 0.011382 61.3325237454 0.19076454725
3.4 0.011924 59.774932176 0.185319692233
3.4 0.012466 58.221131129 0.178137807777
3.4 0.013008 56.4416010845 0.170487152553
3.4 0.01355 54.4379372201 0.163779034902
3.4 0.014092 52.8191971603 0.158096886712
3.4 0.014634 51.2746165633 0.152371984709
3.4 0.015176 49.61256722 0.146643310752
3.4 0.015718 48.1175490355 0.141683031641
3.4 0.01626 46.8154636049 0.137397735381
3.4 0.016802 45.8450212927 0.132977383811
3.4 0.017344 44.6551198989 0.128244534823
3.4 0.017886 43.0454194131 0.12281875235
3.4 0.018428 41.9994227804 0.118904155398
3.4 0.01897 41.0414915986 0.115666319446
3.4 0.019512 40.0672895155 0.11244215463
3.6 0.001084 185.780927609 0.704216193696
3.6 0.001626 171.200386456 0.652600316302
3.6 0.002168 160.094156978 0.60520911261
3.6 0.00271 151.65776678 0.555117683393
3.6 0.003252 143.286977973 0.51952280219
3.6 0.003794 137.975356574 0.497511016935
3.6 0.004336 129.886465863 0.463872754084
3.6 0.004878 124.227626701 0.439246659808
3.6 0.00542 117.246161628 0.410738341481
3.6 0.005962 110.763774267 0.384696746748
3.6 0.006504 106.720907242 0.367996658984
3.6 0.007046 102.619648296 0.350316456216
3.6 0.007588 98.9798280376 0.332659353393
3.6 0.00813 95.1783427463 0.316982037816
3.6 0.008672 92.6176818129 0.306286231799
3.6 0.009214 89.2018247236 0.291852565407
3.6 0.009756 85.554396855 0.278570242891
3.6 0.010298 82.5266110922 0.266365818773
3.6 0.01084 79.2424620703 0.252756690473
3.6 0.011382 77.4651244772 0.244846329986
3.6 0.011924 75.192768061 0.236395186098
3.6 0.012466 73.6864422464 0.226451492759
3.6 0.013008 70.9494570735 0.21794942208
3.6 0.01355 68.7291169467 0.208105888227
3.6 0.014092 66.5753607526 0.200946782103
3.6 0.014634 64.6454728781 0.193087642456
3.6 0.015176 62.7857571751 0.186736743281
3.6 0.015718 60.922436487 0.180236173953
3.6 0.01626 59.3127166833 0.174206963683
3.6 0.016802 57.9267432788 0.167978563498
3.6 0.017344 56.0635283065 0.161429166468
3.6 0.017886 54.4401433611 0.155442599606
3.6 0.018428 53.2466882894 0.151194279481
3.6 0.01897 51.8026088855 0.146206746605
3.6 0.019512 50.6668097854 0.142056675371
3.8 0.001084 233.701343237 0.921891570377
3.8 0.001626 215.340883013 0.853011016582
3.8 0.002168 200.968636449 0.784552586601
3.8 0.00271 190.585285076 0.7222821586
3.8 0.003252 181.548887678 0.680127239034
3.8 0.003794 173.832894261 0.645493821297
3.8 0.004336 164.779960986 0.604356227122
3.8 0.004878 157.134272376 0.569873482584
3.8 0.00542 147.877135608 0.531839691684
3.8 0.005962 140.090989407 0.499109531078
3.8 0.006504 135.429400679 0.480372086691
3.8 0.007046 129.148092734 0.450135722195
3.8 0.007588 125.784539423 0.431913929113
3.8 0.00813 120.091146987 0.409366058841
3.8 0.008672 118.197826744 0.39967094346
3.8 0.009214 112.830810785 0.376848679421
3.8 0.009756 108.283772964 0.360259348318
3.8 0.010298 104.653101509 0.344273972879
3.8 0.01084 100.698941822 0.326708548856
3.8 0.011382 98.4214186518 0.315809240389
3.8 0.011924 95.7614318594 0.304118771929
3.8 0.012466 93.3178090812 0.292578516246
3.8 0.013008 90.2796264184 0.280195546119
3.8 0.01355 87.4187040427 0.268387244385
3.8 0.014092 84.7102973854 0.257744974267
3.8 0.014634 82.3910040815 0.24913707656
3.8 0.015176 79.8971580627 0.23969593652
3.8 0.015718 77.5849361563 0.23126768642
3.8 0.01626 75.468310876 0.222602998687
3.8 0.016802 73.58096512 0.215724143219
3.8 0.017344 71.1505990504 0.205838069434
3.8 0.017886 70.0536892599 0.201514410197
3.8 0.018428 67.464070004 0.1925149373
3.8 0.01897 66.2276238923 0.188129217509
3.8 0.019512 64.5268609641 0.180034709193
4.0 0.001084 297.979358847 1.21809458787
4.0 0.001626 274.71613036 1.12534603945
4.0 0.002168 256.184828383 1.02942629369
4.0 0.00271 243.008919625 0.95122533922
4.0 0.003252 232.353039871 0.899367235379
4.0 0.003794 221.158054256 0.846539109413
4.0 0.004336 210.873007302 0.79686237506
4.0 0.004878 200.365152731 0.747268652094
4.0 0.00542 188.154625797 0.695958216196
4.0 0.005962 179.304936074 0.655366448812
4.0 0.006504 173.318834426 0.633855650726
4.0 0.007046 164.737049534 0.588354538622
4.0 0.007588 160.703991851 0.567246936113
4.0 0.00813 154.359278583 0.539767034771
4.0 0.008672 150.766356265 0.522445911538
4.0 0.009214 144.207563808 0.494852416755
4.0 0.009756 138.921961115 0.472252204541
4.0 0.010298 133.779335565 0.449254401392
4.0 0.01084 129.748566042 0.428106853397
4.0 0.011382 125.930358032 0.411641344077
4.0 0.011924 123.074169882 0.397897578443
4.0 0.012466 119.247933283 0.381375356452
4.0 0.013008 115.937860565 0.365422431937
4.0 0.01355 112.032314171 0.350340819369
4.0 0.014092 108.827991448 0.337173186478
4.0 0.014634 105.646701128 0.324969401156
4.0 0.015176 102.55014206 0.311385827815
4.0 0.015718 99.7004038325 0.299762194277
4.0 0.01626 97.2281495507 0.29045582457
4.0 0.016802 94.6548254061 0.280228178711
4.0 0.017344 92.6302061145 0.271242643688
4.0 0.017886 89.5618449714 0.260286512724
4.0 0.018428 87.3237569546 0.252242219534
4.0 0.01897 85.4292091239 0.241765191444
4.0 0.019512 82.672653422 0.232152414367
4.2 0.001084 378.746155327 1.626631618
4.2 0.001626 349.632541934 1.49910175909
4.2 0.002168 326.452238914 1.36746372819
4.2 0.00271 310.197253853 1.26851883991
4.2 0.003252 297.923780427 1.20287982332
4.2 0.003794 282.571171384 1.12278181909
4.2 0.004336 271.182765888 1.06453750748
4.2 0.004878 256.771044278 0.990117588041
4.2 0.00542 240.829428155 0.920600986771
4.2 0.005962 231.461875832 0.876525615512
4.2 0.006504 222.148757225 0.837911308448
4.2 0.007046 212.988457974 0.786358091651
4.2 0.007588 206.469330339 0.752464009921
4.2 0.00813 200.327693089 0.721212725336
4.2 0.008672 194.213678619 0.693780112377
4.2 0.009214 185.773282789 0.654360531591
4.2 0.009756 179.94578088 0.629902433124
4.2 0.010298 172.408533333 0.593267793871
4.2 0.01084 168.229984015 0.567535776102
4.2 0.011382 162.905770077 0.545931842882
4.2 0.011924 159.1127928 0.527562503493
4.2 0.012466 154.41629979 0.504395863166
4.2 0.013008 149.944350321 0.484128661237
4.2 0.01355 145.298456758 0.464290201344
4.2 0.014092 140.942757028 0.447142443663
4.2 0.014634 137.033249015 0.429497347607
4.2 0.015176 133.133795442 0.409604886786
4.2 0.015718 129.675144034 0.395600657006
4.2 0.01626 126.748249988 0.385536511798
4.2 0.016802 123.613171031 0.37130455647
4.2 0.017344 120.679519823 0.358983170936
4.2 0.017886 116.71071399 0.343774935863
4.2 0.018428 114.029155828 0.331395654186
4.2 0.01897 111.012806505 0.318321383695
4.2 0.019512 108.507769207 0.309075106743
4.4 0.001084 485.193888577 2.19838021251
4.4 0.001626 448.72370138 2.01786274112
4.4 0.002168 420.351069081 1.84328031218
4.4 0.00271 399.840289146 1.71678458687
4.4 0.003252 385.208209103 1.63138407482
4.4 0.003794 363.808345573 1.50971095151
4.4 0.004336 351.930534092 1.44535482095
4.4 0.004878 331.587236477 1.33150699118
4.4 0.00542 312.507285803 1.24233228954
4.4 0.005962 301.539774858 1.19141884667
4.4 0.006504 288.205485549 1.12653509386
4.4 0.007046 278.419233401 1.06837543726
4.4 0.007588 268.772625988 1.01452021595
4.4 0.00813 262.792383615 0.977630176611
4.4 0.008672 253.485080509 0.936989156209
4.4 0.009214 242.634801781 0.879823273913
4.4 0.009756 235.152158153 0.849950631203
4.4 0.010298 226.38293799 0.799938489158
4.4 0.01084 219.846606876 0.765558119374
4.4 0.011382 213.931165505 0.739156264271
4.4 0.011924 208.023915666 0.709153974155
4.4 0.012466 202.558134742 0.681277786783
4.4 0.013008 196.341563379 0.652509810494
4.4 0.01355 190.344378904 0.625349083986
4.4 0.014092 185.039455633 0.601910935066
4.4 0.014634 180.493920731 0.576974398646
4.4 0.015176 175.654906622 0.552276948252
4.4 0.015718 171.612282764 0.536374918365
4.4 0.01626 167.61938443 0.518846762782
4.4 0.016802 163.92167457 0.501155981361
4.4 0.017344 158.442527399 0.479593766051
4.4 0.017886 154.294167382 0.460012556001
4.4 0.018428 150.35498287 0.444833846282
4.4 0.01897 146.950613546 0.428406388607
4.4 0.019512 143.467859603 0.414954265258
4.6 0.001084 622.965799477 3.00626363819
4.6 0.001626 577.5031946 2.74977011402
4.6 0.002168 543.503829317 2.52529218623
4.6 0.00271 518.163887384 2.36009326343
4.6 0.003252 501.004872027 2.24706313921
4.6 0.003794 471.648958868 2.06381523048
4.6 0.004336 458.44914136 1.97985097106
4.6 0.004878 431.373759228 1.82205962805
4.6 0.00542 409.842912567 1.71290143506
4.6 0.005962 395.683768803 1.64362863324
4.6 0.006504 377.612672379 1.54055156293
4.6 0.007046 367.517713791 1.47619728525
4.6 0.007588 353.935684439 1.39490787425
4.6 0.00813 346.700169714 1.34425416753
4.6 0.008672 333.869752754 1.28005502556
4.6 0.009214 321.311231765 1.2171453702
4.6 0.009756 310.378022109 1.16247831057
4.6 0.010298 299.780268394 1.09642416301
4.6 0.01084 290.905692974 1.05548315749
4.6 0.011382 283.4851615 1.01848162067
4.6 0.011924 275.012340041 0.972797832513
4.6 0.012466 268.037862549 0.936807898125
4.6 0.013008 259.898898488 0.896573807617
4.6 0.01355 252.216397013 0.858024582869
4.6 0.014092 246.674111844 0.825361881905
4.6 0.014634 240.474567086 0.789390322449
4.6 0.015176 234.974729891 0.764212983346
4.6 0.015718 229.656392847 0.73774420864
4.6 0.01626 224.37951026 0.711744698973
4.6 0.016802 218.296519719 0.683922599139
4.6 0.017344 211.807826981 0.653786182775
4.6 0.017886 205.734878536 0.630722065089
4.6 0.018428 201.608956927 0.609814083261
4.6 0.01897 196.645541596 0.588989904387
4.6 0.019512 192.526459941 0.56871435988
